evaluation_version,factor_key,factor_label,factor_description,higher_is_better,group_name,group_value,horizon,horizon_label,quantile,sample_count,valid_count,avg_return,median_return,win_rate,status,top_bottom_spread
v4,avg_turnover_20d,20日平均売買代金,流動性の代理指標,True,全体,全体,10d,10営業日,1,20,20,0.01760431653569667,0.07151961807779159,0.6,サンプル不足,-0.029224389227058795
v4,avg_turnover_20d,20日平均売買代金,流動性の代理指標,True,全体,全体,10d,10営業日,2,20,20,0.040480117637054204,0.02944178601691024,0.6,サンプル不足,-0.029224389227058795
v4,avg_turnover_20d,20日平均売買代金,流動性の代理指標,True,全体,全体,10d,10営業日,3,20,20,0.00991256272435494,-0.030469032959072773,0.3,サンプル不足,-0.029224389227058795
v4,avg_turnover_20d,20日平均売買代金,流動性の代理指標,True,全体,全体,10d,10営業日,4,20,20,-0.005610152635745358,-0.003946009040405207,0.45,サンプル不足,-0.029224389227058795
v4,avg_turnover_20d,20日平均売買代金,流動性の代理指標,True,全体,全体,10d,10営業日,5,20,20,-0.011620072691362126,-0.013827579647436639,0.45,サンプル不足,-0.029224389227058795
v4,avg_turnover_20d,20日平均売買代金,流動性の代理指標,True,全体,全体,1d,1営業日,1,20,20,0.005276232290860184,0.0031864184311423,0.55,サンプル不足,-0.010865624169238081
v4,avg_turnover_20d,20日平均売買代金,流動性の代理指標,True,全体,全体,1d,1営業日,2,20,20,0.0007487090596958602,-0.006528251682088149,0.4,サンプル不足,-0.010865624169238081
v4,avg_turnover_20d,20日平均売買代金,流動性の代理指標,True,全体,全体,1d,1営業日,3,20,20,0.0039637952177128954,-0.007261305654574668,0.45,サンプル不足,-0.010865624169238081
v4,avg_turnover_20d,20日平均売買代金,流動性の代理指標,True,全体,全体,1d,1営業日,4,20,20,-0.010906733384031576,-0.008971916789494216,0.3,サンプル不足,-0.010865624169238081
v4,avg_turnover_20d,20日平均売買代金,流動性の代理指標,True,全体,全体,1d,1営業日,5,20,20,-0.005589391878377897,-0.009557333126237744,0.25,サンプル不足,-0.010865624169238081
v4,avg_turnover_20d,20日平均売買代金,流動性の代理指標,True,全体,全体,3d,3営業日,1,20,20,0.01931243502729043,0.007440093449931462,0.6,サンプル不足,0.020299765310549167
v4,avg_turnover_20d,20日平均売買代金,流動性の代理指標,True,全体,全体,3d,3営業日,2,20,20,0.0693512688889429,0.03173932985034311,0.8,サンプル不足,0.020299765310549167
v4,avg_turnover_20d,20日平均売買代金,流動性の代理指標,True,全体,全体,3d,3営業日,3,20,20,0.047467061965661056,0.010115484017315879,0.6,サンプル不足,0.020299765310549167
v4,avg_turnover_20d,20日平均売買代金,流動性の代理指標,True,全体,全体,3d,3営業日,4,20,20,0.01378727286189999,0.012951387232800982,0.55,サンプル不足,0.020299765310549167
v4,avg_turnover_20d,20日平均売買代金,流動性の代理指標,True,全体,全体,3d,3営業日,5,20,20,0.0396122003378396,0.029863771926593285,0.75,サンプル不足,0.020299765310549167
v4,avg_turnover_20d,20日平均売買代金,流動性の代理指標,True,全体,全体,5d,5営業日,1,20,20,0.04959590447711469,0.07578231345448161,0.6,サンプル不足,0.01710220787031988
v4,avg_turnover_20d,20日平均売買代金,流動性の代理指標,True,全体,全体,5d,5営業日,2,20,20,0.11498329389682449,0.11005431350258932,0.9,サンプル不足,0.01710220787031988
v4,avg_turnover_20d,20日平均売買代金,流動性の代理指標,True,全体,全体,5d,5営業日,3,20,20,0.05626317429517451,0.02305120167189134,0.65,サンプル不足,0.01710220787031988
v4,avg_turnover_20d,20日平均売買代金,流動性の代理指標,True,全体,全体,5d,5営業日,4,20,20,0.030565136599085985,0.013637970939951227,0.55,サンプル不足,0.01710220787031988
v4,avg_turnover_20d,20日平均売買代金,流動性の代理指標,True,全体,全体,5d,5営業日,5,20,20,0.06669811234743457,0.04537589454379598,0.85,サンプル不足,0.01710220787031988
v4,avg_turnover_20d,20日平均売買代金,流動性の代理指標,True,業種,その他製品,10d,10営業日,1,1,1,0.0982274741506648,0.0982274741506648,1.0,サンプル不足,0.0
v4,avg_turnover_20d,20日平均売買代金,流動性の代理指標,True,業種,その他製品,1d,1営業日,1,1,1,0.0723781388478581,0.0723781388478581,1.0,サンプル不足,0.0
v4,avg_turnover_20d,20日平均売買代金,流動性の代理指標,True,業種,その他製品,3d,3営業日,1,1,1,-0.0088626292466764,-0.0088626292466764,0.0,サンプル不足,0.0
v4,avg_turnover_20d,20日平均売買代金,流動性の代理指標,True,業種,その他製品,5d,5営業日,1,1,1,-0.0745937961595273,-0.0745937961595273,0.0,サンプル不足,0.0
v4,avg_turnover_20d,20日平均売買代金,流動性の代理指標,True,業種,その他金融業,10d,10営業日,1,1,1,0.00390625,0.00390625,1.0,サンプル不足,-0.07967757486388383
v4,avg_turnover_20d,20日平均売買代金,流動性の代理指標,True,業種,その他金融業,10d,10営業日,4,1,1,-0.07577132486388383,-0.07577132486388383,0.0,サンプル不足,-0.07967757486388383
v4,avg_turnover_20d,20日平均売買代金,流動性の代理指標,True,業種,その他金融業,1d,1営業日,1,1,1,0.0,0.0,0.0,サンプル不足,0.00907441016333932
v4,avg_turnover_20d,20日平均売買代金,流動性の代理指標,True,業種,その他金融業,1d,1営業日,4,1,1,0.00907441016333932,0.00907441016333932,1.0,サンプル不足,0.00907441016333932
v4,avg_turnover_20d,20日平均売買代金,流動性の代理指標,True,業種,その他金融業,3d,3営業日,1,1,1,0.00390625,0.00390625,1.0,サンプル不足,0.020821517695099878
v4,avg_turnover_20d,20日平均売買代金,流動性の代理指標,True,業種,その他金融業,3d,3営業日,4,1,1,0.024727767695099878,0.024727767695099878,1.0,サンプル不足,0.020821517695099878
v4,avg_turnover_20d,20日平均売買代金,流動性の代理指標,True,業種,その他金融業,5d,5営業日,1,1,1,0.0,0.0,0.0,サンプル不足,-0.022232304900181465
v4,avg_turnover_20d,20日平均売買代金,流動性の代理指標,True,業種,その他金融業,5d,5営業日,4,1,1,-0.022232304900181465,-0.022232304900181465,0.0,サンプル不足,-0.022232304900181465
v4,avg_turnover_20d,20日平均売買代金,流動性の代理指標,True,業種,ガラス・土石製品,10d,10営業日,2,1,1,0.0439716312056737,0.0439716312056737,1.0,サンプル不足,0.07750538461949576
v4,avg_turnover_20d,20日平均売買代金,流動性の代理指標,True,業種,ガラス・土石製品,10d,10営業日,4,1,1,0.12147701582516945,0.12147701582516945,1.0,サンプル不足,0.07750538461949576
v4,avg_turnover_20d,20日平均売買代金,流動性の代理指標,True,業種,ガラス・土石製品,1d,1営業日,2,1,1,-0.0453900709219857,-0.0453900709219857,0.0,サンプル不足,0.06227025178106631
v4,avg_turnover_20d,20日平均売買代金,流動性の代理指標,True,業種,ガラス・土石製品,1d,1営業日,4,1,1,0.016880180859080607,0.016880180859080607,1.0,サンプル不足,0.06227025178106631
v4,avg_turnover_20d,20日平均売買代金,流動性の代理指標,True,業種,ガラス・土石製品,3d,3営業日,2,1,1,0.3120567375886525,0.3120567375886525,1.0,サンプル不足,-0.21062493653364123
v4,avg_turnover_20d,20日平均売買代金,流動性の代理指標,True,業種,ガラス・土石製品,3d,3営業日,4,1,1,0.10143180105501126,0.10143180105501126,1.0,サンプル不足,-0.21062493653364123
v4,avg_turnover_20d,20日平均売買代金,流動性の代理指標,True,業種,ガラス・土石製品,5d,5営業日,2,1,1,0.2368794326241134,0.2368794326241134,1.0,サンプル不足,-0.07712057806495745
v4,avg_turnover_20d,20日平均売買代金,流動性の代理指標,True,業種,ガラス・土石製品,5d,5営業日,4,1,1,0.15975885455915595,0.15975885455915595,1.0,サンプル不足,-0.07712057806495745
v4,avg_turnover_20d,20日平均売買代金,流動性の代理指標,True,業種,ゴム製品,10d,10営業日,3,2,2,-0.062116513134313156,-0.062116513134313156,0.0,サンプル不足,0.0
v4,avg_turnover_20d,20日平均売買代金,流動性の代理指標,True,業種,ゴム製品,1d,1営業日,3,2,2,-0.01070310058165369,-0.01070310058165369,0.5,サンプル不足,0.0
v4,avg_turnover_20d,20日平均売買代金,流動性の代理指標,True,業種,ゴム製品,3d,3営業日,3,2,2,-0.007499771841421976,-0.007499771841421976,0.5,サンプル不足,0.0
v4,avg_turnover_20d,20日平均売買代金,流動性の代理指標,True,業種,ゴム製品,5d,5営業日,3,2,2,-0.020934938287824112,-0.020934938287824112,0.0,サンプル不足,0.0
v4,avg_turnover_20d,20日平均売買代金,流動性の代理指標,True,業種,サービス業,10d,10営業日,1,4,4,-0.0034183831982776136,0.07917585783121805,0.75,サンプル不足,-0.05455580188157358
v4,avg_turnover_20d,20日平均売買代金,流動性の代理指標,True,業種,サービス業,10d,10営業日,2,1,1,0.054655870445344146,0.054655870445344146,1.0,サンプル不足,-0.05455580188157358
v4,avg_turnover_20d,20日平均売買代金,流動性の代理指標,True,業種,サービス業,10d,10営業日,4,1,1,-0.05797418507985119,-0.05797418507985119,0.0,サンプル不足,-0.05455580188157358
v4,avg_turnover_20d,20日平均売買代金,流動性の代理指標,True,業種,サービス業,1d,1営業日,1,4,4,-0.0327819131988611,0.013523770253966824,0.5,サンプル不足,0.02359355178997897
v4,avg_turnover_20d,20日平均売買代金,流動性の代理指標,True,業種,サービス業,1d,1営業日,2,1,1,-0.029959514170040502,-0.029959514170040502,0.0,サンプル不足,0.02359355178997897
v4,avg_turnover_20d,20日平均売買代金,流動性の代理指標,True,業種,サービス業,1d,1営業日,4,1,1,-0.009188361408882129,-0.009188361408882129,0.0,サンプル不足,0.02359355178997897
v4,avg_turnover_20d,20日平均売買代金,流動性の代理指標,True,業種,サービス業,3d,3営業日,1,4,4,-0.028445303602469454,0.03753928804083062,0.75,サンプル不足,0.0059119410997348215
v4,avg_turnover_20d,20日平均売買代金,流動性の代理指標,True,業種,サービス業,3d,3営業日,2,1,1,-0.01174089068825912,-0.01174089068825912,0.0,サンプル不足,0.0059119410997348215
v4,avg_turnover_20d,20日平均売買代金,流動性の代理指標,True,業種,サービス業,3d,3営業日,4,1,1,-0.022533362502734633,-0.022533362502734633,0.0,サンプル不足,0.0059119410997348215
v4,avg_turnover_20d,20日平均売買代金,流動性の代理指標,True,業種,サービス業,5d,5営業日,1,4,4,0.06082293217714682,0.07578231345448161,0.75,サンプル不足,-0.08620031130644021
v4,avg_turnover_20d,20日平均売買代金,流動性の代理指標,True,業種,サービス業,5d,5営業日,2,1,1,0.06558704453441289,0.06558704453441289,1.0,サンプル不足,-0.08620031130644021
v4,avg_turnover_20d,20日平均売買代金,流動性の代理指標,True,業種,サービス業,5d,5営業日,4,1,1,-0.025377379129293387,-0.025377379129293387,0.0,サンプル不足,-0.08620031130644021
v4,avg_turnover_20d,20日平均売買代金,流動性の代理指標,True,業種,不動産業,10d,10営業日,1,2,2,0.14027836158983698,0.14027836158983698,1.0,サンプル不足,0.0
v4,avg_turnover_20d,20日平均売買代金,流動性の代理指標,True,業種,不動産業,1d,1営業日,1,2,2,0.07237712702193577,0.07237712702193577,1.0,サンプル不足,0.0
v4,avg_turnover_20d,20日平均売買代金,流動性の代理指標,True,業種,不動産業,3d,3営業日,1,2,2,0.1341055220836641,0.1341055220836641,1.0,サンプル不足,0.0
v4,avg_turnover_20d,20日平均売買代金,流動性の代理指標,True,業種,不動産業,5d,5営業日,1,2,2,0.12112932604735882,0.12112932604735882,1.0,サンプル不足,0.0
v4,avg_turnover_20d,20日平均売買代金,流動性の代理指標,True,業種,保険業,10d,10営業日,4,1,1,-0.02083333333333337,-0.02083333333333337,0.0,サンプル不足,0.0
v4,avg_turnover_20d,20日平均売買代金,流動性の代理指標,True,業種,保険業,1d,1営業日,4,1,1,0.007601351351351315,0.007601351351351315,1.0,サンプル不足,0.0
v4,avg_turnover_20d,20日平均売買代金,流動性の代理指標,True,業種,保険業,3d,3営業日,4,1,1,0.025056306306306286,0.025056306306306286,1.0,サンプル不足,0.0
v4,avg_turnover_20d,20日平均売買代金,流動性の代理指標,True,業種,保険業,5d,5営業日,4,1,1,0.032939189189189255,0.032939189189189255,1.0,サンプル不足,0.0
v4,avg_turnover_20d,20日平均売買代金,流動性の代理指標,True,業種,化学,10d,10営業日,1,2,2,-0.06286413428050742,-0.06286413428050742,0.0,サンプル不足,0.007342233929651623
v4,avg_turnover_20d,20日平均売買代金,流動性の代理指標,True,業種,化学,10d,10営業日,2,2,2,0.04308796918837251,0.04308796918837251,1.0,サンプル不足,0.007342233929651623
v4,avg_turnover_20d,20日平均売買代金,流動性の代理指標,True,業種,化学,10d,10営業日,3,5,5,-0.03867742651729618,-0.02689243027888444,0.2,サンプル不足,0.007342233929651623
v4,avg_turnover_20d,20日平均売買代金,流動性の代理指標,True,業種,化学,10d,10営業日,4,2,2,0.021810230869864,0.021810230869864,1.0,サンプル不足,0.007342233929651623
v4,avg_turnover_20d,20日平均売買代金,流動性の代理指標,True,業種,化学,10d,10営業日,5,2,2,-0.0555219003508558,-0.0555219003508558,0.0,サンプル不足,0.007342233929651623
v4,avg_turnover_20d,20日平均売買代金,流動性の代理指標,True,業種,化学,1d,1営業日,1,2,2,-0.003671287895858315,-0.003671287895858315,0.5,サンプル不足,-0.006454033561456058
v4,avg_turnover_20d,20日平均売買代金,流動性の代理指標,True,業種,化学,1d,1営業日,2,2,2,0.007243554625894392,0.007243554625894392,1.0,サンプル不足,-0.006454033561456058
v4,avg_turnover_20d,20日平均売買代金,流動性の代理指標,True,業種,化学,1d,1営業日,3,5,5,-0.0010661162802374947,-0.017843137254901942,0.2,サンプル不足,-0.006454033561456058
v4,avg_turnover_20d,20日平均売買代金,流動性の代理指標,True,業種,化学,1d,1営業日,4,2,2,-0.009573565302110676,-0.009573565302110676,0.0,サンプル不足,-0.006454033561456058
v4,avg_turnover_20d,20日平均売買代金,流動性の代理指標,True,業種,化学,1d,1営業日,5,2,2,-0.010125321457314373,-0.010125321457314373,0.0,サンプル不足,-0.006454033561456058
v4,avg_turnover_20d,20日平均売買代金,流動性の代理指標,True,業種,化学,3d,3営業日,1,2,2,0.08444950447298626,0.08444950447298626,1.0,サンプル不足,-0.0907107440695991
v4,avg_turnover_20d,20日平均売買代金,流動性の代理指標,True,業種,化学,3d,3営業日,2,2,2,0.07462639241662095,0.07462639241662095,1.0,サンプル不足,-0.0907107440695991
v4,avg_turnover_20d,20日平均売買代金,流動性の代理指標,True,業種,化学,3d,3営業日,3,5,5,0.04033597565994227,0.022368421052631593,0.8,サンプル不足,-0.0907107440695991
v4,avg_turnover_20d,20日平均売買代金,流動性の代理指標,True,業種,化学,3d,3営業日,4,2,2,0.003344778127575221,0.003344778127575221,0.5,サンプル不足,-0.0907107440695991
v4,avg_turnover_20d,20日平均売買代金,流動性の代理指標,True,業種,化学,3d,3営業日,5,2,2,-0.006261239596612844,-0.006261239596612844,0.5,サンプル不足,-0.0907107440695991
v4,avg_turnover_20d,20日平均売買代金,流動性の代理指標,True,業種,化学,5d,5営業日,1,2,2,0.08239742571047945,0.08239742571047945,1.0,サンプル不足,-0.07410718333694691
v4,avg_turnover_20d,20日平均売買代金,流動性の代理指標,True,業種,化学,5d,5営業日,2,2,2,0.10942278001892523,0.10942278001892523,1.0,サンプル不足,-0.07410718333694691
v4,avg_turnover_20d,20日平均売買代金,流動性の代理指標,True,業種,化学,5d,5営業日,3,5,5,0.039680719077010894,0.03386454183266929,0.8,サンプル不足,-0.07410718333694691
v4,avg_turnover_20d,20日平均売買代金,流動性の代理指標,True,業種,化学,5d,5営業日,4,2,2,0.005814284517161872,0.005814284517161872,0.5,サンプル不足,-0.07410718333694691
v4,avg_turnover_20d,20日平均売買代金,流動性の代理指標,True,業種,化学,5d,5営業日,5,2,2,0.008290242373532541,0.008290242373532541,0.5,サンプル不足,-0.07410718333694691
v4,avg_turnover_20d,20日平均売買代金,流動性の代理指標,True,業種,卸売業,10d,10営業日,1,1,1,-0.0768126346015792,-0.0768126346015792,0.0,サンプル不足,0.0
v4,avg_turnover_20d,20日平均売買代金,流動性の代理指標,True,業種,卸売業,1d,1営業日,1,1,1,-0.1184493898061737,-0.1184493898061737,0.0,サンプル不足,0.0
v4,avg_turnover_20d,20日平均売買代金,流動性の代理指標,True,業種,卸売業,3d,3営業日,1,1,1,-0.0760947595118449,-0.0760947595118449,0.0,サンプル不足,0.0
v4,avg_turnover_20d,20日平均売買代金,流動性の代理指標,True,業種,卸売業,5d,5営業日,1,1,1,-0.0753768844221105,-0.0753768844221105,0.0,サンプル不足,0.0
v4,avg_turnover_20d,20日平均売買代金,流動性の代理指標,True,業種,小売業,10d,10営業日,1,2,2,-0.058255272947955516,-0.058255272947955516,0.0,サンプル不足,0.033021489821978944
v4,avg_turnover_20d,20日平均売買代金,流動性の代理指標,True,業種,小売業,10d,10営業日,2,1,1,-0.025233783125976572,-0.025233783125976572,0.0,サンプル不足,0.033021489821978944
v4,avg_turnover_20d,20日平均売買代金,流動性の代理指標,True,業種,小売業,1d,1営業日,1,2,2,-0.02401017358206731,-0.02401017358206731,0.5,サンプル不足,0.014955644102232327
v4,avg_turnover_20d,20日平均売買代金,流動性の代理指標,True,業種,小売業,1d,1営業日,2,1,1,-0.009054529479834983,-0.009054529479834983,0.0,サンプル不足,0.014955644102232327
v4,avg_turnover_20d,20日平均売買代金,流動性の代理指標,True,業種,小売業,3d,3営業日,1,2,2,-0.016649656438745806,-0.016649656438745806,0.5,サンプル不足,-0.019271394130560806
v4,avg_turnover_20d,20日平均売買代金,流動性の代理指標,True,業種,小売業,3d,3営業日,2,1,1,-0.03592105056930661,-0.03592105056930661,0.0,サンプル不足,-0.019271394130560806
v4,avg_turnover_20d,20日平均売買代金,流動性の代理指標,True,業種,小売業,5d,5営業日,1,2,2,-0.04499640562263137,-0.04499640562263137,0.0,サンプル不足,0.016942339908506875
v4,avg_turnover_20d,20日平均売買代金,流動性の代理指標,True,業種,小売業,5d,5営業日,2,1,1,-0.0280540657141245,-0.0280540657141245,0.0,サンプル不足,0.016942339908506875
v4,avg_turnover_20d,20日平均売買代金,流動性の代理指標,True,業種,建設業,10d,10営業日,2,1,1,0.1444652908067543,0.1444652908067543,1.0,サンプル不足,-0.18736904284590605
v4,avg_turnover_20d,20日平均売買代金,流動性の代理指標,True,業種,建設業,10d,10営業日,4,1,1,-0.042903752039151755,-0.042903752039151755,0.0,サンプル不足,-0.18736904284590605
v4,avg_turnover_20d,20日平均売買代金,流動性の代理指標,True,業種,建設業,1d,1営業日,2,1,1,-0.02814258911819889,-0.02814258911819889,0.0,サンプル不足,-0.009540934535960943
v4,avg_turnover_20d,20日平均売買代金,流動性の代理指標,True,業種,建設業,1d,1営業日,4,1,1,-0.037683523654159834,-0.037683523654159834,0.0,サンプル不足,-0.009540934535960943
v4,avg_turnover_20d,20日平均売買代金,流動性の代理指標,True,業種,建設業,3d,3営業日,2,1,1,0.1073170731707318,0.1073170731707318,1.0,サンプル不足,-0.12836111884773016
v4,avg_turnover_20d,20日平均売買代金,流動性の代理指標,True,業種,建設業,3d,3営業日,4,1,1,-0.021044045676998357,-0.021044045676998357,0.0,サンプル不足,-0.12836111884773016
v4,avg_turnover_20d,20日平均売買代金,流動性の代理指標,True,業種,建設業,5d,5営業日,2,1,1,0.17260787992495308,0.17260787992495308,1.0,サンプル不足,-0.19870902184991235
v4,avg_turnover_20d,20日平均売買代金,流動性の代理指標,True,業種,建設業,5d,5営業日,4,1,1,-0.02610114192495927,-0.02610114192495927,0.0,サンプル不足,-0.19870902184991235
v4,avg_turnover_20d,20日平均売買代金,流動性の代理指標,True,業種,情報・通信業,10d,10営業日,1,2,2,-0.20833333333333331,-0.20833333333333331,0.0,サンプル不足,0.033939160479992514
v4,avg_turnover_20d,20日平均売買代金,流動性の代理指標,True,業種,情報・通信業,10d,10営業日,5,1,1,-0.1743941728533408,-0.1743941728533408,0.0,サンプル不足,0.033939160479992514
v4,avg_turnover_20d,20日平均売買代金,流動性の代理指標,True,業種,情報・通信業,1d,1営業日,1,2,2,0.038214990138067104,0.038214990138067104,0.5,サンプル不足,-0.04339778884937122
v4,avg_turnover_20d,20日平均売買代金,流動性の代理指標,True,業種,情報・通信業,1d,1営業日,5,1,1,-0.005182798711304115,-0.005182798711304115,0.0,サンプル不足,-0.04339778884937122
v4,avg_turnover_20d,20日平均売買代金,流動性の代理指標,True,業種,情報・通信業,3d,3営業日,1,2,2,-0.11454635108481255,-0.11454635108481255,0.0,サンプル不足,0.12155013312711534
v4,avg_turnover_20d,20日平均売買代金,流動性の代理指標,True,業種,情報・通信業,3d,3営業日,5,1,1,0.007003782042302786,0.007003782042302786,1.0,サンプル不足,0.12155013312711534
v4,avg_turnover_20d,20日平均売買代金,流動性の代理指標,True,業種,情報・通信業,5d,5営業日,1,2,2,-0.1767357001972386,-0.1767357001972386,0.0,サンプル不足,0.19144364248607448
v4,avg_turnover_20d,20日平均売買代金,流動性の代理指標,True,業種,情報・通信業,5d,5営業日,5,1,1,0.014707942288835874,0.014707942288835874,1.0,サンプル不足,0.19144364248607448
v4,avg_turnover_20d,20日平均売買代金,流動性の代理指標,True,業種,機械,10d,10営業日,1,2,2,0.10167283696695455,0.10167283696695455,1.0,サンプル不足,-0.16853500705493113
v4,avg_turnover_20d,20日平均売買代金,流動性の代理指標,True,業種,機械,10d,10営業日,2,7,7,-0.019913792736729614,-0.023301933564700006,0.2857142857142857,サンプル不足,-0.16853500705493113
v4,avg_turnover_20d,20日平均売買代金,流動性の代理指標,True,業種,機械,10d,10営業日,3,8,8,0.07420112953448224,-0.015912939906201018,0.5,サンプル不足,-0.16853500705493113
v4,avg_turnover_20d,20日平均売買代金,流動性の代理指標,True,業種,機械,10d,10営業日,4,3,3,0.014927389307916669,0.004562954513047224,0.6666666666666666,サンプル不足,-0.16853500705493113
v4,avg_turnover_20d,20日平均売買代金,流動性の代理指標,True,業種,機械,10d,10営業日,5,1,1,-0.06686217008797657,-0.06686217008797657,0.0,サンプル不足,-0.16853500705493113
v4,avg_turnover_20d,20日平均売買代金,流動性の代理指標,True,業種,機械,1d,1営業日,1,2,2,-0.008338475250239948,-0.008338475250239948,0.5,サンプル不足,-0.03506328428055189
v4,avg_turnover_20d,20日平均売買代金,流動性の代理指標,True,業種,機械,1d,1営業日,2,7,7,0.0010584802956647194,0.0059880239520957446,0.5714285714285714,サンプル不足,-0.03506328428055189
v4,avg_turnover_20d,20日平均売買代金,流動性の代理指標,True,業種,機械,1d,1営業日,3,8,8,0.01781850644561406,0.002586064399005883,0.5,サンプル不足,-0.03506328428055189
v4,avg_turnover_20d,20日平均売買代金,流動性の代理指標,True,業種,機械,1d,1営業日,4,3,3,-0.007159157319343616,-0.0050000000000000044,0.0,サンプル不足,-0.03506328428055189
v4,avg_turnover_20d,20日平均売買代金,流動性の代理指標,True,業種,機械,1d,1営業日,5,1,1,-0.04340175953079184,-0.04340175953079184,0.0,サンプル不足,-0.03506328428055189
v4,avg_turnover_20d,20日平均売買代金,流動性の代理指標,True,業種,機械,3d,3営業日,1,2,2,0.042600781571369796,0.042600781571369796,0.5,サンプル不足,-0.045650634943803815
v4,avg_turnover_20d,20日平均売買代金,流動性の代理指標,True,業種,機械,3d,3営業日,2,7,7,0.03395605842670836,0.013541589802243292,0.8571428571428571,サンプル不足,-0.045650634943803815
v4,avg_turnover_20d,20日平均売買代金,流動性の代理指標,True,業種,機械,3d,3営業日,3,8,8,0.09803597476923331,0.034748771409933155,0.75,サンプル不足,-0.045650634943803815
v4,avg_turnover_20d,20日平均売買代金,流動性の代理指標,True,業種,機械,3d,3営業日,4,3,3,0.072834263076811,0.07328248408284987,1.0,サンプル不足,-0.045650634943803815
v4,avg_turnover_20d,20日平均売買代金,流動性の代理指標,True,業種,機械,3d,3営業日,5,1,1,-0.0030498533724340193,-0.0030498533724340193,0.0,サンプル不足,-0.045650634943803815
v4,avg_turnover_20d,20日平均売買代金,流動性の代理指標,True,業種,機械,5d,5営業日,1,2,2,0.1363636363636363,0.1363636363636363,1.0,サンプル不足,-0.09847507331378297
v4,avg_turnover_20d,20日平均売買代金,流動性の代理指標,True,業種,機械,5d,5営業日,2,7,7,0.06992247592512224,0.025657894736842213,1.0,サンプル不足,-0.09847507331378297
v4,avg_turnover_20d,20日平均売買代金,流動性の代理指標,True,業種,機械,5d,5営業日,3,8,8,0.11532395053742944,0.05858105647184619,0.875,サンプル不足,-0.09847507331378297
v4,avg_turnover_20d,20日平均売買代金,流動性の代理指標,True,業種,機械,5d,5営業日,4,3,3,0.10829169300613566,0.0862696319914571,1.0,サンプル不足,-0.09847507331378297
v4,avg_turnover_20d,20日平均売買代金,流動性の代理指標,True,業種,機械,5d,5営業日,5,1,1,0.03788856304985333,0.03788856304985333,1.0,サンプル不足,-0.09847507331378297
v4,avg_turnover_20d,20日平均売買代金,流動性の代理指標,True,業種,海運業,10d,10営業日,4,1,1,-0.07318923018581724,-0.07318923018581724,0.0,サンプル不足,0.0
v4,avg_turnover_20d,20日平均売買代金,流動性の代理指標,True,業種,海運業,1d,1営業日,4,1,1,-0.015927189988623414,-0.015927189988623414,0.0,サンプル不足,0.0
v4,avg_turnover_20d,20日平均売買代金,流動性の代理指標,True,業種,海運業,3d,3営業日,4,1,1,-0.04702313234736444,-0.04702313234736444,0.0,サンプル不足,0.0
v4,avg_turnover_20d,20日平均売買代金,流動性の代理指標,True,業種,海運業,5d,5営業日,4,1,1,-0.04323094425483509,-0.04323094425483509,0.0,サンプル不足,0.0
v4,avg_turnover_20d,20日平均売買代金,流動性の代理指標,True,業種,空運業,10d,10営業日,3,1,1,-0.0036544850498339,-0.0036544850498339,0.0,サンプル不足,0.018529639999364633
v4,avg_turnover_20d,20日平均売買代金,流動性の代理指標,True,業種,空運業,10d,10営業日,4,1,1,0.014875154949530733,0.014875154949530733,1.0,サンプル不足,0.018529639999364633
v4,avg_turnover_20d,20日平均売買代金,流動性の代理指標,True,業種,空運業,1d,1営業日,3,1,1,0.0109634551495017,0.0109634551495017,1.0,サンプル不足,-0.004588388742559957
v4,avg_turnover_20d,20日平均売買代金,流動性の代理指標,True,業種,空運業,1d,1営業日,4,1,1,0.006375066406941743,0.006375066406941743,1.0,サンプル不足,-0.004588388742559957
v4,avg_turnover_20d,20日平均売買代金,流動性の代理指標,True,業種,空運業,3d,3営業日,3,1,1,-0.0046511627906976605,-0.0046511627906976605,0.0,サンプル不足,-0.004203096107832538
v4,avg_turnover_20d,20日平均売買代金,流動性の代理指標,True,業種,空運業,3d,3営業日,4,1,1,-0.008854258898530198,-0.008854258898530198,0.0,サンプル不足,-0.004203096107832538
v4,avg_turnover_20d,20日平均売買代金,流動性の代理指標,True,業種,空運業,5d,5営業日,3,1,1,-0.025083056478405363,-0.025083056478405363,0.0,サンプル不足,0.013926690266257369
v4,avg_turnover_20d,20日平均売買代金,流動性の代理指標,True,業種,空運業,5d,5営業日,4,1,1,-0.011156366212147995,-0.011156366212147995,0.0,サンプル不足,0.013926690266257369
v4,avg_turnover_20d,20日平均売買代金,流動性の代理指標,True,業種,繊維製品,10d,10営業日,3,1,1,-0.04926931106471821,-0.04926931106471821,0.0,サンプル不足,0.0
v4,avg_turnover_20d,20日平均売買代金,流動性の代理指標,True,業種,繊維製品,1d,1営業日,3,1,1,-0.017118997912317302,-0.017118997912317302,0.0,サンプル不足,0.0
v4,avg_turnover_20d,20日平均売買代金,流動性の代理指標,True,業種,繊維製品,3d,3営業日,3,1,1,-0.0041753653444676075,-0.0041753653444676075,0.0,サンプル不足,0.0
v4,avg_turnover_20d,20日平均売買代金,流動性の代理指標,True,業種,繊維製品,5d,5営業日,3,1,1,-0.02171189979123178,-0.02171189979123178,0.0,サンプル不足,0.0
v4,avg_turnover_20d,20日平均売買代金,流動性の代理指標,True,業種,証券、商品先物取引業,10d,10営業日,3,1,1,-0.004075235109717856,-0.004075235109717856,0.0,サンプル不足,0.004782448688218532
v4,avg_turnover_20d,20日平均売買代金,流動性の代理指標,True,業種,証券、商品先物取引業,10d,10営業日,4,1,1,0.0007072135785006761,0.0007072135785006761,1.0,サンプル不足,0.004782448688218532
v4,avg_turnover_20d,20日平均売買代金,流動性の代理指標,True,業種,証券、商品先物取引業,1d,1営業日,3,1,1,0.004702194357366851,0.004702194357366851,1.0,サンプル不足,-0.003994980778866175
v4,avg_turnover_20d,20日平均売買代金,流動性の代理指標,True,業種,証券、商品先物取引業,1d,1営業日,4,1,1,0.0007072135785006761,0.0007072135785006761,1.0,サンプル不足,-0.003994980778866175
v4,avg_turnover_20d,20日平均売買代金,流動性の代理指標,True,業種,証券、商品先物取引業,3d,3営業日,3,1,1,0.021943573667711602,0.021943573667711602,1.0,サンプル不足,-0.0070920885191967376
v4,avg_turnover_20d,20日平均売買代金,流動性の代理指標,True,業種,証券、商品先物取引業,3d,3営業日,4,1,1,0.014851485148514865,0.014851485148514865,1.0,サンプル不足,-0.0070920885191967376
v4,avg_turnover_20d,20日平均売買代金,流動性の代理指標,True,業種,証券、商品先物取引業,5d,5営業日,3,1,1,0.019435736677116067,0.019435736677116067,1.0,サンプル不足,-0.003523431160850077
v4,avg_turnover_20d,20日平均売買代金,流動性の代理指標,True,業種,証券、商品先物取引業,5d,5営業日,4,1,1,0.01591230551626599,0.01591230551626599,1.0,サンプル不足,-0.003523431160850077
v4,avg_turnover_20d,20日平均売買代金,流動性の代理指標,True,業種,輸送用機器,10d,10営業日,2,1,1,-0.06502463054187191,-0.06502463054187191,0.0,サンプル不足,0.03187400281760078
v4,avg_turnover_20d,20日平均売買代金,流動性の代理指標,True,業種,輸送用機器,10d,10営業日,4,2,2,-0.03315062772427113,-0.03315062772427113,0.5,サンプル不足,0.03187400281760078
v4,avg_turnover_20d,20日平均売買代金,流動性の代理指標,True,業種,輸送用機器,1d,1営業日,2,1,1,-0.016748768472906406,-0.016748768472906406,0.0,サンプル不足,0.0026219997811075535
v4,avg_turnover_20d,20日平均売買代金,流動性の代理指標,True,業種,輸送用機器,1d,1営業日,4,2,2,-0.014126768691798852,-0.014126768691798852,0.0,サンプル不足,0.0026219997811075535
v4,avg_turnover_20d,20日平均売買代金,流動性の代理指標,True,業種,輸送用機器,3d,3営業日,2,1,1,0.009852216748768461,0.009852216748768461,1.0,サンプル不足,-0.0458716125442194
v4,avg_turnover_20d,20日平均売買代金,流動性の代理指標,True,業種,輸送用機器,3d,3営業日,4,2,2,-0.03601939579545094,-0.03601939579545094,0.0,サンプル不足,-0.0458716125442194
v4,avg_turnover_20d,20日平均売買代金,流動性の代理指標,True,業種,輸送用機器,5d,5営業日,2,1,1,0.09556650246305409,0.09556650246305409,1.0,サンプル不足,-0.14549943790417214
v4,avg_turnover_20d,20日平均売買代金,流動性の代理指標,True,業種,輸送用機器,5d,5営業日,4,2,2,-0.04993293544111804,-0.04993293544111804,0.0,サンプル不足,-0.14549943790417214
v4,avg_turnover_20d,20日平均売買代金,流動性の代理指標,True,業種,金属製品,10d,10営業日,1,1,1,0.2351190476190476,0.2351190476190476,1.0,サンプル不足,-0.34336527293844366
v4,avg_turnover_20d,20日平均売買代金,流動性の代理指標,True,業種,金属製品,10d,10営業日,2,1,1,0.3711201079622133,0.3711201079622133,1.0,サンプル不足,-0.34336527293844366
v4,avg_turnover_20d,20日平均売買代金,流動性の代理指標,True,業種,金属製品,10d,10営業日,5,1,1,-0.1082462253193961,-0.1082462253193961,0.0,サンプル不足,-0.34336527293844366
v4,avg_turnover_20d,20日平均売買代金,流動性の代理指標,True,業種,金属製品,1d,1営業日,1,1,1,0.1402529761904762,0.1402529761904762,1.0,サンプル不足,-0.1776240154979675
v4,avg_turnover_20d,20日平均売買代金,流動性の代理指標,True,業種,金属製品,1d,1営業日,2,1,1,-0.03545541287112,-0.03545541287112,0.0,サンプル不足,-0.1776240154979675
v4,avg_turnover_20d,20日平均売買代金,流動性の代理指標,True,業種,金属製品,1d,1営業日,5,1,1,-0.037371039307491305,-0.037371039307491305,0.0,サンプル不足,-0.1776240154979675
v4,avg_turnover_20d,20日平均売買代金,流動性の代理指標,True,業種,金属製品,3d,3営業日,1,1,1,0.2332589285714286,0.2332589285714286,1.0,サンプル不足,-0.23240293354384445
v4,avg_turnover_20d,20日平均売買代金,流動性の代理指標,True,業種,金属製品,3d,3営業日,2,1,1,0.1757488297064777,0.1757488297064777,1.0,サンプル不足,-0.23240293354384445
v4,avg_turnover_20d,20日平均売買代金,流動性の代理指標,True,業種,金属製品,3d,3営業日,5,1,1,0.0008559950275841555,0.0008559950275841555,1.0,サンプル不足,-0.23240293354384445
v4,avg_turnover_20d,20日平均売買代金,流動性の代理指標,True,業種,金属製品,5d,5営業日,1,1,1,0.3727678571428572,0.3727678571428572,1.0,サンプル不足,-0.39484815076945423
v4,avg_turnover_20d,20日平均売買代金,流動性の代理指標,True,業種,金属製品,5d,5営業日,2,1,1,0.4178940251771255,0.4178940251771255,1.0,サンプル不足,-0.39484815076945423
v4,avg_turnover_20d,20日平均売買代金,流動性の代理指標,True,業種,金属製品,5d,5営業日,5,1,1,-0.022080293626597025,-0.022080293626597025,0.0,サンプル不足,-0.39484815076945423
v4,avg_turnover_20d,20日平均売買代金,流動性の代理指標,True,業種,鉄鋼,10d,10営業日,2,1,1,0.14146341463414625,0.14146341463414625,1.0,サンプル不足,0.0
v4,avg_turnover_20d,20日平均売買代金,流動性の代理指標,True,業種,鉄鋼,1d,1営業日,2,1,1,-0.0060975609756097615,-0.0060975609756097615,0.0,サンプル不足,0.0
v4,avg_turnover_20d,20日平均売買代金,流動性の代理指標,True,業種,鉄鋼,3d,3営業日,2,1,1,0.02987804878048772,0.02987804878048772,1.0,サンプル不足,0.0
v4,avg_turnover_20d,20日平均売買代金,流動性の代理指標,True,業種,鉄鋼,5d,5営業日,2,1,1,0.18130081300813017,0.18130081300813017,1.0,サンプル不足,0.0
v4,avg_turnover_20d,20日平均売買代金,流動性の代理指標,True,業種,銀行業,10d,10営業日,2,1,1,-0.023312393290677358,-0.023312393290677358,0.0,サンプル不足,0.0051458041694788514
v4,avg_turnover_20d,20日平均売買代金,流動性の代理指標,True,業種,銀行業,10d,10営業日,4,1,1,-0.03752345215759845,-0.03752345215759845,0.0,サンプル不足,0.0051458041694788514
v4,avg_turnover_20d,20日平均売買代金,流動性の代理指標,True,業種,銀行業,10d,10営業日,5,3,3,-0.018166589121198506,-0.018093160528679597,0.0,サンプル不足,0.0051458041694788514
v4,avg_turnover_20d,20日平均売買代金,流動性の代理指標,True,業種,銀行業,1d,1営業日,2,1,1,-0.006958942388566536,-0.006958942388566536,0.0,サンプル不足,-0.0016449262828958089
v4,avg_turnover_20d,20日平均売買代金,流動性の代理指標,True,業種,銀行業,1d,1営業日,4,1,1,-0.008755472170106304,-0.008755472170106304,0.0,サンプル不足,-0.0016449262828958089
v4,avg_turnover_20d,20日平均売買代金,流動性の代理指標,True,業種,銀行業,1d,1営業日,5,3,3,-0.008603868671462345,-0.00461953034774798,0.0,サンプル不足,-0.0016449262828958089
v4,avg_turnover_20d,20日平均売買代金,流動性の代理指標,True,業種,銀行業,3d,3営業日,2,1,1,-0.012526117536426518,-0.012526117536426518,0.0,サンプル不足,0.05628938108414224
v4,avg_turnover_20d,20日平均売買代金,流動性の代理指標,True,業種,銀行業,3d,3営業日,4,1,1,0.03064415259537201,0.03064415259537201,1.0,サンプル不足,0.05628938108414224
v4,avg_turnover_20d,20日平均売買代金,流動性の代理指標,True,業種,銀行業,3d,3営業日,5,3,3,0.043763263547715724,0.04071560764959892,1.0,サンプル不足,0.05628938108414224
v4,avg_turnover_20d,20日平均売買代金,流動性の代理指標,True,業種,銀行業,5d,5営業日,2,1,1,-0.03305497634569088,-0.03305497634569088,0.0,サンプル不足,0.05954740395276288
v4,avg_turnover_20d,20日平均売買代金,流動性の代理指標,True,業種,銀行業,5d,5営業日,4,1,1,0.022201375859912442,0.022201375859912442,1.0,サンプル不足,0.05954740395276288
v4,avg_turnover_20d,20日平均売買代金,流動性の代理指標,True,業種,銀行業,5d,5営業日,5,3,3,0.026492427607072006,0.028069093152375046,1.0,サンプル不足,0.05954740395276288
v4,avg_turnover_20d,20日平均売買代金,流動性の代理指標,True,業種,電気機器,10d,10営業日,1,2,2,0.14016140517446005,0.14016140517446005,1.0,サンプル不足,-0.11660768163289521
v4,avg_turnover_20d,20日平均売買代金,流動性の代理指標,True,業種,電気機器,10d,10営業日,2,3,3,0.07357248514194681,0.08681318681318673,1.0,サンプル不足,-0.11660768163289521
v4,avg_turnover_20d,20日平均売買代金,流動性の代理指標,True,業種,電気機器,10d,10営業日,3,1,1,-0.0720288115246098,-0.0720288115246098,0.0,サンプル不足,-0.11660768163289521
v4,avg_turnover_20d,20日平均売買代金,流動性の代理指標,True,業種,電気機器,10d,10営業日,4,4,4,0.009207866594148018,-0.022349848394827954,0.25,サンプル不足,-0.11660768163289521
v4,avg_turnover_20d,20日平均売買代金,流動性の代理指標,True,業種,電気機器,10d,10営業日,5,12,12,0.023553723541564837,0.022648271010964338,0.75,サンプル不足,-0.11660768163289521
v4,avg_turnover_20d,20日平均売買代金,流動性の代理指標,True,業種,電気機器,1d,1営業日,1,2,2,-0.0033368937415935345,-0.0033368937415935345,0.5,サンプル不足,0.005022727817513959
v4,avg_turnover_20d,20日平均売買代金,流動性の代理指標,True,業種,電気機器,1d,1営業日,2,3,3,0.05696169942357939,0.01611721611721606,0.6666666666666666,サンプル不足,0.005022727817513959
v4,avg_turnover_20d,20日平均売買代金,流動性の代理指標,True,業種,電気機器,1d,1営業日,3,1,1,-0.0408163265306122,-0.0408163265306122,0.0,サンプル不足,0.005022727817513959
v4,avg_turnover_20d,20日平均売買代金,流動性の代理指標,True,業種,電気機器,1d,1営業日,4,4,4,-0.029585050718055894,-0.03391464169064756,0.25,サンプル不足,0.005022727817513959
v4,avg_turnover_20d,20日平均売買代金,流動性の代理指標,True,業種,電気機器,1d,1営業日,5,12,12,0.0016858340759204244,-0.007148929501870682,0.4166666666666667,サンプル不足,0.005022727817513959
v4,avg_turnover_20d,20日平均売買代金,流動性の代理指標,True,業種,電気機器,3d,3営業日,1,2,2,0.04395126196692775,0.04395126196692775,0.5,サンプル不足,0.011770969000523712
v4,avg_turnover_20d,20日平均売買代金,流動性の代理指標,True,業種,電気機器,3d,3営業日,2,3,3,0.14180511225251058,0.06483516483516483,1.0,サンプル不足,0.011770969000523712
v4,avg_turnover_20d,20日平均売買代金,流動性の代理指標,True,業種,電気機器,3d,3営業日,3,1,1,-0.0204081632653061,-0.0204081632653061,0.0,サンプル不足,0.011770969000523712
v4,avg_turnover_20d,20日平均売買代金,流動性の代理指標,True,業種,電気機器,3d,3営業日,4,4,4,0.006333797492160398,-0.010044341750374663,0.5,サンプル不足,0.011770969000523712
v4,avg_turnover_20d,20日平均売買代金,流動性の代理指標,True,業種,電気機器,3d,3営業日,5,12,12,0.055722230967451464,0.03777054574251926,0.75,サンプル不足,0.011770969000523712
v4,avg_turnover_20d,20日平均売買代金,流動性の代理指標,True,業種,電気機器,5d,5営業日,1,2,2,0.14475630983463883,0.14475630983463883,1.0,サンプル不足,-0.04414062086227899
v4,avg_turnover_20d,20日平均売買代金,流動性の代理指標,True,業種,電気機器,5d,5営業日,2,3,3,0.16087877691693664,0.14828209764918632,1.0,サンプル不足,-0.04414062086227899
v4,avg_turnover_20d,20日平均売買代金,流動性の代理指標,True,業種,電気機器,5d,5営業日,3,1,1,0.0792316926770708,0.0792316926770708,1.0,サンプル不足,-0.04414062086227899
v4,avg_turnover_20d,20日平均売買代金,流動性の代理指標,True,業種,電気機器,5d,5営業日,4,4,4,0.06798784152702966,0.051005039561377585,0.75,サンプル不足,-0.04414062086227899
v4,avg_turnover_20d,20日平均売買代金,流動性の代理指標,True,業種,電気機器,5d,5営業日,5,12,12,0.10061568897235984,0.09449252463674251,0.9166666666666666,サンプル不足,-0.04414062086227899
v4,avg_turnover_20d,20日平均売買代金,流動性の代理指標,True,業種,食料品,10d,10営業日,3,1,1,0.051290219815227855,0.051290219815227855,1.0,サンプル不足,0.0
v4,avg_turnover_20d,20日平均売買代金,流動性の代理指標,True,業種,食料品,1d,1営業日,3,1,1,0.005734310289901234,0.005734310289901234,1.0,サンプル不足,0.0
v4,avg_turnover_20d,20日平均売買代金,流動性の代理指標,True,業種,食料品,3d,3営業日,3,1,1,-0.014335775724753086,-0.014335775724753086,0.0,サンプル不足,0.0
v4,avg_turnover_20d,20日平均売買代金,流動性の代理指標,True,業種,食料品,5d,5営業日,3,1,1,-0.005734310289901234,-0.005734310289901234,0.0,サンプル不足,0.0
v4,distance_high_120d,120日高値接近度,終値と120日高値の距離,True,全体,全体,10d,10営業日,1,20,20,0.023742872165987895,-0.022174158431999158,0.45,サンプル不足,-0.009367599234789924
v4,distance_high_120d,120日高値接近度,終値と120日高値の距離,True,全体,全体,10d,10営業日,2,20,20,0.02707704139453234,0.005686548610711717,0.5,サンプル不足,-0.009367599234789924
v4,distance_high_120d,120日高値接近度,終値と120日高値の距離,True,全体,全体,10d,10営業日,3,20,20,0.006398238988330316,-0.00168401076560859,0.5,サンプル不足,-0.009367599234789924
v4,distance_high_120d,120日高値接近度,終値と120日高値の距離,True,全体,全体,10d,10営業日,4,20,20,-0.020826653910050202,-0.012965954926916878,0.5,サンプル不足,-0.009367599234789924
v4,distance_high_120d,120日高値接近度,終値と120日高値の距離,True,全体,全体,10d,10営業日,5,20,20,0.01437527293119797,-0.004404364172255815,0.45,サンプル不足,-0.009367599234789924
v4,distance_high_120d,120日高値接近度,終値と120日高値の距離,True,全体,全体,1d,1営業日,1,20,20,-0.007621904907302769,-0.014126768691798852,0.35,サンプル不足,0.01501201693095456
v4,distance_high_120d,120日高値接近度,終値と120日高値の距離,True,全体,全体,1d,1営業日,2,20,20,0.005203867268439547,-0.003925103992857226,0.45,サンプル不足,0.01501201693095456
v4,distance_high_120d,120日高値接近度,終値と120日高値の距離,True,全体,全体,1d,1営業日,3,20,20,-0.0013669701799444874,-0.007381301162858511,0.4,サンプル不足,0.01501201693095456
v4,distance_high_120d,120日高値接近度,終値と120日高値の距離,True,全体,全体,1d,1営業日,4,20,20,-0.01011249289898461,-0.008971916789494216,0.25,サンプル不足,0.01501201693095456
v4,distance_high_120d,120日高値接近度,終値と120日高値の距離,True,全体,全体,1d,1営業日,5,20,20,0.0073901120236517905,0.002597854066332339,0.5,サンプル不足,0.01501201693095456
v4,distance_high_120d,120日高値接近度,終値と120日高値の距離,True,全体,全体,3d,3営業日,1,20,20,0.03979653467068604,-0.000925238428113706,0.5,サンプル不足,-0.0008277393526985935
v4,distance_high_120d,120日高値接近度,終値と120日高値の距離,True,全体,全体,3d,3営業日,2,20,20,0.04686447199288386,0.015888246794318994,0.7,サンプル不足,-0.0008277393526985935
v4,distance_high_120d,120日高値接近度,終値と120日高値の距離,True,全体,全体,3d,3営業日,3,20,20,0.03826155846000456,0.002441129663097145,0.6,サンプル不足,-0.0008277393526985935
v4,distance_high_120d,120日高値接近度,終値と120日高値の距離,True,全体,全体,3d,3営業日,4,20,20,0.025638878640072048,0.02549881797100295,0.7,サンプル不足,-0.0008277393526985935
v4,distance_high_120d,120日高値接近度,終値と120日高値の距離,True,全体,全体,3d,3営業日,5,20,20,0.03896879531798745,0.032830371421136206,0.8,サンプル不足,-0.0008277393526985935
v4,distance_high_120d,120日高値接近度,終値と120日高値の距離,True,全体,全体,5d,5営業日,1,20,20,0.07514318367026104,0.036656694657892896,0.65,サンプル不足,-0.023798401222727347
v4,distance_high_120d,120日高値接近度,終値と120日高値の距離,True,全体,全体,5d,5営業日,2,20,20,0.08576459635973202,0.07551341467345407,0.8,サンプル不足,-0.023798401222727347
v4,distance_high_120d,120日高値接近度,終値と120日高値の距離,True,全体,全体,5d,5営業日,3,20,20,0.05341383024412878,0.015615025723605624,0.55,サンプル不足,-0.023798401222727347
v4,distance_high_120d,120日高値接近度,終値と120日高値の距離,True,全体,全体,5d,5営業日,4,20,20,0.05243922889397871,0.04226389743713521,0.75,サンプル不足,-0.023798401222727347
v4,distance_high_120d,120日高値接近度,終値と120日高値の距離,True,全体,全体,5d,5営業日,5,20,20,0.051344782447533696,0.053765595884876616,0.8,サンプル不足,-0.023798401222727347
v4,distance_high_120d,120日高値接近度,終値と120日高値の距離,True,業種,その他製品,10d,10営業日,1,1,1,0.0982274741506648,0.0982274741506648,1.0,サンプル不足,0.0
v4,distance_high_120d,120日高値接近度,終値と120日高値の距離,True,業種,その他製品,1d,1営業日,1,1,1,0.0723781388478581,0.0723781388478581,1.0,サンプル不足,0.0
v4,distance_high_120d,120日高値接近度,終値と120日高値の距離,True,業種,その他製品,3d,3営業日,1,1,1,-0.0088626292466764,-0.0088626292466764,0.0,サンプル不足,0.0
v4,distance_high_120d,120日高値接近度,終値と120日高値の距離,True,業種,その他製品,5d,5営業日,1,1,1,-0.0745937961595273,-0.0745937961595273,0.0,サンプル不足,0.0
v4,distance_high_120d,120日高値接近度,終値と120日高値の距離,True,業種,その他金融業,10d,10営業日,4,1,1,0.00390625,0.00390625,1.0,サンプル不足,-0.07967757486388383
v4,distance_high_120d,120日高値接近度,終値と120日高値の距離,True,業種,その他金融業,10d,10営業日,5,1,1,-0.07577132486388383,-0.07577132486388383,0.0,サンプル不足,-0.07967757486388383
v4,distance_high_120d,120日高値接近度,終値と120日高値の距離,True,業種,その他金融業,1d,1営業日,4,1,1,0.0,0.0,0.0,サンプル不足,0.00907441016333932
v4,distance_high_120d,120日高値接近度,終値と120日高値の距離,True,業種,その他金融業,1d,1営業日,5,1,1,0.00907441016333932,0.00907441016333932,1.0,サンプル不足,0.00907441016333932
v4,distance_high_120d,120日高値接近度,終値と120日高値の距離,True,業種,その他金融業,3d,3営業日,4,1,1,0.00390625,0.00390625,1.0,サンプル不足,0.020821517695099878
v4,distance_high_120d,120日高値接近度,終値と120日高値の距離,True,業種,その他金融業,3d,3営業日,5,1,1,0.024727767695099878,0.024727767695099878,1.0,サンプル不足,0.020821517695099878
v4,distance_high_120d,120日高値接近度,終値と120日高値の距離,True,業種,その他金融業,5d,5営業日,4,1,1,0.0,0.0,0.0,サンプル不足,-0.022232304900181465
v4,distance_high_120d,120日高値接近度,終値と120日高値の距離,True,業種,その他金融業,5d,5営業日,5,1,1,-0.022232304900181465,-0.022232304900181465,0.0,サンプル不足,-0.022232304900181465
v4,distance_high_120d,120日高値接近度,終値と120日高値の距離,True,業種,ガラス・土石製品,10d,10営業日,3,1,1,0.0439716312056737,0.0439716312056737,1.0,サンプル不足,0.07750538461949576
v4,distance_high_120d,120日高値接近度,終値と120日高値の距離,True,業種,ガラス・土石製品,10d,10営業日,5,1,1,0.12147701582516945,0.12147701582516945,1.0,サンプル不足,0.07750538461949576
v4,distance_high_120d,120日高値接近度,終値と120日高値の距離,True,業種,ガラス・土石製品,1d,1営業日,3,1,1,-0.0453900709219857,-0.0453900709219857,0.0,サンプル不足,0.06227025178106631
v4,distance_high_120d,120日高値接近度,終値と120日高値の距離,True,業種,ガラス・土石製品,1d,1営業日,5,1,1,0.016880180859080607,0.016880180859080607,1.0,サンプル不足,0.06227025178106631
v4,distance_high_120d,120日高値接近度,終値と120日高値の距離,True,業種,ガラス・土石製品,3d,3営業日,3,1,1,0.3120567375886525,0.3120567375886525,1.0,サンプル不足,-0.21062493653364123
v4,distance_high_120d,120日高値接近度,終値と120日高値の距離,True,業種,ガラス・土石製品,3d,3営業日,5,1,1,0.10143180105501126,0.10143180105501126,1.0,サンプル不足,-0.21062493653364123
v4,distance_high_120d,120日高値接近度,終値と120日高値の距離,True,業種,ガラス・土石製品,5d,5営業日,3,1,1,0.2368794326241134,0.2368794326241134,1.0,サンプル不足,-0.07712057806495745
v4,distance_high_120d,120日高値接近度,終値と120日高値の距離,True,業種,ガラス・土石製品,5d,5営業日,5,1,1,0.15975885455915595,0.15975885455915595,1.0,サンプル不足,-0.07712057806495745
v4,distance_high_120d,120日高値接近度,終値と120日高値の距離,True,業種,ゴム製品,10d,10営業日,1,1,1,-0.07069154774972553,-0.07069154774972553,0.0,サンプル不足,0.017150069230824738
v4,distance_high_120d,120日高値接近度,終値と120日高値の距離,True,業種,ゴム製品,10d,10営業日,3,1,1,-0.05354147851890079,-0.05354147851890079,0.0,サンプル不足,0.017150069230824738
v4,distance_high_120d,120日高値接近度,終値と120日高値の距離,True,業種,ゴム製品,1d,1営業日,1,1,1,-0.0231812997392975,-0.0231812997392975,0.0,サンプル不足,0.02495639831528762
v4,distance_high_120d,120日高値接近度,終値と120日高値の距離,True,業種,ゴム製品,1d,1営業日,3,1,1,0.0017750985759901194,0.0017750985759901194,1.0,サンプル不足,0.02495639831528762
v4,distance_high_120d,120日高値接近度,終値と120日高値の距離,True,業種,ゴム製品,3d,3営業日,1,1,1,-0.02662606767974751,-0.02662606767974751,0.0,サンプル不足,0.03825259167665107
v4,distance_high_120d,120日高値接近度,終値と120日高値の距離,True,業種,ゴム製品,3d,3営業日,3,1,1,0.01162652399690356,0.01162652399690356,1.0,サンプル不足,0.03825259167665107
v4,distance_high_120d,120日高値接近度,終値と120日高値の距離,True,業種,ゴム製品,5d,5営業日,1,1,1,-0.03136266379665198,-0.03136266379665198,0.0,サンプル不足,0.020855451017655735
v4,distance_high_120d,120日高値接近度,終値と120日高値の距離,True,業種,ゴム製品,5d,5営業日,3,1,1,-0.010507212778996244,-0.010507212778996244,0.0,サンプル不足,0.020855451017655735
v4,distance_high_120d,120日高値接近度,終値と120日高値の距離,True,業種,サービス業,10d,10営業日,1,2,2,-0.0860126242277733,-0.0860126242277733,0.5,サンプル不足,0.14066849467311743
v4,distance_high_120d,120日高値接近度,終値と120日高値の距離,True,業種,サービス業,10d,10営業日,2,1,1,0.04575416828227996,0.04575416828227996,1.0,サンプル不足,0.14066849467311743
v4,distance_high_120d,120日高値接近度,終値と120日高値の距離,True,業種,サービス業,10d,10営業日,4,2,2,0.027311681150152478,0.027311681150152478,0.5,サンプル不足,0.14066849467311743
v4,distance_high_120d,120日高値接近度,終値と120日高値の距離,True,業種,サービス業,10d,10営業日,5,1,1,0.054655870445344146,0.054655870445344146,1.0,サンプル不足,0.14066849467311743
v4,distance_high_120d,120日高値接近度,終値と120日高値の距離,True,業種,サービス業,1d,1営業日,1,2,2,-0.09086422240128929,-0.09086422240128929,0.5,サンプル不足,0.060904708231248786
v4,distance_high_120d,120日高値接近度,終値と120日高値の距離,True,業種,サービス業,1d,1営業日,2,1,1,0.05506010081426904,0.05506010081426904,1.0,サンプル不足,0.060904708231248786
v4,distance_high_120d,120日高値接近度,終値と120日高値の距離,True,業種,サービス業,1d,1営業日,4,2,2,-0.006823835108008491,-0.006823835108008491,0.0,サンプル不足,0.060904708231248786
v4,distance_high_120d,120日高値接近度,終値と120日高値の距離,True,業種,サービス業,1d,1営業日,5,1,1,-0.029959514170040502,-0.029959514170040502,0.0,サンプル不足,0.060904708231248786
v4,distance_high_120d,120日高値接近度,終値と120日高値の距離,True,業種,サービス業,3d,3営業日,1,2,2,-0.09442989524576953,-0.09442989524576953,0.5,サンプル不足,0.08268900455751041
v4,distance_high_120d,120日高値接近度,終値と120日高値の距離,True,業種,サービス業,3d,3営業日,2,1,1,0.053896859247770434,0.053896859247770434,1.0,サンプル不足,0.08268900455751041
v4,distance_high_120d,120日高値接近度,終値と120日高値の距離,True,業種,サービス業,3d,3営業日,4,2,2,-0.000675822834421913,-0.000675822834421913,0.5,サンプル不足,0.08268900455751041
v4,distance_high_120d,120日高値接近度,終値と120日高値の距離,True,業種,サービス業,3d,3営業日,5,1,1,-0.01174089068825912,-0.01174089068825912,0.0,サンプル不足,0.08268900455751041
v4,distance_high_120d,120日高値接近度,終値と120日高値の距離,True,業種,サービス業,5d,5営業日,1,2,2,0.045863550899812006,0.045863550899812006,0.5,サンプル不足,0.01972349363460088
v4,distance_high_120d,120日高値接近度,終値と120日高値の距離,True,業種,サービス業,5d,5営業日,2,1,1,0.07018224117875138,0.07018224117875138,1.0,サンプル不足,0.01972349363460088
v4,distance_high_120d,120日高値接近度,終値と120日高値の距離,True,業種,サービス業,5d,5営業日,4,2,2,0.028002503300459225,0.028002503300459225,0.5,サンプル不足,0.01972349363460088
v4,distance_high_120d,120日高値接近度,終値と120日高値の距離,True,業種,サービス業,5d,5営業日,5,1,1,0.06558704453441289,0.06558704453441289,1.0,サンプル不足,0.01972349363460088
v4,distance_high_120d,120日高値接近度,終値と120日高値の距離,True,業種,不動産業,10d,10営業日,5,2,2,0.14027836158983698,0.14027836158983698,1.0,サンプル不足,0.0
v4,distance_high_120d,120日高値接近度,終値と120日高値の距離,True,業種,不動産業,1d,1営業日,5,2,2,0.07237712702193577,0.07237712702193577,1.0,サンプル不足,0.0
v4,distance_high_120d,120日高値接近度,終値と120日高値の距離,True,業種,不動産業,3d,3営業日,5,2,2,0.1341055220836641,0.1341055220836641,1.0,サンプル不足,0.0
v4,distance_high_120d,120日高値接近度,終値と120日高値の距離,True,業種,不動産業,5d,5営業日,5,2,2,0.12112932604735882,0.12112932604735882,1.0,サンプル不足,0.0
v4,distance_high_120d,120日高値接近度,終値と120日高値の距離,True,業種,保険業,10d,10営業日,5,1,1,-0.02083333333333337,-0.02083333333333337,0.0,サンプル不足,0.0
v4,distance_high_120d,120日高値接近度,終値と120日高値の距離,True,業種,保険業,1d,1営業日,5,1,1,0.007601351351351315,0.007601351351351315,1.0,サンプル不足,0.0
v4,distance_high_120d,120日高値接近度,終値と120日高値の距離,True,業種,保険業,3d,3営業日,5,1,1,0.025056306306306286,0.025056306306306286,1.0,サンプル不足,0.0
v4,distance_high_120d,120日高値接近度,終値と120日高値の距離,True,業種,保険業,5d,5営業日,5,1,1,0.032939189189189255,0.032939189189189255,1.0,サンプル不足,0.0
v4,distance_high_120d,120日高値接近度,終値と120日高値の距離,True,業種,化学,10d,10営業日,1,2,2,-0.05208900516607125,-0.05208900516607125,0.0,サンプル不足,0.07652581310803375
v4,distance_high_120d,120日高値接近度,終値と120日高値の距離,True,業種,化学,10d,10営業日,2,4,4,-0.02045628161737223,-0.026387391610030453,0.25,サンプル不足,0.07652581310803375
v4,distance_high_120d,120日高値接近度,終値と120日高値の距離,True,業種,化学,10d,10営業日,3,5,5,-0.013218828182294829,0.0013291980505094614,0.6,サンプル不足,0.07652581310803375
v4,distance_high_120d,120日高値接近度,終値と120日高値の距離,True,業種,化学,10d,10営業日,4,1,1,-0.07270233196159126,-0.07270233196159126,0.0,サンプル不足,0.07652581310803375
v4,distance_high_120d,120日高値接近度,終値と120日高値の距離,True,業種,化学,10d,10営業日,5,1,1,0.0244368079419625,0.0244368079419625,1.0,サンプル不足,0.07652581310803375
v4,distance_high_120d,120日高値接近度,終値と120日高値の距離,True,業種,化学,1d,1営業日,1,2,2,0.04505305515345491,0.04505305515345491,1.0,サンプル不足,-0.03665290242340531
v4,distance_high_120d,120日高値接近度,終値と120日高値の距離,True,業種,化学,1d,1営業日,2,4,4,-0.010968768395704181,-0.013526831785345694,0.25,サンプル不足,-0.03665290242340531
v4,distance_high_120d,120日高値接近度,終値と120日高値の距離,True,業種,化学,1d,1営業日,3,5,5,-0.012132988465400497,-0.014542570068746707,0.0,サンプル不足,-0.03665290242340531
v4,distance_high_120d,120日高値接近度,終値と120日高値の距離,True,業種,化学,1d,1営業日,4,1,1,-0.03155006858710563,-0.03155006858710563,0.0,サンプル不足,-0.03665290242340531
v4,distance_high_120d,120日高値接近度,終値と120日高値の距離,True,業種,化学,1d,1営業日,5,1,1,0.0084001527300496,0.0084001527300496,1.0,サンプル不足,-0.03665290242340531
v4,distance_high_120d,120日高値接近度,終値と120日高値の距離,True,業種,化学,3d,3営業日,1,2,2,0.11490723648388433,0.11490723648388433,1.0,サンプル不足,-0.08130662556368584
v4,distance_high_120d,120日高値接近度,終値と120日高値の距離,True,業種,化学,3d,3営業日,2,4,4,0.06268986087328343,0.060985007339064756,1.0,サンプル不足,-0.08130662556368584
v4,distance_high_120d,120日高値接近度,終値と120日高値の距離,True,業種,化学,3d,3営業日,3,5,5,-0.002229943028022663,-0.004361733061936657,0.4,サンプル不足,-0.08130662556368584
v4,distance_high_120d,120日高値接近度,終値と120日高値の距離,True,業種,化学,3d,3営業日,4,1,1,0.010973936899862924,0.010973936899862924,1.0,サンプル不足,-0.08130662556368584
v4,distance_high_120d,120日高値接近度,終値と120日高値の距離,True,業種,化学,3d,3営業日,5,1,1,0.0336006109201985,0.0336006109201985,1.0,サンプル不足,-0.08130662556368584
v4,distance_high_120d,120日高値接近度,終値と120日高値の距離,True,業種,化学,5d,5営業日,1,2,2,0.12244186509781005,0.12244186509781005,1.0,サンプル不足,-0.051422392016481355
v4,distance_high_120d,120日高値接近度,終値と120日高値の距離,True,業種,化学,5d,5営業日,2,4,4,0.06129985017975387,0.03535332354791354,1.0,サンプル不足,-0.051422392016481355
v4,distance_high_120d,120日高値接近度,終値と120日高値の距離,True,業種,化学,5d,5営業日,3,5,5,0.0005022449609742629,-0.021808665309683062,0.4,サンプル不足,-0.051422392016481355
v4,distance_high_120d,120日高値接近度,終値と120日高値の距離,True,業種,化学,5d,5営業日,4,1,1,0.04663923182441709,0.04663923182441709,1.0,サンプル不足,-0.051422392016481355
v4,distance_high_120d,120日高値接近度,終値と120日高値の距離,True,業種,化学,5d,5営業日,5,1,1,0.0710194730813287,0.0710194730813287,1.0,サンプル不足,-0.051422392016481355
v4,distance_high_120d,120日高値接近度,終値と120日高値の距離,True,業種,卸売業,10d,10営業日,5,1,1,-0.0768126346015792,-0.0768126346015792,0.0,サンプル不足,0.0
v4,distance_high_120d,120日高値接近度,終値と120日高値の距離,True,業種,卸売業,1d,1営業日,5,1,1,-0.1184493898061737,-0.1184493898061737,0.0,サンプル不足,0.0
v4,distance_high_120d,120日高値接近度,終値と120日高値の距離,True,業種,卸売業,3d,3営業日,5,1,1,-0.0760947595118449,-0.0760947595118449,0.0,サンプル不足,0.0
v4,distance_high_120d,120日高値接近度,終値と120日高値の距離,True,業種,卸売業,5d,5営業日,5,1,1,-0.0753768844221105,-0.0753768844221105,0.0,サンプル不足,0.0
v4,distance_high_120d,120日高値接近度,終値と120日高値の距離,True,業種,小売業,10d,10営業日,3,2,2,-0.03404965727056314,-0.03404965727056314,0.0,サンプル不足,-0.03959535721019819
v4,distance_high_120d,120日高値接近度,終値と120日高値の距離,True,業種,小売業,10d,10営業日,5,1,1,-0.07364501448076133,-0.07364501448076133,0.0,サンプル不足,-0.03959535721019819
v4,distance_high_120d,120日高値接近度,終値と120日高値の距離,True,業種,小売業,1d,1営業日,3,2,2,-0.0024720680282321913,-0.0024720680282321913,0.5,サンプル不足,-0.04965867255927303
v4,distance_high_120d,120日高値接近度,終値と120日高値の距離,True,業種,小売業,1d,1営業日,5,1,1,-0.05213074058750522,-0.05213074058750522,0.0,サンプル不足,-0.04965867255927303
v4,distance_high_120d,120日高値接近度,終値と120日高値の距離,True,業種,小売業,3d,3営業日,3,2,2,-0.016198928103208807,-0.016198928103208807,0.5,サンプル不足,-0.0206235791371718
v4,distance_high_120d,120日高値接近度,終値と120日高値の距離,True,業種,小売業,3d,3営業日,5,1,1,-0.03682250724038061,-0.03682250724038061,0.0,サンプル不足,-0.0206235791371718
v4,distance_high_120d,120日高値接近度,終値と120日高値の距離,True,業種,小売業,5d,5営業日,3,2,2,-0.02489021547597,-0.02489021547597,0.0,サンプル不足,-0.043376230531477246
v4,distance_high_120d,120日高値接近度,終値と120日高値の距離,True,業種,小売業,5d,5営業日,5,1,1,-0.06826644600744725,-0.06826644600744725,0.0,サンプル不足,-0.043376230531477246
v4,distance_high_120d,120日高値接近度,終値と120日高値の距離,True,業種,建設業,10d,10営業日,1,1,1,-0.042903752039151755,-0.042903752039151755,0.0,サンプル不足,0.18736904284590605
v4,distance_high_120d,120日高値接近度,終値と120日高値の距離,True,業種,建設業,10d,10営業日,3,1,1,0.1444652908067543,0.1444652908067543,1.0,サンプル不足,0.18736904284590605
v4,distance_high_120d,120日高値接近度,終値と120日高値の距離,True,業種,建設業,1d,1営業日,1,1,1,-0.037683523654159834,-0.037683523654159834,0.0,サンプル不足,0.009540934535960943
v4,distance_high_120d,120日高値接近度,終値と120日高値の距離,True,業種,建設業,1d,1営業日,3,1,1,-0.02814258911819889,-0.02814258911819889,0.0,サンプル不足,0.009540934535960943
v4,distance_high_120d,120日高値接近度,終値と120日高値の距離,True,業種,建設業,3d,3営業日,1,1,1,-0.021044045676998357,-0.021044045676998357,0.0,サンプル不足,0.12836111884773016
v4,distance_high_120d,120日高値接近度,終値と120日高値の距離,True,業種,建設業,3d,3営業日,3,1,1,0.1073170731707318,0.1073170731707318,1.0,サンプル不足,0.12836111884773016
v4,distance_high_120d,120日高値接近度,終値と120日高値の距離,True,業種,建設業,5d,5営業日,1,1,1,-0.02610114192495927,-0.02610114192495927,0.0,サンプル不足,0.19870902184991235
v4,distance_high_120d,120日高値接近度,終値と120日高値の距離,True,業種,建設業,5d,5営業日,3,1,1,0.17260787992495308,0.17260787992495308,1.0,サンプル不足,0.19870902184991235
v4,distance_high_120d,120日高値接近度,終値と120日高値の距離,True,業種,情報・通信業,10d,10営業日,1,1,1,-0.1743941728533408,-0.1743941728533408,0.0,サンプル不足,0.007727506186674199
v4,distance_high_120d,120日高値接近度,終値と120日高値の距離,True,業種,情報・通信業,10d,10営業日,4,1,1,-0.25,-0.25,0.0,サンプル不足,0.007727506186674199
v4,distance_high_120d,120日高値接近度,終値と120日高値の距離,True,業種,情報・通信業,10d,10営業日,5,1,1,-0.1666666666666666,-0.1666666666666666,0.0,サンプル不足,0.007727506186674199
v4,distance_high_120d,120日高値接近度,終値と120日高値の距離,True,業種,情報・通信業,1d,1営業日,1,1,1,-0.005182798711304115,-0.005182798711304115,0.0,サンプル不足,0.17184946537797083
v4,distance_high_120d,120日高値接近度,終値と120日高値の距離,True,業種,情報・通信業,1d,1営業日,4,1,1,-0.0902366863905325,-0.0902366863905325,0.0,サンプル不足,0.17184946537797083
v4,distance_high_120d,120日高値接近度,終値と120日高値の距離,True,業種,情報・通信業,1d,1営業日,5,1,1,0.1666666666666667,0.1666666666666667,1.0,サンプル不足,0.17184946537797083
v4,distance_high_120d,120日高値接近度,終値と120日高値の距離,True,業種,情報・通信業,3d,3営業日,1,1,1,0.007003782042302786,0.007003782042302786,1.0,サンプル不足,-0.07367044870896938
v4,distance_high_120d,120日高値接近度,終値と120日高値の距離,True,業種,情報・通信業,3d,3営業日,4,1,1,-0.1624260355029585,-0.1624260355029585,0.0,サンプル不足,-0.07367044870896938
v4,distance_high_120d,120日高値接近度,終値と120日高値の距離,True,業種,情報・通信業,3d,3営業日,5,1,1,-0.0666666666666666,-0.0666666666666666,0.0,サンプル不足,-0.07367044870896938
v4,distance_high_120d,120日高値接近度,終値と120日高値の距離,True,業種,情報・通信業,5d,5営業日,1,1,1,0.014707942288835874,0.014707942288835874,1.0,サンプル不足,-0.21137460895550247
v4,distance_high_120d,120日高値接近度,終値と120日高値の距離,True,業種,情報・通信業,5d,5営業日,4,1,1,-0.1568047337278106,-0.1568047337278106,0.0,サンプル不足,-0.21137460895550247
v4,distance_high_120d,120日高値接近度,終値と120日高値の距離,True,業種,情報・通信業,5d,5営業日,5,1,1,-0.1966666666666666,-0.1966666666666666,0.0,サンプル不足,-0.21137460895550247
v4,distance_high_120d,120日高値接近度,終値と120日高値の距離,True,業種,機械,10d,10営業日,1,5,5,0.1539799809669988,0.004562954513047224,0.6,サンプル不足,-0.1317892529824183
v4,distance_high_120d,120日高値接近度,終値と120日高値の距離,True,業種,機械,10d,10営業日,2,2,2,0.009325686904713325,0.009325686904713325,0.5,サンプル不足,-0.1317892529824183
v4,distance_high_120d,120日高値接近度,終値と120日高値の距離,True,業種,機械,10d,10営業日,3,2,2,0.025244958437548946,0.025244958437548946,0.5,サンプル不足,-0.1317892529824183
v4,distance_high_120d,120日高値接近度,終値と120日高値の距離,True,業種,機械,10d,10営業日,4,6,6,-0.056117900756428064,-0.05045390286361884,0.3333333333333333,サンプル不足,-0.1317892529824183
v4,distance_high_120d,120日高値接近度,終値と120日高値の距離,True,業種,機械,10d,10営業日,5,6,6,0.022190727984580494,-7.075963084435255e-05,0.5,サンプル不足,-0.1317892529824183
v4,distance_high_120d,120日高値接近度,終値と120日高値の距離,True,業種,機械,1d,1営業日,1,5,5,0.018917609498397298,-0.015685156138599776,0.2,サンプル不足,-0.014438603462998478
v4,distance_high_120d,120日高値接近度,終値と120日高値の距離,True,業種,機械,1d,1営業日,2,2,2,0.008581932194122167,0.008581932194122167,1.0,サンプル不足,-0.014438603462998478
v4,distance_high_120d,120日高値接近度,終値と120日高値の距離,True,業種,機械,1d,1営業日,3,2,2,-0.004227590074011122,-0.004227590074011122,0.5,サンプル不足,-0.014438603462998478
v4,distance_high_120d,120日高値接近度,終値と120日高値の距離,True,業種,機械,1d,1営業日,4,6,6,-0.010294922716556429,-0.020141721057973905,0.3333333333333333,サンプル不足,-0.014438603462998478
v4,distance_high_120d,120日高値接近度,終値と120日高値の距離,True,業種,機械,1d,1営業日,5,6,6,0.004479006035398821,0.002597854066332339,0.5,サンプル不足,-0.014438603462998478
v4,distance_high_120d,120日高値接近度,終値と120日高値の距離,True,業種,機械,3d,3営業日,1,5,5,0.1544959575700205,0.03522030514758301,0.8,サンプル不足,-0.09507839742013363
v4,distance_high_120d,120日高値接近度,終値と120日高値の距離,True,業種,機械,3d,3営業日,2,2,2,0.04850664199012888,0.04850664199012888,1.0,サンプル不足,-0.09507839742013363
v4,distance_high_120d,120日高値接近度,終値と120日高値の距離,True,業種,機械,3d,3営業日,3,2,2,0.0024082826249247494,0.0024082826249247494,0.5,サンプル不足,-0.09507839742013363
v4,distance_high_120d,120日高値接近度,終値と120日高値の距離,True,業種,機械,3d,3営業日,4,6,6,0.015303284693672111,-8.748895963195391e-05,0.5,サンプル不足,-0.09507839742013363
v4,distance_high_120d,120日高値接近度,終値と120日高値の距離,True,業種,機械,3d,3営業日,5,6,6,0.05941756014988686,0.0727122742278844,1.0,サンプル不足,-0.09507839742013363
v4,distance_high_120d,120日高値接近度,終値と120日高値の距離,True,業種,機械,5d,5営業日,1,5,5,0.18112473675133595,0.05860544702694992,1.0,サンプル不足,-0.08827529647484776
v4,distance_high_120d,120日高値接近度,終値と120日高値の距離,True,業種,機械,5d,5営業日,2,2,2,0.09147177371302738,0.09147177371302738,1.0,サンプル不足,-0.08827529647484776
v4,distance_high_120d,120日高値接近度,終値と120日高値の距離,True,業種,機械,5d,5営業日,3,2,2,0.06068917599577558,0.06068917599577558,1.0,サンプル不足,-0.08827529647484776
v4,distance_high_120d,120日高値接近度,終値と120日高値の距離,True,業種,機械,5d,5営業日,4,6,6,0.046749604289601544,0.03270741082590456,0.8333333333333334,サンプル不足,-0.08827529647484776
v4,distance_high_120d,120日高値接近度,終値と120日高値の距離,True,業種,機械,5d,5営業日,5,6,6,0.09284944027648818,0.08795274316659685,1.0,サンプル不足,-0.08827529647484776
v4,distance_high_120d,120日高値接近度,終値と120日高値の距離,True,業種,海運業,10d,10営業日,2,1,1,-0.07318923018581724,-0.07318923018581724,0.0,サンプル不足,0.0
v4,distance_high_120d,120日高値接近度,終値と120日高値の距離,True,業種,海運業,1d,1営業日,2,1,1,-0.015927189988623414,-0.015927189988623414,0.0,サンプル不足,0.0
v4,distance_high_120d,120日高値接近度,終値と120日高値の距離,True,業種,海運業,3d,3営業日,2,1,1,-0.04702313234736444,-0.04702313234736444,0.0,サンプル不足,0.0
v4,distance_high_120d,120日高値接近度,終値と120日高値の距離,True,業種,海運業,5d,5営業日,2,1,1,-0.04323094425483509,-0.04323094425483509,0.0,サンプル不足,0.0
v4,distance_high_120d,120日高値接近度,終値と120日高値の距離,True,業種,空運業,10d,10営業日,1,1,1,0.014875154949530733,0.014875154949530733,1.0,サンプル不足,-0.018529639999364633
v4,distance_high_120d,120日高値接近度,終値と120日高値の距離,True,業種,空運業,10d,10営業日,2,1,1,-0.0036544850498339,-0.0036544850498339,0.0,サンプル不足,-0.018529639999364633
v4,distance_high_120d,120日高値接近度,終値と120日高値の距離,True,業種,空運業,1d,1営業日,1,1,1,0.006375066406941743,0.006375066406941743,1.0,サンプル不足,0.004588388742559957
v4,distance_high_120d,120日高値接近度,終値と120日高値の距離,True,業種,空運業,1d,1営業日,2,1,1,0.0109634551495017,0.0109634551495017,1.0,サンプル不足,0.004588388742559957
v4,distance_high_120d,120日高値接近度,終値と120日高値の距離,True,業種,空運業,3d,3営業日,1,1,1,-0.008854258898530198,-0.008854258898530198,0.0,サンプル不足,0.004203096107832538
v4,distance_high_120d,120日高値接近度,終値と120日高値の距離,True,業種,空運業,3d,3営業日,2,1,1,-0.0046511627906976605,-0.0046511627906976605,0.0,サンプル不足,0.004203096107832538
v4,distance_high_120d,120日高値接近度,終値と120日高値の距離,True,業種,空運業,5d,5営業日,1,1,1,-0.011156366212147995,-0.011156366212147995,0.0,サンプル不足,-0.013926690266257369
v4,distance_high_120d,120日高値接近度,終値と120日高値の距離,True,業種,空運業,5d,5営業日,2,1,1,-0.025083056478405363,-0.025083056478405363,0.0,サンプル不足,-0.013926690266257369
v4,distance_high_120d,120日高値接近度,終値と120日高値の距離,True,業種,繊維製品,10d,10営業日,2,1,1,-0.04926931106471821,-0.04926931106471821,0.0,サンプル不足,0.0
v4,distance_high_120d,120日高値接近度,終値と120日高値の距離,True,業種,繊維製品,1d,1営業日,2,1,1,-0.017118997912317302,-0.017118997912317302,0.0,サンプル不足,0.0
v4,distance_high_120d,120日高値接近度,終値と120日高値の距離,True,業種,繊維製品,3d,3営業日,2,1,1,-0.0041753653444676075,-0.0041753653444676075,0.0,サンプル不足,0.0
v4,distance_high_120d,120日高値接近度,終値と120日高値の距離,True,業種,繊維製品,5d,5営業日,2,1,1,-0.02171189979123178,-0.02171189979123178,0.0,サンプル不足,0.0
v4,distance_high_120d,120日高値接近度,終値と120日高値の距離,True,業種,証券、商品先物取引業,10d,10営業日,3,2,2,-0.00168401076560859,-0.00168401076560859,0.5,サンプル不足,0.0
v4,distance_high_120d,120日高値接近度,終値と120日高値の距離,True,業種,証券、商品先物取引業,1d,1営業日,3,2,2,0.0027047039679337637,0.0027047039679337637,1.0,サンプル不足,0.0
v4,distance_high_120d,120日高値接近度,終値と120日高値の距離,True,業種,証券、商品先物取引業,3d,3営業日,3,2,2,0.018397529408113233,0.018397529408113233,1.0,サンプル不足,0.0
v4,distance_high_120d,120日高値接近度,終値と120日高値の距離,True,業種,証券、商品先物取引業,5d,5営業日,3,2,2,0.01767402109669103,0.01767402109669103,1.0,サンプル不足,0.0
v4,distance_high_120d,120日高値接近度,終値と120日高値の距離,True,業種,輸送用機器,10d,10営業日,1,2,2,-0.03315062772427113,-0.03315062772427113,0.5,サンプル不足,-0.03187400281760078
v4,distance_high_120d,120日高値接近度,終値と120日高値の距離,True,業種,輸送用機器,10d,10営業日,2,1,1,-0.06502463054187191,-0.06502463054187191,0.0,サンプル不足,-0.03187400281760078
v4,distance_high_120d,120日高値接近度,終値と120日高値の距離,True,業種,輸送用機器,1d,1営業日,1,2,2,-0.014126768691798852,-0.014126768691798852,0.0,サンプル不足,-0.0026219997811075535
v4,distance_high_120d,120日高値接近度,終値と120日高値の距離,True,業種,輸送用機器,1d,1営業日,2,1,1,-0.016748768472906406,-0.016748768472906406,0.0,サンプル不足,-0.0026219997811075535
v4,distance_high_120d,120日高値接近度,終値と120日高値の距離,True,業種,輸送用機器,3d,3営業日,1,2,2,-0.03601939579545094,-0.03601939579545094,0.0,サンプル不足,0.0458716125442194
v4,distance_high_120d,120日高値接近度,終値と120日高値の距離,True,業種,輸送用機器,3d,3営業日,2,1,1,0.009852216748768461,0.009852216748768461,1.0,サンプル不足,0.0458716125442194
v4,distance_high_120d,120日高値接近度,終値と120日高値の距離,True,業種,輸送用機器,5d,5営業日,1,2,2,-0.04993293544111804,-0.04993293544111804,0.0,サンプル不足,0.14549943790417214
v4,distance_high_120d,120日高値接近度,終値と120日高値の距離,True,業種,輸送用機器,5d,5営業日,2,1,1,0.09556650246305409,0.09556650246305409,1.0,サンプル不足,0.14549943790417214
v4,distance_high_120d,120日高値接近度,終値と120日高値の距離,True,業種,金属製品,10d,10営業日,2,1,1,0.3711201079622133,0.3711201079622133,1.0,サンプル不足,-0.30768369681238755
v4,distance_high_120d,120日高値接近度,終値と120日高値の距離,True,業種,金属製品,10d,10営業日,3,2,2,0.06343641114982575,0.06343641114982575,0.5,サンプル不足,-0.30768369681238755
v4,distance_high_120d,120日高値接近度,終値と120日高値の距離,True,業種,金属製品,1d,1営業日,2,1,1,-0.03545541287112,-0.03545541287112,0.0,サンプル不足,0.08689638131261244
v4,distance_high_120d,120日高値接近度,終値と120日高値の距離,True,業種,金属製品,1d,1営業日,3,2,2,0.05144096844149244,0.05144096844149244,0.5,サンプル不足,0.08689638131261244
v4,distance_high_120d,120日高値接近度,終値と120日高値の距離,True,業種,金属製品,3d,3営業日,2,1,1,0.1757488297064777,0.1757488297064777,1.0,サンプル不足,-0.058691367906971326
v4,distance_high_120d,120日高値接近度,終値と120日高値の距離,True,業種,金属製品,3d,3営業日,3,2,2,0.11705746179950638,0.11705746179950638,1.0,サンプル不足,-0.058691367906971326
v4,distance_high_120d,120日高値接近度,終値と120日高値の距離,True,業種,金属製品,5d,5営業日,2,1,1,0.4178940251771255,0.4178940251771255,1.0,サンプル不足,-0.2425502434189954
v4,distance_high_120d,120日高値接近度,終値と120日高値の距離,True,業種,金属製品,5d,5営業日,3,2,2,0.1753437817581301,0.1753437817581301,0.5,サンプル不足,-0.2425502434189954
v4,distance_high_120d,120日高値接近度,終値と120日高値の距離,True,業種,鉄鋼,10d,10営業日,5,1,1,0.14146341463414625,0.14146341463414625,1.0,サンプル不足,0.0
v4,distance_high_120d,120日高値接近度,終値と120日高値の距離,True,業種,鉄鋼,1d,1営業日,5,1,1,-0.0060975609756097615,-0.0060975609756097615,0.0,サンプル不足,0.0
v4,distance_high_120d,120日高値接近度,終値と120日高値の距離,True,業種,鉄鋼,3d,3営業日,5,1,1,0.02987804878048772,0.02987804878048772,1.0,サンプル不足,0.0
v4,distance_high_120d,120日高値接近度,終値と120日高値の距離,True,業種,鉄鋼,5d,5営業日,5,1,1,0.18130081300813017,0.18130081300813017,1.0,サンプル不足,0.0
v4,distance_high_120d,120日高値接近度,終値と120日高値の距離,True,業種,銀行業,10d,10営業日,2,1,1,-0.023312393290677358,-0.023312393290677358,0.0,サンプル不足,0.0051458041694788514
v4,distance_high_120d,120日高値接近度,終値と120日高値の距離,True,業種,銀行業,10d,10営業日,4,1,1,-0.03752345215759845,-0.03752345215759845,0.0,サンプル不足,0.0051458041694788514
v4,distance_high_120d,120日高値接近度,終値と120日高値の距離,True,業種,銀行業,10d,10営業日,5,3,3,-0.018166589121198506,-0.018093160528679597,0.0,サンプル不足,0.0051458041694788514
v4,distance_high_120d,120日高値接近度,終値と120日高値の距離,True,業種,銀行業,1d,1営業日,2,1,1,-0.006958942388566536,-0.006958942388566536,0.0,サンプル不足,-0.0016449262828958089
v4,distance_high_120d,120日高値接近度,終値と120日高値の距離,True,業種,銀行業,1d,1営業日,4,1,1,-0.008755472170106304,-0.008755472170106304,0.0,サンプル不足,-0.0016449262828958089
v4,distance_high_120d,120日高値接近度,終値と120日高値の距離,True,業種,銀行業,1d,1営業日,5,3,3,-0.008603868671462345,-0.00461953034774798,0.0,サンプル不足,-0.0016449262828958089
v4,distance_high_120d,120日高値接近度,終値と120日高値の距離,True,業種,銀行業,3d,3営業日,2,1,1,-0.012526117536426518,-0.012526117536426518,0.0,サンプル不足,0.05628938108414224
v4,distance_high_120d,120日高値接近度,終値と120日高値の距離,True,業種,銀行業,3d,3営業日,4,1,1,0.03064415259537201,0.03064415259537201,1.0,サンプル不足,0.05628938108414224
v4,distance_high_120d,120日高値接近度,終値と120日高値の距離,True,業種,銀行業,3d,3営業日,5,3,3,0.043763263547715724,0.04071560764959892,1.0,サンプル不足,0.05628938108414224
v4,distance_high_120d,120日高値接近度,終値と120日高値の距離,True,業種,銀行業,5d,5営業日,2,1,1,-0.03305497634569088,-0.03305497634569088,0.0,サンプル不足,0.05954740395276288
v4,distance_high_120d,120日高値接近度,終値と120日高値の距離,True,業種,銀行業,5d,5営業日,4,1,1,0.022201375859912442,0.022201375859912442,1.0,サンプル不足,0.05954740395276288
v4,distance_high_120d,120日高値接近度,終値と120日高値の距離,True,業種,銀行業,5d,5営業日,5,3,3,0.026492427607072006,0.028069093152375046,1.0,サンプル不足,0.05954740395276288
v4,distance_high_120d,120日高値接近度,終値と120日高値の距離,True,業種,電気機器,10d,10営業日,1,4,4,0.05558722406575444,0.06368154700446096,0.5,サンプル不足,-0.027853411796198303
v4,distance_high_120d,120日高値接近度,終値と120日高値の距離,True,業種,電気機器,10d,10営業日,2,7,7,0.05747005063416207,0.07174688057041001,0.8571428571428571,サンプル不足,-0.027853411796198303
v4,distance_high_120d,120日高値接近度,終値と120日高値の距離,True,業種,電気機器,10d,10営業日,3,3,3,-0.032674048577693515,-0.08013312852022525,0.3333333333333333,サンプル不足,-0.027853411796198303
v4,distance_high_120d,120日高値接近度,終値と120日高値の距離,True,業種,電気機器,10d,10営業日,4,8,8,0.027733812269556138,0.022648271010964338,0.75,サンプル不足,-0.027853411796198303
v4,distance_high_120d,120日高値接近度,終値と120日高値の距離,True,業種,電気機器,1d,1営業日,1,4,4,-0.03496396422720345,-0.04650419666822887,0.25,サンプル不足,0.035427661187629425
v4,distance_high_120d,120日高値接近度,終値と120日高値の距離,True,業種,電気機器,1d,1営業日,2,7,7,0.022424901461875178,0.0032991202346042137,0.5714285714285714,サンプル不足,0.035427661187629425
v4,distance_high_120d,120日高値接近度,終値と120日高値の距離,True,業種,電気機器,1d,1営業日,3,3,3,0.0014855870960133928,-0.015637216575449586,0.3333333333333333,サンプル不足,0.035427661187629425
v4,distance_high_120d,120日高値接近度,終値と120日高値の距離,True,業種,電気機器,1d,1営業日,4,8,8,0.0004636969604259744,-0.007607455835303978,0.375,サンプル不足,0.035427661187629425
v4,distance_high_120d,120日高値接近度,終値と120日高値の距離,True,業種,電気機器,3d,3営業日,1,4,4,0.02822955853448508,0.0337471803342747,0.5,サンプル不足,0.039171842255011885
v4,distance_high_120d,120日高値接近度,終値と120日高値の距離,True,業種,電気機器,3d,3営業日,2,7,7,0.059770654957175075,0.01796187683284467,0.7142857142857143,サンプル不足,0.039171842255011885
v4,distance_high_120d,120日高値接近度,終値と120日高値の距離,True,業種,電気機器,3d,3営業日,3,3,3,0.03879587794999958,-0.013056835637480835,0.3333333333333333,サンプル不足,0.039171842255011885
v4,distance_high_120d,120日高値接近度,終値と120日高値の距離,True,業種,電気機器,3d,3営業日,4,8,8,0.06740140078949697,0.06187776277752588,0.875,サンプル不足,0.039171842255011885
v4,distance_high_120d,120日高値接近度,終値と120日高値の距離,True,業種,電気機器,5d,5営業日,1,4,4,0.1222502635849959,0.09841286454753151,1.0,サンプル不足,-0.022219504636929968
v4,distance_high_120d,120日高値接近度,終値と120日高値の距離,True,業種,電気機器,5d,5営業日,2,7,7,0.11808386958582891,0.12321746880570417,1.0,サンプル不足,-0.022219504636929968
v4,distance_high_120d,120日高値接近度,終値と120日高値の距離,True,業種,電気機器,5d,5営業日,3,3,3,0.07162868794942727,0.04019457245263691,0.6666666666666666,サンプル不足,-0.022219504636929968
v4,distance_high_120d,120日高値接近度,終値と120日高値の距離,True,業種,電気機器,5d,5営業日,4,8,8,0.10003075894806593,0.12189665979716169,0.875,サンプル不足,-0.022219504636929968
v4,distance_high_120d,120日高値接近度,終値と120日高値の距離,True,業種,食料品,10d,10営業日,3,1,1,0.051290219815227855,0.051290219815227855,1.0,サンプル不足,0.0
v4,distance_high_120d,120日高値接近度,終値と120日高値の距離,True,業種,食料品,1d,1営業日,3,1,1,0.005734310289901234,0.005734310289901234,1.0,サンプル不足,0.0
v4,distance_high_120d,120日高値接近度,終値と120日高値の距離,True,業種,食料品,3d,3営業日,3,1,1,-0.014335775724753086,-0.014335775724753086,0.0,サンプル不足,0.0
v4,distance_high_120d,120日高値接近度,終値と120日高値の距離,True,業種,食料品,5d,5営業日,3,1,1,-0.005734310289901234,-0.005734310289901234,0.0,サンプル不足,0.0
v4,distance_ma20,20日移動平均乖離,終値の20日移動平均からの乖離,True,全体,全体,10d,10営業日,1,20,20,0.05062234387815121,0.008125964506172867,0.55,サンプル不足,-0.08842331041752224
v4,distance_ma20,20日移動平均乖離,終値の20日移動平均からの乖離,True,全体,全体,10d,10営業日,2,20,20,-0.009928846102868616,-0.02555806803357652,0.2,サンプル不足,-0.08842331041752224
v4,distance_ma20,20日移動平均乖離,終値の20日移動平均からの乖離,True,全体,全体,10d,10営業日,3,20,20,0.01921529473677972,0.00263508404577395,0.55,サンプル不足,-0.08842331041752224
v4,distance_ma20,20日移動平均乖離,終値の20日移動平均からの乖離,True,全体,全体,10d,10営業日,4,20,20,0.02865894559730703,0.02944178601691024,0.65,サンプル不足,-0.08842331041752224
v4,distance_ma20,20日移動平均乖離,終値の20日移動平均からの乖離,True,全体,全体,10d,10営業日,5,20,20,-0.037800966539371025,-0.0310305128735075,0.45,サンプル不足,-0.08842331041752224
v4,distance_ma20,20日移動平均乖離,終値の20日移動平均からの乖離,True,全体,全体,1d,1営業日,1,20,20,0.010908978160494692,-0.0033500991782374756,0.35,サンプル不足,-0.021155741486720777
v4,distance_ma20,20日移動平均乖離,終値の20日移動平均からの乖離,True,全体,全体,1d,1営業日,2,20,20,-0.011807851651978065,-0.011798549774290845,0.25,サンプル不足,-0.021155741486720777
v4,distance_ma20,20日移動平均乖離,終値の20日移動平均からの乖離,True,全体,全体,1d,1営業日,3,20,20,0.0028900194222677466,0.0058611671209984895,0.6,サンプル不足,-0.021155741486720777
v4,distance_ma20,20日移動平均乖離,終値の20日移動平均からの乖離,True,全体,全体,1d,1営業日,4,20,20,0.0017482287013011813,-0.008932951106864151,0.4,サンプル不足,-0.021155741486720777
v4,distance_ma20,20日移動平均乖離,終値の20日移動平均からの乖離,True,全体,全体,1d,1営業日,5,20,20,-0.010246763326226085,-0.028831658812519256,0.35,サンプル不足,-0.021155741486720777
v4,distance_ma20,20日移動平均乖離,終値の20日移動平均からの乖離,True,全体,全体,3d,3営業日,1,20,20,0.06114423097208033,0.012432953036440209,0.7,サンプル不足,-0.0465864124110525
v4,distance_ma20,20日移動平均乖離,終値の20日移動平均からの乖離,True,全体,全体,3d,3営業日,2,20,20,0.014089438291427675,-0.001846224263444718,0.5,サンプル不足,-0.0465864124110525
v4,distance_ma20,20日移動平均乖離,終値の20日移動平均からの乖離,True,全体,全体,3d,3営業日,3,20,20,0.03427284845004887,0.027319696220085676,0.75,サンプル不足,-0.0465864124110525
v4,distance_ma20,20日移動平均乖離,終値の20日移動平均からの乖離,True,全体,全体,3d,3営業日,4,20,20,0.0654659028070493,0.05739497901495427,0.8,サンプル不足,-0.0465864124110525
v4,distance_ma20,20日移動平均乖離,終値の20日移動平均からの乖離,True,全体,全体,3d,3営業日,5,20,20,0.01455781856102783,0.00591496596372354,0.55,サンプル不足,-0.0465864124110525
v4,distance_ma20,20日移動平均乖離,終値の20日移動平均からの乖離,True,全体,全体,5d,5営業日,1,20,20,0.09587652688214181,0.035139669803582296,0.75,サンプル不足,-0.06071871761401185
v4,distance_ma20,20日移動平均乖離,終値の20日移動平均からの乖離,True,全体,全体,5d,5営業日,2,20,20,0.027968020900023777,0.02305120167189134,0.6,サンプル不足,-0.06071871761401185
v4,distance_ma20,20日移動平均乖離,終値の20日移動平均からの乖離,True,全体,全体,5d,5営業日,3,20,20,0.07544509575497352,0.08635276000270939,0.8,サンプル不足,-0.06071871761401185
v4,distance_ma20,20日移動平均乖離,終値の20日移動平均からの乖離,True,全体,全体,5d,5営業日,4,20,20,0.08365816881036517,0.08382600886083447,0.8,サンプル不足,-0.06071871761401185
v4,distance_ma20,20日移動平均乖離,終値の20日移動平均からの乖離,True,全体,全体,5d,5営業日,5,20,20,0.03515780926812996,0.03611640444117492,0.6,サンプル不足,-0.06071871761401185
v4,distance_ma20,20日移動平均乖離,終値の20日移動平均からの乖離,True,業種,その他製品,10d,10営業日,5,1,1,0.0982274741506648,0.0982274741506648,1.0,サンプル不足,0.0
v4,distance_ma20,20日移動平均乖離,終値の20日移動平均からの乖離,True,業種,その他製品,1d,1営業日,5,1,1,0.0723781388478581,0.0723781388478581,1.0,サンプル不足,0.0
v4,distance_ma20,20日移動平均乖離,終値の20日移動平均からの乖離,True,業種,その他製品,3d,3営業日,5,1,1,-0.0088626292466764,-0.0088626292466764,0.0,サンプル不足,0.0
v4,distance_ma20,20日移動平均乖離,終値の20日移動平均からの乖離,True,業種,その他製品,5d,5営業日,5,1,1,-0.0745937961595273,-0.0745937961595273,0.0,サンプル不足,0.0
v4,distance_ma20,20日移動平均乖離,終値の20日移動平均からの乖離,True,業種,その他金融業,10d,10営業日,1,1,1,0.00390625,0.00390625,1.0,サンプル不足,-0.07967757486388383
v4,distance_ma20,20日移動平均乖離,終値の20日移動平均からの乖離,True,業種,その他金融業,10d,10営業日,3,1,1,-0.07577132486388383,-0.07577132486388383,0.0,サンプル不足,-0.07967757486388383
v4,distance_ma20,20日移動平均乖離,終値の20日移動平均からの乖離,True,業種,その他金融業,1d,1営業日,1,1,1,0.0,0.0,0.0,サンプル不足,0.00907441016333932
v4,distance_ma20,20日移動平均乖離,終値の20日移動平均からの乖離,True,業種,その他金融業,1d,1営業日,3,1,1,0.00907441016333932,0.00907441016333932,1.0,サンプル不足,0.00907441016333932
v4,distance_ma20,20日移動平均乖離,終値の20日移動平均からの乖離,True,業種,その他金融業,3d,3営業日,1,1,1,0.00390625,0.00390625,1.0,サンプル不足,0.020821517695099878
v4,distance_ma20,20日移動平均乖離,終値の20日移動平均からの乖離,True,業種,その他金融業,3d,3営業日,3,1,1,0.024727767695099878,0.024727767695099878,1.0,サンプル不足,0.020821517695099878
v4,distance_ma20,20日移動平均乖離,終値の20日移動平均からの乖離,True,業種,その他金融業,5d,5営業日,1,1,1,0.0,0.0,0.0,サンプル不足,-0.022232304900181465
v4,distance_ma20,20日移動平均乖離,終値の20日移動平均からの乖離,True,業種,その他金融業,5d,5営業日,3,1,1,-0.022232304900181465,-0.022232304900181465,0.0,サンプル不足,-0.022232304900181465
v4,distance_ma20,20日移動平均乖離,終値の20日移動平均からの乖離,True,業種,ガラス・土石製品,10d,10営業日,3,1,1,0.12147701582516945,0.12147701582516945,1.0,サンプル不足,-0.07750538461949576
v4,distance_ma20,20日移動平均乖離,終値の20日移動平均からの乖離,True,業種,ガラス・土石製品,10d,10営業日,5,1,1,0.0439716312056737,0.0439716312056737,1.0,サンプル不足,-0.07750538461949576
v4,distance_ma20,20日移動平均乖離,終値の20日移動平均からの乖離,True,業種,ガラス・土石製品,1d,1営業日,3,1,1,0.016880180859080607,0.016880180859080607,1.0,サンプル不足,-0.06227025178106631
v4,distance_ma20,20日移動平均乖離,終値の20日移動平均からの乖離,True,業種,ガラス・土石製品,1d,1営業日,5,1,1,-0.0453900709219857,-0.0453900709219857,0.0,サンプル不足,-0.06227025178106631
v4,distance_ma20,20日移動平均乖離,終値の20日移動平均からの乖離,True,業種,ガラス・土石製品,3d,3営業日,3,1,1,0.10143180105501126,0.10143180105501126,1.0,サンプル不足,0.21062493653364123
v4,distance_ma20,20日移動平均乖離,終値の20日移動平均からの乖離,True,業種,ガラス・土石製品,3d,3営業日,5,1,1,0.3120567375886525,0.3120567375886525,1.0,サンプル不足,0.21062493653364123
v4,distance_ma20,20日移動平均乖離,終値の20日移動平均からの乖離,True,業種,ガラス・土石製品,5d,5営業日,3,1,1,0.15975885455915595,0.15975885455915595,1.0,サンプル不足,0.07712057806495745
v4,distance_ma20,20日移動平均乖離,終値の20日移動平均からの乖離,True,業種,ガラス・土石製品,5d,5営業日,5,1,1,0.2368794326241134,0.2368794326241134,1.0,サンプル不足,0.07712057806495745
v4,distance_ma20,20日移動平均乖離,終値の20日移動平均からの乖離,True,業種,ゴム製品,10d,10営業日,4,2,2,-0.062116513134313156,-0.062116513134313156,0.0,サンプル不足,0.0
v4,distance_ma20,20日移動平均乖離,終値の20日移動平均からの乖離,True,業種,ゴム製品,1d,1営業日,4,2,2,-0.01070310058165369,-0.01070310058165369,0.5,サンプル不足,0.0
v4,distance_ma20,20日移動平均乖離,終値の20日移動平均からの乖離,True,業種,ゴム製品,3d,3営業日,4,2,2,-0.007499771841421976,-0.007499771841421976,0.5,サンプル不足,0.0
v4,distance_ma20,20日移動平均乖離,終値の20日移動平均からの乖離,True,業種,ゴム製品,5d,5営業日,4,2,2,-0.020934938287824112,-0.020934938287824112,0.0,サンプル不足,0.0
v4,distance_ma20,20日移動平均乖離,終値の20日移動平均からの乖離,True,業種,サービス業,10d,10営業日,3,1,1,-0.05797418507985119,-0.05797418507985119,0.0,サンプル不足,-0.028038439147922103
v4,distance_ma20,20日移動平均乖離,終値の20日移動平均からの乖離,True,業種,サービス業,10d,10営業日,4,3,3,0.07100252870259342,0.054655870445344146,1.0,サンプル不足,-0.028038439147922103
v4,distance_ma20,20日移動平均乖離,終値の20日移動平均からの乖離,True,業種,サービス業,10d,10営業日,5,2,2,-0.0860126242277733,-0.0860126242277733,0.5,サンプル不足,-0.028038439147922103
v4,distance_ma20,20日移動平均乖離,終値の20日移動平均からの乖離,True,業種,サービス業,1d,1営業日,3,1,1,-0.009188361408882129,-0.009188361408882129,0.0,サンプル不足,-0.08167586099240716
v4,distance_ma20,20日移動平均乖離,終値の20日移動平均からの乖離,True,業種,サービス業,1d,1営業日,4,3,3,0.006880425945697895,-0.004459308807134854,0.3333333333333333,サンプル不足,-0.08167586099240716
v4,distance_ma20,20日移動平均乖離,終値の20日移動平均からの乖離,True,業種,サービス業,1d,1営業日,5,2,2,-0.09086422240128929,-0.09086422240128929,0.5,サンプル不足,-0.08167586099240716
v4,distance_ma20,20日移動平均乖離,終値の20日移動平均からの乖離,True,業種,サービス業,3d,3営業日,3,1,1,-0.022533362502734633,-0.022533362502734633,0.0,サンプル不足,-0.0718965327430349
v4,distance_ma20,20日移動平均乖離,終値の20日移動平均からの乖離,True,業種,サービス業,3d,3営業日,4,3,3,0.021112561797800706,0.021181716833890807,0.6666666666666666,サンプル不足,-0.0718965327430349
v4,distance_ma20,20日移動平均乖離,終値の20日移動平均からの乖離,True,業種,サービス業,3d,3営業日,5,2,2,-0.09442989524576953,-0.09442989524576953,0.5,サンプル不足,-0.0718965327430349
v4,distance_ma20,20日移動平均乖離,終値の20日移動平均からの乖離,True,業種,サービス業,5d,5営業日,3,1,1,-0.025377379129293387,-0.025377379129293387,0.0,サンプル不足,0.07124093002910539
v4,distance_ma20,20日移動平均乖離,終値の20日移動平均からの乖離,True,業種,サービス業,5d,5営業日,4,3,3,0.07238389048112537,0.07018224117875138,1.0,サンプル不足,0.07124093002910539
v4,distance_ma20,20日移動平均乖離,終値の20日移動平均からの乖離,True,業種,サービス業,5d,5営業日,5,2,2,0.045863550899812006,0.045863550899812006,0.5,サンプル不足,0.07124093002910539
v4,distance_ma20,20日移動平均乖離,終値の20日移動平均からの乖離,True,業種,不動産業,10d,10営業日,4,1,1,0.14814814814814814,0.14814814814814814,1.0,サンプル不足,-0.01573957311662233
v4,distance_ma20,20日移動平均乖離,終値の20日移動平均からの乖離,True,業種,不動産業,10d,10営業日,5,1,1,0.1324085750315258,0.1324085750315258,1.0,サンプル不足,-0.01573957311662233
v4,distance_ma20,20日移動平均乖離,終値の20日移動平均からの乖離,True,業種,不動産業,1d,1営業日,4,1,1,0.012345679012345734,0.012345679012345734,1.0,サンプル不足,0.12006289601918008
v4,distance_ma20,20日移動平均乖離,終値の20日移動平均からの乖離,True,業種,不動産業,1d,1営業日,5,1,1,0.1324085750315258,0.1324085750315258,1.0,サンプル不足,0.12006289601918008
v4,distance_ma20,20日移動平均乖離,終値の20日移動平均からの乖離,True,業種,不動産業,3d,3営業日,4,1,1,0.1358024691358024,0.1358024691358024,1.0,サンプル不足,-0.0033938941042765958
v4,distance_ma20,20日移動平均乖離,終値の20日移動平均からの乖離,True,業種,不動産業,3d,3営業日,5,1,1,0.1324085750315258,0.1324085750315258,1.0,サンプル不足,-0.0033938941042765958
v4,distance_ma20,20日移動平均乖離,終値の20日移動平均からの乖離,True,業種,不動産業,5d,5営業日,4,1,1,0.11111111111111116,0.11111111111111116,1.0,サンプル不足,0.02003642987249532
v4,distance_ma20,20日移動平均乖離,終値の20日移動平均からの乖離,True,業種,不動産業,5d,5営業日,5,1,1,0.13114754098360648,0.13114754098360648,1.0,サンプル不足,0.02003642987249532
v4,distance_ma20,20日移動平均乖離,終値の20日移動平均からの乖離,True,業種,保険業,10d,10営業日,2,1,1,-0.02083333333333337,-0.02083333333333337,0.0,サンプル不足,0.0
v4,distance_ma20,20日移動平均乖離,終値の20日移動平均からの乖離,True,業種,保険業,1d,1営業日,2,1,1,0.007601351351351315,0.007601351351351315,1.0,サンプル不足,0.0
v4,distance_ma20,20日移動平均乖離,終値の20日移動平均からの乖離,True,業種,保険業,3d,3営業日,2,1,1,0.025056306306306286,0.025056306306306286,1.0,サンプル不足,0.0
v4,distance_ma20,20日移動平均乖離,終値の20日移動平均からの乖離,True,業種,保険業,5d,5営業日,2,1,1,0.032939189189189255,0.032939189189189255,1.0,サンプル不足,0.0
v4,distance_ma20,20日移動平均乖離,終値の20日移動平均からの乖離,True,業種,化学,10d,10営業日,1,4,4,-0.02504873713597653,-0.015754026746934786,0.5,サンプル不足,-0.04765359482561473
v4,distance_ma20,20日移動平均乖離,終値の20日移動平均からの乖離,True,業種,化学,10d,10営業日,2,5,5,-0.03249787717425261,-0.02689243027888444,0.2,サンプル不足,-0.04765359482561473
v4,distance_ma20,20日移動平均乖離,終値の20日移動平均からの乖離,True,業種,化学,10d,10営業日,3,2,2,0.0052935283510318065,0.0052935283510318065,0.5,サンプル不足,-0.04765359482561473
v4,distance_ma20,20日移動平均乖離,終値の20日移動平均からの乖離,True,業種,化学,10d,10営業日,4,1,1,0.0244368079419625,0.0244368079419625,1.0,サンプル不足,-0.04765359482561473
v4,distance_ma20,20日移動平均乖離,終値の20日移動平均からの乖離,True,業種,化学,10d,10営業日,5,1,1,-0.07270233196159126,-0.07270233196159126,0.0,サンプル不足,-0.04765359482561473
v4,distance_ma20,20日移動平均乖離,終値の20日移動平均からの乖離,True,業種,化学,1d,1営業日,1,4,4,-0.00103754103115545,-0.005455362336132197,0.25,サンプル不足,-0.03051252755595018
v4,distance_ma20,20日移動平均乖離,終値の20日移動平均からの乖離,True,業種,化学,1d,1営業日,2,5,5,-0.016453863102309518,-0.017843137254901942,0.0,サンプル不足,-0.03051252755595018
v4,distance_ma20,20日移動平均乖離,終値の20日移動平均からの乖離,True,業種,化学,1d,1営業日,3,2,2,0.03599278701663,0.03599278701663,1.0,サンプル不足,-0.03051252755595018
v4,distance_ma20,20日移動平均乖離,終値の20日移動平均からの乖離,True,業種,化学,1d,1営業日,4,1,1,0.0084001527300496,0.0084001527300496,1.0,サンプル不足,-0.03051252755595018
v4,distance_ma20,20日移動平均乖離,終値の20日移動平均からの乖離,True,業種,化学,1d,1営業日,5,1,1,-0.03155006858710563,-0.03155006858710563,0.0,サンプル不足,-0.03051252755595018
v4,distance_ma20,20日移動平均乖離,終値の20日移動平均からの乖離,True,業種,化学,3d,3営業日,1,4,4,0.046745762338472906,0.016709855184859346,0.75,サンプル不足,-0.03577182543860998
v4,distance_ma20,20日移動平均乖離,終値の20日移動平均からの乖離,True,業種,化学,3d,3営業日,2,5,5,0.018979915426439,0.0013590649633052898,0.6,サンプル不足,-0.03577182543860998
v4,distance_ma20,20日移動平均乖離,終値の20日移動平均からの乖離,True,業種,化学,3d,3営業日,3,2,2,0.09377078741735123,0.09377078741735123,1.0,サンプル不足,-0.03577182543860998
v4,distance_ma20,20日移動平均乖離,終値の20日移動平均からの乖離,True,業種,化学,3d,3営業日,4,1,1,0.0336006109201985,0.0336006109201985,1.0,サンプル不足,-0.03577182543860998
v4,distance_ma20,20日移動平均乖離,終値の20日移動平均からの乖離,True,業種,化学,3d,3営業日,5,1,1,0.010973936899862924,0.010973936899862924,1.0,サンプル不足,-0.03577182543860998
v4,distance_ma20,20日移動平均乖離,終値の20日移動平均からの乖離,True,業種,化学,5d,5営業日,1,4,4,0.041656573473505834,0.035139669803582296,0.75,サンプル不足,0.004982658350911259
v4,distance_ma20,20日移動平均乖離,終値の20日移動平均からの乖離,True,業種,化学,5d,5営業日,2,5,5,0.010282772853976696,0.026666666666666616,0.6,サンプル不足,0.004982658350911259
v4,distance_ma20,20日移動平均乖離,終値の20日移動平均からの乖離,True,業種,化学,5d,5営業日,3,2,2,0.13727709877780003,0.13727709877780003,1.0,サンプル不足,0.004982658350911259
v4,distance_ma20,20日移動平均乖離,終値の20日移動平均からの乖離,True,業種,化学,5d,5営業日,4,1,1,0.0710194730813287,0.0710194730813287,1.0,サンプル不足,0.004982658350911259
v4,distance_ma20,20日移動平均乖離,終値の20日移動平均からの乖離,True,業種,化学,5d,5営業日,5,1,1,0.04663923182441709,0.04663923182441709,1.0,サンプル不足,0.004982658350911259
v4,distance_ma20,20日移動平均乖離,終値の20日移動平均からの乖離,True,業種,卸売業,10d,10営業日,5,1,1,-0.0768126346015792,-0.0768126346015792,0.0,サンプル不足,0.0
v4,distance_ma20,20日移動平均乖離,終値の20日移動平均からの乖離,True,業種,卸売業,1d,1営業日,5,1,1,-0.1184493898061737,-0.1184493898061737,0.0,サンプル不足,0.0
v4,distance_ma20,20日移動平均乖離,終値の20日移動平均からの乖離,True,業種,卸売業,3d,3営業日,5,1,1,-0.0760947595118449,-0.0760947595118449,0.0,サンプル不足,0.0
v4,distance_ma20,20日移動平均乖離,終値の20日移動平均からの乖離,True,業種,卸売業,5d,5営業日,5,1,1,-0.0753768844221105,-0.0753768844221105,0.0,サンプル不足,0.0
v4,distance_ma20,20日移動平均乖離,終値の20日移動平均からの乖離,True,業種,小売業,10d,10営業日,2,2,2,-0.03404965727056314,-0.03404965727056314,0.0,サンプル不足,-0.03959535721019819
v4,distance_ma20,20日移動平均乖離,終値の20日移動平均からの乖離,True,業種,小売業,10d,10営業日,4,1,1,-0.07364501448076133,-0.07364501448076133,0.0,サンプル不足,-0.03959535721019819
v4,distance_ma20,20日移動平均乖離,終値の20日移動平均からの乖離,True,業種,小売業,1d,1営業日,2,2,2,-0.0024720680282321913,-0.0024720680282321913,0.5,サンプル不足,-0.04965867255927303
v4,distance_ma20,20日移動平均乖離,終値の20日移動平均からの乖離,True,業種,小売業,1d,1営業日,4,1,1,-0.05213074058750522,-0.05213074058750522,0.0,サンプル不足,-0.04965867255927303
v4,distance_ma20,20日移動平均乖離,終値の20日移動平均からの乖離,True,業種,小売業,3d,3営業日,2,2,2,-0.016198928103208807,-0.016198928103208807,0.5,サンプル不足,-0.0206235791371718
v4,distance_ma20,20日移動平均乖離,終値の20日移動平均からの乖離,True,業種,小売業,3d,3営業日,4,1,1,-0.03682250724038061,-0.03682250724038061,0.0,サンプル不足,-0.0206235791371718
v4,distance_ma20,20日移動平均乖離,終値の20日移動平均からの乖離,True,業種,小売業,5d,5営業日,2,2,2,-0.02489021547597,-0.02489021547597,0.0,サンプル不足,-0.043376230531477246
v4,distance_ma20,20日移動平均乖離,終値の20日移動平均からの乖離,True,業種,小売業,5d,5営業日,4,1,1,-0.06826644600744725,-0.06826644600744725,0.0,サンプル不足,-0.043376230531477246
v4,distance_ma20,20日移動平均乖離,終値の20日移動平均からの乖離,True,業種,建設業,10d,10営業日,3,1,1,-0.042903752039151755,-0.042903752039151755,0.0,サンプル不足,0.18736904284590605
v4,distance_ma20,20日移動平均乖離,終値の20日移動平均からの乖離,True,業種,建設業,10d,10営業日,4,1,1,0.1444652908067543,0.1444652908067543,1.0,サンプル不足,0.18736904284590605
v4,distance_ma20,20日移動平均乖離,終値の20日移動平均からの乖離,True,業種,建設業,1d,1営業日,3,1,1,-0.037683523654159834,-0.037683523654159834,0.0,サンプル不足,0.009540934535960943
v4,distance_ma20,20日移動平均乖離,終値の20日移動平均からの乖離,True,業種,建設業,1d,1営業日,4,1,1,-0.02814258911819889,-0.02814258911819889,0.0,サンプル不足,0.009540934535960943
v4,distance_ma20,20日移動平均乖離,終値の20日移動平均からの乖離,True,業種,建設業,3d,3営業日,3,1,1,-0.021044045676998357,-0.021044045676998357,0.0,サンプル不足,0.12836111884773016
v4,distance_ma20,20日移動平均乖離,終値の20日移動平均からの乖離,True,業種,建設業,3d,3営業日,4,1,1,0.1073170731707318,0.1073170731707318,1.0,サンプル不足,0.12836111884773016
v4,distance_ma20,20日移動平均乖離,終値の20日移動平均からの乖離,True,業種,建設業,5d,5営業日,3,1,1,-0.02610114192495927,-0.02610114192495927,0.0,サンプル不足,0.19870902184991235
v4,distance_ma20,20日移動平均乖離,終値の20日移動平均からの乖離,True,業種,建設業,5d,5営業日,4,1,1,0.17260787992495308,0.17260787992495308,1.0,サンプル不足,0.19870902184991235
v4,distance_ma20,20日移動平均乖離,終値の20日移動平均からの乖離,True,業種,情報・通信業,10d,10営業日,1,1,1,-0.1743941728533408,-0.1743941728533408,0.0,サンプル不足,-0.033939160479992514
v4,distance_ma20,20日移動平均乖離,終値の20日移動平均からの乖離,True,業種,情報・通信業,10d,10営業日,5,2,2,-0.20833333333333331,-0.20833333333333331,0.0,サンプル不足,-0.033939160479992514
v4,distance_ma20,20日移動平均乖離,終値の20日移動平均からの乖離,True,業種,情報・通信業,1d,1営業日,1,1,1,-0.005182798711304115,-0.005182798711304115,0.0,サンプル不足,0.04339778884937122
v4,distance_ma20,20日移動平均乖離,終値の20日移動平均からの乖離,True,業種,情報・通信業,1d,1営業日,5,2,2,0.038214990138067104,0.038214990138067104,0.5,サンプル不足,0.04339778884937122
v4,distance_ma20,20日移動平均乖離,終値の20日移動平均からの乖離,True,業種,情報・通信業,3d,3営業日,1,1,1,0.007003782042302786,0.007003782042302786,1.0,サンプル不足,-0.12155013312711534
v4,distance_ma20,20日移動平均乖離,終値の20日移動平均からの乖離,True,業種,情報・通信業,3d,3営業日,5,2,2,-0.11454635108481255,-0.11454635108481255,0.0,サンプル不足,-0.12155013312711534
v4,distance_ma20,20日移動平均乖離,終値の20日移動平均からの乖離,True,業種,情報・通信業,5d,5営業日,1,1,1,0.014707942288835874,0.014707942288835874,1.0,サンプル不足,-0.19144364248607448
v4,distance_ma20,20日移動平均乖離,終値の20日移動平均からの乖離,True,業種,情報・通信業,5d,5営業日,5,2,2,-0.1767357001972386,-0.1767357001972386,0.0,サンプル不足,-0.19144364248607448
v4,distance_ma20,20日移動平均乖離,終値の20日移動平均からの乖離,True,業種,機械,10d,10営業日,1,5,5,0.20276705106968965,0.0972850678733032,0.8,サンプル不足,-0.2804622632539211
v4,distance_ma20,20日移動平均乖離,終値の20日移動平均からの乖離,True,業種,機械,10d,10営業日,2,2,2,-0.05237173999719724,-0.05237173999719724,0.0,サンプル不足,-0.2804622632539211
v4,distance_ma20,20日移動平均乖離,終値の20日移動平均からの乖離,True,業種,機械,10d,10営業日,3,4,4,0.005374678749093059,-0.009369489525826391,0.5,サンプル不足,-0.2804622632539211
v4,distance_ma20,20日移動平均乖離,終値の20日移動平均からの乖離,True,業種,機械,10d,10営業日,4,6,6,0.0026114195458221503,-7.075963084435255e-05,0.5,サンプル不足,-0.2804622632539211
v4,distance_ma20,20日移動平均乖離,終値の20日移動平均からの乖離,True,業種,機械,10d,10営業日,5,4,4,-0.07769521218423145,-0.07290476925451461,0.25,サンプル不足,-0.2804622632539211
v4,distance_ma20,20日移動平均乖離,終値の20日移動平均からの乖離,True,業種,機械,1d,1営業日,1,5,5,0.035274462681225346,0.002262443438914,0.6,サンプル不足,-0.05209518545359283
v4,distance_ma20,20日移動平均乖離,終値の20日移動平均からの乖離,True,業種,機械,1d,1営業日,2,2,2,-0.019731926433814606,-0.019731926433814606,0.0,サンプル不足,-0.05209518545359283
v4,distance_ma20,20日移動平均乖離,終値の20日移動平均からの乖離,True,業種,機械,1d,1営業日,3,4,4,0.0063946681047215015,0.0082361188717337,0.75,サンプル不足,-0.05209518545359283
v4,distance_ma20,20日移動平均乖離,終値の20日移動平均からの乖離,True,業種,機械,1d,1営業日,4,6,6,-0.004467168370441772,-0.008215671788355805,0.3333333333333333,サンプル不足,-0.05209518545359283
v4,distance_ma20,20日移動平均乖離,終値の20日移動平均からの乖離,True,業種,機械,1d,1営業日,5,4,4,-0.016820722772367486,-0.03918655832668988,0.25,サンプル不足,-0.05209518545359283
v4,distance_ma20,20日移動平均乖離,終値の20日移動平均からの乖離,True,業種,機械,3d,3営業日,1,5,5,0.16804033199808868,0.0889894419306183,0.8,サンプル不足,-0.1604294088575096
v4,distance_ma20,20日移動平均乖離,終値の20日移動平均からの乖離,True,業種,機械,3d,3営業日,2,2,2,-0.009625274884392299,-0.009625274884392299,0.5,サンプル不足,-0.1604294088575096
v4,distance_ma20,20日移動平均乖離,終値の20日移動平均からの乖離,True,業種,機械,3d,3営業日,3,4,4,0.041783569987467406,0.02657030717762765,1.0,サンプル不足,-0.1604294088575096
v4,distance_ma20,20日移動平均乖離,終値の20日移動平均からの乖離,True,業種,機械,3d,3営業日,4,6,6,0.05068427056795314,0.06651758157752852,1.0,サンプル不足,-0.1604294088575096
v4,distance_ma20,20日移動平均乖離,終値の20日移動平均からの乖離,True,業種,機械,3d,3営業日,5,4,4,0.007610923140579096,-0.0018538740546380494,0.25,サンプル不足,-0.1604294088575096
v4,distance_ma20,20日移動平均乖離,終値の20日移動平均からの乖離,True,業種,機械,5d,5営業日,1,5,5,0.22332548335921465,0.1666666666666667,1.0,サンプル不足,-0.1868079460407952
v4,distance_ma20,20日移動平均乖離,終値の20日移動平均からの乖離,True,業種,機械,5d,5営業日,2,2,2,0.016782819683924588,0.016782819683924588,1.0,サンプル不足,-0.1868079460407952
v4,distance_ma20,20日移動平均乖離,終値の20日移動平均からの乖離,True,業種,機械,5d,5営業日,3,4,4,0.07471319399126236,0.03696159647894759,1.0,サンプル不足,-0.1868079460407952
v4,distance_ma20,20日移動平均乖離,終値の20日移動平均からの乖離,True,業種,機械,5d,5営業日,4,6,6,0.07540397819469576,0.08795274316659685,1.0,サンプル不足,-0.1868079460407952
v4,distance_ma20,20日移動平均乖離,終値の20日移動平均からの乖離,True,業種,機械,5d,5営業日,5,4,4,0.036517537318419446,0.03177322889334777,0.75,サンプル不足,-0.1868079460407952
v4,distance_ma20,20日移動平均乖離,終値の20日移動平均からの乖離,True,業種,海運業,10d,10営業日,1,1,1,-0.07318923018581724,-0.07318923018581724,0.0,サンプル不足,0.0
v4,distance_ma20,20日移動平均乖離,終値の20日移動平均からの乖離,True,業種,海運業,1d,1営業日,1,1,1,-0.015927189988623414,-0.015927189988623414,0.0,サンプル不足,0.0
v4,distance_ma20,20日移動平均乖離,終値の20日移動平均からの乖離,True,業種,海運業,3d,3営業日,1,1,1,-0.04702313234736444,-0.04702313234736444,0.0,サンプル不足,0.0
v4,distance_ma20,20日移動平均乖離,終値の20日移動平均からの乖離,True,業種,海運業,5d,5営業日,1,1,1,-0.04323094425483509,-0.04323094425483509,0.0,サンプル不足,0.0
v4,distance_ma20,20日移動平均乖離,終値の20日移動平均からの乖離,True,業種,空運業,10d,10営業日,2,2,2,0.005610334949848417,0.005610334949848417,0.5,サンプル不足,0.0
v4,distance_ma20,20日移動平均乖離,終値の20日移動平均からの乖離,True,業種,空運業,1d,1営業日,2,2,2,0.008669260778221721,0.008669260778221721,1.0,サンプル不足,0.0
v4,distance_ma20,20日移動平均乖離,終値の20日移動平均からの乖離,True,業種,空運業,3d,3営業日,2,2,2,-0.0067527108446139295,-0.0067527108446139295,0.0,サンプル不足,0.0
v4,distance_ma20,20日移動平均乖離,終値の20日移動平均からの乖離,True,業種,空運業,5d,5営業日,2,2,2,-0.01811971134527668,-0.01811971134527668,0.0,サンプル不足,0.0
v4,distance_ma20,20日移動平均乖離,終値の20日移動平均からの乖離,True,業種,繊維製品,10d,10営業日,2,1,1,-0.04926931106471821,-0.04926931106471821,0.0,サンプル不足,0.0
v4,distance_ma20,20日移動平均乖離,終値の20日移動平均からの乖離,True,業種,繊維製品,1d,1営業日,2,1,1,-0.017118997912317302,-0.017118997912317302,0.0,サンプル不足,0.0
v4,distance_ma20,20日移動平均乖離,終値の20日移動平均からの乖離,True,業種,繊維製品,3d,3営業日,2,1,1,-0.0041753653444676075,-0.0041753653444676075,0.0,サンプル不足,0.0
v4,distance_ma20,20日移動平均乖離,終値の20日移動平均からの乖離,True,業種,繊維製品,5d,5営業日,2,1,1,-0.02171189979123178,-0.02171189979123178,0.0,サンプル不足,0.0
v4,distance_ma20,20日移動平均乖離,終値の20日移動平均からの乖離,True,業種,証券、商品先物取引業,10d,10営業日,2,1,1,-0.004075235109717856,-0.004075235109717856,0.0,サンプル不足,0.004782448688218532
v4,distance_ma20,20日移動平均乖離,終値の20日移動平均からの乖離,True,業種,証券、商品先物取引業,10d,10営業日,3,1,1,0.0007072135785006761,0.0007072135785006761,1.0,サンプル不足,0.004782448688218532
v4,distance_ma20,20日移動平均乖離,終値の20日移動平均からの乖離,True,業種,証券、商品先物取引業,1d,1営業日,2,1,1,0.004702194357366851,0.004702194357366851,1.0,サンプル不足,-0.003994980778866175
v4,distance_ma20,20日移動平均乖離,終値の20日移動平均からの乖離,True,業種,証券、商品先物取引業,1d,1営業日,3,1,1,0.0007072135785006761,0.0007072135785006761,1.0,サンプル不足,-0.003994980778866175
v4,distance_ma20,20日移動平均乖離,終値の20日移動平均からの乖離,True,業種,証券、商品先物取引業,3d,3営業日,2,1,1,0.021943573667711602,0.021943573667711602,1.0,サンプル不足,-0.0070920885191967376
v4,distance_ma20,20日移動平均乖離,終値の20日移動平均からの乖離,True,業種,証券、商品先物取引業,3d,3営業日,3,1,1,0.014851485148514865,0.014851485148514865,1.0,サンプル不足,-0.0070920885191967376
v4,distance_ma20,20日移動平均乖離,終値の20日移動平均からの乖離,True,業種,証券、商品先物取引業,5d,5営業日,2,1,1,0.019435736677116067,0.019435736677116067,1.0,サンプル不足,-0.003523431160850077
v4,distance_ma20,20日移動平均乖離,終値の20日移動平均からの乖離,True,業種,証券、商品先物取引業,5d,5営業日,3,1,1,0.01591230551626599,0.01591230551626599,1.0,サンプル不足,-0.003523431160850077
v4,distance_ma20,20日移動平均乖離,終値の20日移動平均からの乖離,True,業種,輸送用機器,10d,10営業日,1,1,1,0.012345679012345734,0.012345679012345734,1.0,サンプル不足,-0.07737030955421764
v4,distance_ma20,20日移動平均乖離,終値の20日移動平均からの乖離,True,業種,輸送用機器,10d,10営業日,2,1,1,-0.078646934460888,-0.078646934460888,0.0,サンプル不足,-0.07737030955421764
v4,distance_ma20,20日移動平均乖離,終値の20日移動平均からの乖離,True,業種,輸送用機器,10d,10営業日,3,1,1,-0.06502463054187191,-0.06502463054187191,0.0,サンプル不足,-0.07737030955421764
v4,distance_ma20,20日移動平均乖離,終値の20日移動平均からの乖離,True,業種,輸送用機器,1d,1営業日,1,1,1,-0.013031550068587139,-0.013031550068587139,0.0,サンプル不足,-0.003717218404319267
v4,distance_ma20,20日移動平均乖離,終値の20日移動平均からの乖離,True,業種,輸送用機器,1d,1営業日,2,1,1,-0.015221987315010566,-0.015221987315010566,0.0,サンプル不足,-0.003717218404319267
v4,distance_ma20,20日移動平均乖離,終値の20日移動平均からの乖離,True,業種,輸送用機器,1d,1営業日,3,1,1,-0.016748768472906406,-0.016748768472906406,0.0,サンプル不足,-0.003717218404319267
v4,distance_ma20,20日移動平均乖離,終値の20日移動平均からの乖離,True,業種,輸送用機器,3d,3営業日,1,1,1,-0.03017832647462282,-0.03017832647462282,0.0,サンプル不足,0.04003054322339128
v4,distance_ma20,20日移動平均乖離,終値の20日移動平均からの乖離,True,業種,輸送用機器,3d,3営業日,2,1,1,-0.041860465116279055,-0.041860465116279055,0.0,サンプル不足,0.04003054322339128
v4,distance_ma20,20日移動平均乖離,終値の20日移動平均からの乖離,True,業種,輸送用機器,3d,3営業日,3,1,1,0.009852216748768461,0.009852216748768461,1.0,サンプル不足,0.04003054322339128
v4,distance_ma20,20日移動平均乖離,終値の20日移動平均からの乖離,True,業種,輸送用機器,5d,5営業日,1,1,1,-0.03052126200274352,-0.03052126200274352,0.0,サンプル不足,0.1260877644657976
v4,distance_ma20,20日移動平均乖離,終値の20日移動平均からの乖離,True,業種,輸送用機器,5d,5営業日,2,1,1,-0.06934460887949256,-0.06934460887949256,0.0,サンプル不足,0.1260877644657976
v4,distance_ma20,20日移動平均乖離,終値の20日移動平均からの乖離,True,業種,輸送用機器,5d,5営業日,3,1,1,0.09556650246305409,0.09556650246305409,1.0,サンプル不足,0.1260877644657976
v4,distance_ma20,20日移動平均乖離,終値の20日移動平均からの乖離,True,業種,金属製品,10d,10営業日,1,1,1,0.2351190476190476,0.2351190476190476,1.0,サンプル不足,-0.34336527293844366
v4,distance_ma20,20日移動平均乖離,終値の20日移動平均からの乖離,True,業種,金属製品,10d,10営業日,2,1,1,0.3711201079622133,0.3711201079622133,1.0,サンプル不足,-0.34336527293844366
v4,distance_ma20,20日移動平均乖離,終値の20日移動平均からの乖離,True,業種,金属製品,10d,10営業日,5,1,1,-0.1082462253193961,-0.1082462253193961,0.0,サンプル不足,-0.34336527293844366
v4,distance_ma20,20日移動平均乖離,終値の20日移動平均からの乖離,True,業種,金属製品,1d,1営業日,1,1,1,0.1402529761904762,0.1402529761904762,1.0,サンプル不足,-0.1776240154979675
v4,distance_ma20,20日移動平均乖離,終値の20日移動平均からの乖離,True,業種,金属製品,1d,1営業日,2,1,1,-0.03545541287112,-0.03545541287112,0.0,サンプル不足,-0.1776240154979675
v4,distance_ma20,20日移動平均乖離,終値の20日移動平均からの乖離,True,業種,金属製品,1d,1営業日,5,1,1,-0.037371039307491305,-0.037371039307491305,0.0,サンプル不足,-0.1776240154979675
v4,distance_ma20,20日移動平均乖離,終値の20日移動平均からの乖離,True,業種,金属製品,3d,3営業日,1,1,1,0.2332589285714286,0.2332589285714286,1.0,サンプル不足,-0.23240293354384445
v4,distance_ma20,20日移動平均乖離,終値の20日移動平均からの乖離,True,業種,金属製品,3d,3営業日,2,1,1,0.1757488297064777,0.1757488297064777,1.0,サンプル不足,-0.23240293354384445
v4,distance_ma20,20日移動平均乖離,終値の20日移動平均からの乖離,True,業種,金属製品,3d,3営業日,5,1,1,0.0008559950275841555,0.0008559950275841555,1.0,サンプル不足,-0.23240293354384445
v4,distance_ma20,20日移動平均乖離,終値の20日移動平均からの乖離,True,業種,金属製品,5d,5営業日,1,1,1,0.3727678571428572,0.3727678571428572,1.0,サンプル不足,-0.39484815076945423
v4,distance_ma20,20日移動平均乖離,終値の20日移動平均からの乖離,True,業種,金属製品,5d,5営業日,2,1,1,0.4178940251771255,0.4178940251771255,1.0,サンプル不足,-0.39484815076945423
v4,distance_ma20,20日移動平均乖離,終値の20日移動平均からの乖離,True,業種,金属製品,5d,5営業日,5,1,1,-0.022080293626597025,-0.022080293626597025,0.0,サンプル不足,-0.39484815076945423
v4,distance_ma20,20日移動平均乖離,終値の20日移動平均からの乖離,True,業種,鉄鋼,10d,10営業日,5,1,1,0.14146341463414625,0.14146341463414625,1.0,サンプル不足,0.0
v4,distance_ma20,20日移動平均乖離,終値の20日移動平均からの乖離,True,業種,鉄鋼,1d,1営業日,5,1,1,-0.0060975609756097615,-0.0060975609756097615,0.0,サンプル不足,0.0
v4,distance_ma20,20日移動平均乖離,終値の20日移動平均からの乖離,True,業種,鉄鋼,3d,3営業日,5,1,1,0.02987804878048772,0.02987804878048772,1.0,サンプル不足,0.0
v4,distance_ma20,20日移動平均乖離,終値の20日移動平均からの乖離,True,業種,鉄鋼,5d,5営業日,5,1,1,0.18130081300813017,0.18130081300813017,1.0,サンプル不足,0.0
v4,distance_ma20,20日移動平均乖離,終値の20日移動平均からの乖離,True,業種,銀行業,10d,10営業日,1,2,2,-0.030417922724137902,-0.030417922724137902,0.0,サンプル不足,0.0035733146554156603
v4,distance_ma20,20日移動平均乖離,終値の20日移動平均からの乖離,True,業種,銀行業,10d,10営業日,2,2,2,-0.013827579647436639,-0.013827579647436639,0.0,サンプル不足,0.0035733146554156603
v4,distance_ma20,20日移動平均乖離,終値の20日移動平均からの乖離,True,業種,銀行業,10d,10営業日,3,1,1,-0.026844608068722242,-0.026844608068722242,0.0,サンプル不足,0.0035733146554156603
v4,distance_ma20,20日移動平均乖離,終値の20日移動平均からの乖離,True,業種,銀行業,1d,1営業日,1,2,2,-0.00785720727933642,-0.00785720727933642,0.0,サンプル不足,-0.009016546363860345
v4,distance_ma20,20日移動平均乖離,終値の20日移動平均からの乖離,True,業種,銀行業,1d,1営業日,2,2,2,-0.0044689261855951345,-0.0044689261855951345,0.0,サンプル不足,-0.009016546363860345
v4,distance_ma20,20日移動平均乖離,終値の20日移動平均からの乖離,True,業種,銀行業,1d,1営業日,3,1,1,-0.016873753643196765,-0.016873753643196765,0.0,サンプル不足,-0.009016546363860345
v4,distance_ma20,20日移動平均乖離,終値の20日移動平均からの乖離,True,業種,銀行業,3d,3営業日,1,2,2,0.009059017529472746,0.009059017529472746,0.5,サンプル不足,0.023001114392601163
v4,distance_ma20,20日移動平均乖離,終値の20日移動平均からの乖離,True,業種,銀行業,3d,3営業日,2,2,2,0.04961482936053663,0.04961482936053663,1.0,サンプル不足,0.023001114392601163
v4,distance_ma20,20日移動平均乖離,終値の20日移動平均からの乖離,True,業種,銀行業,3d,3営業日,3,1,1,0.03206013192207391,0.03206013192207391,1.0,サンプル不足,0.023001114392601163
v4,distance_ma20,20日移動平均乖離,終値の20日移動平均からの乖離,True,業種,銀行業,5d,5営業日,1,2,2,-0.005426800242889218,-0.005426800242889218,0.5,サンプル不足,0.02475491805236918
v4,distance_ma20,20日移動平均乖離,終値の20日移動平均からの乖離,True,業種,銀行業,5d,5営業日,2,2,2,0.03007458250586803,0.03007458250586803,1.0,サンプル不足,0.02475491805236918
v4,distance_ma20,20日移動平均乖離,終値の20日移動平均からの乖離,True,業種,銀行業,5d,5営業日,3,1,1,0.01932811780947996,0.01932811780947996,1.0,サンプル不足,0.02475491805236918
v4,distance_ma20,20日移動平均乖離,終値の20日移動平均からの乖離,True,業種,電気機器,10d,10営業日,1,4,4,0.03896371065363065,0.035151157872781724,0.5,サンプル不足,-0.04193500466717575
v4,distance_ma20,20日移動平均乖離,終値の20日移動平均からの乖離,True,業種,電気機器,10d,10営業日,2,2,2,-0.03255277312448396,-0.03255277312448396,0.5,サンプル不足,-0.04193500466717575
v4,distance_ma20,20日移動平均乖離,終値の20日移動平均からの乖離,True,業種,電気機器,10d,10営業日,3,6,6,0.07454402906862358,0.09116220437916189,0.8333333333333334,サンプル不足,-0.04193500466717575
v4,distance_ma20,20日移動平均乖離,終値の20日移動平均からの乖離,True,業種,電気機器,10d,10営業日,4,5,5,0.04506612048319003,0.04175824175824183,0.8,サンプル不足,-0.04193500466717575
v4,distance_ma20,20日移動平均乖離,終値の20日移動平均からの乖離,True,業種,電気機器,10d,10営業日,5,5,5,-0.0029712940135451006,0.0019080136573608186,0.6,サンプル不足,-0.04193500466717575
v4,distance_ma20,20日移動平均乖離,終値の20日移動平均からの乖離,True,業種,電気機器,1d,1営業日,1,4,4,-0.011109902233724942,0.0012039273187281485,0.5,サンプル不足,0.011453403195799903
v4,distance_ma20,20日移動平均乖離,終値の20日移動平均からの乖離,True,業種,電気機器,1d,1営業日,2,2,2,-0.03119377269972179,-0.03119377269972179,0.0,サンプル不足,0.011453403195799903
v4,distance_ma20,20日移動平均乖離,終値の20日移動平均からの乖離,True,業種,電気機器,1d,1営業日,3,6,6,0.0013890723802553705,0.007154448926600776,0.5,サンプル不足,0.011453403195799903
v4,distance_ma20,20日移動平均乖離,終値の20日移動平均からの乖離,True,業種,電気機器,1d,1営業日,4,5,5,0.024412001107639348,-0.013406593406593448,0.4,サンプル不足,0.011453403195799903
v4,distance_ma20,20日移動平均乖離,終値の20日移動平均からの乖離,True,業種,電気機器,1d,1営業日,5,5,5,0.0003435009620749607,-0.021389837316730276,0.4,サンプル不足,0.011453403195799903
v4,distance_ma20,20日移動平均乖離,終値の20日移動平均からの乖離,True,業種,電気機器,3d,3営業日,1,4,4,0.0026535933116453997,0.015888246794318994,0.75,サンプル不足,0.0528362600383171
v4,distance_ma20,20日移動平均乖離,終値の20日移動平均からの乖離,True,業種,電気機器,3d,3営業日,2,2,2,-0.011949760790016806,-0.011949760790016806,0.0,サンプル不足,0.0528362600383171
v4,distance_ma20,20日移動平均乖離,終値の20日移動平均からの乖離,True,業種,電気機器,3d,3営業日,3,6,6,0.034295149258570516,0.0438889045967672,0.6666666666666666,サンプル不足,0.0528362600383171
v4,distance_ma20,20日移動平均乖離,終値の20日移動平均からの乖離,True,業種,電気機器,3d,3営業日,4,5,5,0.14339532900727134,0.1544885177453028,0.8,サンプル不足,0.0528362600383171
v4,distance_ma20,20日移動平均乖離,終値の20日移動平均からの乖離,True,業種,電気機器,3d,3営業日,5,5,5,0.0554898533499625,0.04562946673996704,0.8,サンプル不足,0.0528362600383171
v4,distance_ma20,20日移動平均乖離,終値の20日移動平均からの乖離,True,業種,電気機器,5d,5営業日,1,4,4,0.08285170856610091,0.09841286454753151,1.0,サンプル不足,-0.0038688504757524306
v4,distance_ma20,20日移動平均乖離,終値の20日移動平均からの乖離,True,業種,電気機器,5d,5営業日,2,2,2,0.06051958031039684,0.06051958031039684,1.0,サンプル不足,-0.0038688504757524306
v4,distance_ma20,20日移動平均乖離,終値の20日移動平均からの乖離,True,業種,電気機器,5d,5営業日,3,6,6,0.1207290495792,0.1100266732436308,1.0,サンプル不足,-0.0038688504757524306
v4,distance_ma20,20日移動平均乖離,終値の20日移動平均からの乖離,True,業種,電気機器,5d,5営業日,4,5,5,0.15179713881229107,0.20981210855949906,0.8,サンプル不足,-0.0038688504757524306
v4,distance_ma20,20日移動平均乖離,終値の20日移動平均からの乖離,True,業種,電気機器,5d,5営業日,5,5,5,0.07898285809034848,0.06926882902693787,0.8,サンプル不足,-0.0038688504757524306
v4,distance_ma20,20日移動平均乖離,終値の20日移動平均からの乖離,True,業種,食料品,10d,10営業日,3,1,1,0.051290219815227855,0.051290219815227855,1.0,サンプル不足,0.0
v4,distance_ma20,20日移動平均乖離,終値の20日移動平均からの乖離,True,業種,食料品,1d,1営業日,3,1,1,0.005734310289901234,0.005734310289901234,1.0,サンプル不足,0.0
v4,distance_ma20,20日移動平均乖離,終値の20日移動平均からの乖離,True,業種,食料品,3d,3営業日,3,1,1,-0.014335775724753086,-0.014335775724753086,0.0,サンプル不足,0.0
v4,distance_ma20,20日移動平均乖離,終値の20日移動平均からの乖離,True,業種,食料品,5d,5営業日,3,1,1,-0.005734310289901234,-0.005734310289901234,0.0,サンプル不足,0.0
v4,distance_ma60,60日移動平均乖離,終値の60日移動平均からの乖離,True,全体,全体,10d,10営業日,1,20,20,-0.03029803864637809,-0.013693814200197607,0.4,サンプル不足,0.06908912248503163
v4,distance_ma60,60日移動平均乖離,終値の60日移動平均からの乖離,True,全体,全体,10d,10営業日,2,20,20,0.006539821513009007,-0.019463246931006484,0.4,サンプル不足,0.06908912248503163
v4,distance_ma60,60日移動平均乖離,終値の60日移動平均からの乖離,True,全体,全体,10d,10営業日,3,20,20,0.015023557106386417,-0.004404364172255815,0.45,サンプル不足,0.06908912248503163
v4,distance_ma60,60日移動平均乖離,終値の60日移動平均からの乖離,True,全体,全体,10d,10営業日,4,20,20,0.020710347758327446,0.02473717318155766,0.65,サンプル不足,0.06908912248503163
v4,distance_ma60,60日移動平均乖離,終値の60日移動平均からの乖離,True,全体,全体,10d,10営業日,5,20,20,0.03879108383865354,0.00023172441625712858,0.5,サンプル不足,0.06908912248503163
v4,distance_ma60,60日移動平均乖離,終値の60日移動平均からの乖離,True,全体,全体,1d,1営業日,1,20,20,-0.019843588611220517,-0.013787060068666923,0.35,サンプル不足,0.03234291833388516
v4,distance_ma60,60日移動平均乖離,終値の60日移動平均からの乖離,True,全体,全体,1d,1営業日,2,20,20,0.00883693082074771,-0.0005096008944190378,0.5,サンプル不足,0.03234291833388516
v4,distance_ma60,60日移動平均乖離,終値の60日移動平均からの乖離,True,全体,全体,1d,1営業日,3,20,20,-0.007366699706534445,-0.0059028169107459005,0.3,サンプル不足,0.03234291833388516
v4,distance_ma60,60日移動平均乖離,終値の60日移動平均からの乖離,True,全体,全体,1d,1営業日,4,20,20,-0.0006333609197979234,-0.0034955584876593115,0.4,サンプル不足,0.03234291833388516
v4,distance_ma60,60日移動平均乖離,終値の60日移動平均からの乖離,True,全体,全体,1d,1営業日,5,20,20,0.012499329722664645,-0.02375154317733158,0.4,サンプル不足,0.03234291833388516
v4,distance_ma60,60日移動平均乖離,終値の60日移動平均からの乖離,True,全体,全体,3d,3営業日,1,20,20,-0.014773463441149081,-0.0067527108446139295,0.35,サンプル不足,0.09015851388030173
v4,distance_ma60,60日移動平均乖離,終値の60日移動平均からの乖離,True,全体,全体,3d,3営業日,2,20,20,0.04814750299176671,0.03135214225872296,0.8,サンプル不足,0.09015851388030173
v4,distance_ma60,60日移動平均乖離,終値の60日移動平均からの乖離,True,全体,全体,3d,3営業日,3,20,20,0.0360049396840718,0.01736165331806705,0.8,サンプル不足,0.09015851388030173
v4,distance_ma60,60日移動平均乖離,終値の60日移動平均からの乖離,True,全体,全体,3d,3営業日,4,20,20,0.0447662094077919,0.015867462981732805,0.7,サンプル不足,0.09015851388030173
v4,distance_ma60,60日移動平均乖離,終値の60日移動平均からの乖離,True,全体,全体,3d,3営業日,5,20,20,0.07538505043915265,0.03772269292404107,0.65,サンプル不足,0.09015851388030173
v4,distance_ma60,60日移動平均乖離,終値の60日移動平均からの乖離,True,全体,全体,5d,5営業日,1,20,20,-0.019230149617650964,-0.02171913251452364,0.35,サンプル不足,0.12260553844803555
v4,distance_ma60,60日移動平均乖離,終値の60日移動平均からの乖離,True,全体,全体,5d,5営業日,2,20,20,0.06628473681125042,0.032509630524275135,0.8,サンプル不足,0.12260553844803555
v4,distance_ma60,60日移動平均乖離,終値の60日移動平均からの乖離,True,全体,全体,5d,5営業日,3,20,20,0.08162464758753407,0.06489445465601293,0.8,サンプル不足,0.12260553844803555
v4,distance_ma60,60日移動平均乖離,終値の60日移動平均からの乖離,True,全体,全体,5d,5営業日,4,20,20,0.08605099800411613,0.1012338601625149,0.85,サンプル不足,0.12260553844803555
v4,distance_ma60,60日移動平均乖離,終値の60日移動平均からの乖離,True,全体,全体,5d,5営業日,5,20,20,0.10337538883038459,0.07945234168433724,0.75,サンプル不足,0.12260553844803555
v4,distance_ma60,60日移動平均乖離,終値の60日移動平均からの乖離,True,業種,その他製品,10d,10営業日,4,1,1,0.0982274741506648,0.0982274741506648,1.0,サンプル不足,0.0
v4,distance_ma60,60日移動平均乖離,終値の60日移動平均からの乖離,True,業種,その他製品,1d,1営業日,4,1,1,0.0723781388478581,0.0723781388478581,1.0,サンプル不足,0.0
v4,distance_ma60,60日移動平均乖離,終値の60日移動平均からの乖離,True,業種,その他製品,3d,3営業日,4,1,1,-0.0088626292466764,-0.0088626292466764,0.0,サンプル不足,0.0
v4,distance_ma60,60日移動平均乖離,終値の60日移動平均からの乖離,True,業種,その他製品,5d,5営業日,4,1,1,-0.0745937961595273,-0.0745937961595273,0.0,サンプル不足,0.0
v4,distance_ma60,60日移動平均乖離,終値の60日移動平均からの乖離,True,業種,その他金融業,10d,10営業日,2,1,1,-0.07577132486388383,-0.07577132486388383,0.0,サンプル不足,0.07967757486388383
v4,distance_ma60,60日移動平均乖離,終値の60日移動平均からの乖離,True,業種,その他金融業,10d,10営業日,3,1,1,0.00390625,0.00390625,1.0,サンプル不足,0.07967757486388383
v4,distance_ma60,60日移動平均乖離,終値の60日移動平均からの乖離,True,業種,その他金融業,1d,1営業日,2,1,1,0.00907441016333932,0.00907441016333932,1.0,サンプル不足,-0.00907441016333932
v4,distance_ma60,60日移動平均乖離,終値の60日移動平均からの乖離,True,業種,その他金融業,1d,1営業日,3,1,1,0.0,0.0,0.0,サンプル不足,-0.00907441016333932
v4,distance_ma60,60日移動平均乖離,終値の60日移動平均からの乖離,True,業種,その他金融業,3d,3営業日,2,1,1,0.024727767695099878,0.024727767695099878,1.0,サンプル不足,-0.020821517695099878
v4,distance_ma60,60日移動平均乖離,終値の60日移動平均からの乖離,True,業種,その他金融業,3d,3営業日,3,1,1,0.00390625,0.00390625,1.0,サンプル不足,-0.020821517695099878
v4,distance_ma60,60日移動平均乖離,終値の60日移動平均からの乖離,True,業種,その他金融業,5d,5営業日,2,1,1,-0.022232304900181465,-0.022232304900181465,0.0,サンプル不足,0.022232304900181465
v4,distance_ma60,60日移動平均乖離,終値の60日移動平均からの乖離,True,業種,その他金融業,5d,5営業日,3,1,1,0.0,0.0,0.0,サンプル不足,0.022232304900181465
v4,distance_ma60,60日移動平均乖離,終値の60日移動平均からの乖離,True,業種,ガラス・土石製品,10d,10営業日,4,1,1,0.12147701582516945,0.12147701582516945,1.0,サンプル不足,-0.07750538461949576
v4,distance_ma60,60日移動平均乖離,終値の60日移動平均からの乖離,True,業種,ガラス・土石製品,10d,10営業日,5,1,1,0.0439716312056737,0.0439716312056737,1.0,サンプル不足,-0.07750538461949576
v4,distance_ma60,60日移動平均乖離,終値の60日移動平均からの乖離,True,業種,ガラス・土石製品,1d,1営業日,4,1,1,0.016880180859080607,0.016880180859080607,1.0,サンプル不足,-0.06227025178106631
v4,distance_ma60,60日移動平均乖離,終値の60日移動平均からの乖離,True,業種,ガラス・土石製品,1d,1営業日,5,1,1,-0.0453900709219857,-0.0453900709219857,0.0,サンプル不足,-0.06227025178106631
v4,distance_ma60,60日移動平均乖離,終値の60日移動平均からの乖離,True,業種,ガラス・土石製品,3d,3営業日,4,1,1,0.10143180105501126,0.10143180105501126,1.0,サンプル不足,0.21062493653364123
v4,distance_ma60,60日移動平均乖離,終値の60日移動平均からの乖離,True,業種,ガラス・土石製品,3d,3営業日,5,1,1,0.3120567375886525,0.3120567375886525,1.0,サンプル不足,0.21062493653364123
v4,distance_ma60,60日移動平均乖離,終値の60日移動平均からの乖離,True,業種,ガラス・土石製品,5d,5営業日,4,1,1,0.15975885455915595,0.15975885455915595,1.0,サンプル不足,0.07712057806495745
v4,distance_ma60,60日移動平均乖離,終値の60日移動平均からの乖離,True,業種,ガラス・土石製品,5d,5営業日,5,1,1,0.2368794326241134,0.2368794326241134,1.0,サンプル不足,0.07712057806495745
v4,distance_ma60,60日移動平均乖離,終値の60日移動平均からの乖離,True,業種,ゴム製品,10d,10営業日,2,1,1,-0.07069154774972553,-0.07069154774972553,0.0,サンプル不足,0.017150069230824738
v4,distance_ma60,60日移動平均乖離,終値の60日移動平均からの乖離,True,業種,ゴム製品,10d,10営業日,3,1,1,-0.05354147851890079,-0.05354147851890079,0.0,サンプル不足,0.017150069230824738
v4,distance_ma60,60日移動平均乖離,終値の60日移動平均からの乖離,True,業種,ゴム製品,1d,1営業日,2,1,1,-0.0231812997392975,-0.0231812997392975,0.0,サンプル不足,0.02495639831528762
v4,distance_ma60,60日移動平均乖離,終値の60日移動平均からの乖離,True,業種,ゴム製品,1d,1営業日,3,1,1,0.0017750985759901194,0.0017750985759901194,1.0,サンプル不足,0.02495639831528762
v4,distance_ma60,60日移動平均乖離,終値の60日移動平均からの乖離,True,業種,ゴム製品,3d,3営業日,2,1,1,-0.02662606767974751,-0.02662606767974751,0.0,サンプル不足,0.03825259167665107
v4,distance_ma60,60日移動平均乖離,終値の60日移動平均からの乖離,True,業種,ゴム製品,3d,3営業日,3,1,1,0.01162652399690356,0.01162652399690356,1.0,サンプル不足,0.03825259167665107
v4,distance_ma60,60日移動平均乖離,終値の60日移動平均からの乖離,True,業種,ゴム製品,5d,5営業日,2,1,1,-0.03136266379665198,-0.03136266379665198,0.0,サンプル不足,0.020855451017655735
v4,distance_ma60,60日移動平均乖離,終値の60日移動平均からの乖離,True,業種,ゴム製品,5d,5営業日,3,1,1,-0.010507212778996244,-0.010507212778996244,0.0,サンプル不足,0.020855451017655735
v4,distance_ma60,60日移動平均乖離,終値の60日移動平均からの乖離,True,業種,サービス業,10d,10営業日,1,1,1,-0.3382352941176471,-0.3382352941176471,0.0,サンプル不足,0.3928911645629912
v4,distance_ma60,60日移動平均乖離,終値の60日移動平均からの乖離,True,業種,サービス業,10d,10営業日,2,1,1,0.04575416828227996,0.04575416828227996,1.0,サンプル不足,0.3928911645629912
v4,distance_ma60,60日移動平均乖離,終値の60日移動平均からの乖離,True,業種,サービス業,10d,10営業日,3,3,3,0.07361113598746848,0.11259754738015615,0.6666666666666666,サンプル不足,0.3928911645629912
v4,distance_ma60,60日移動平均乖離,終値の60日移動平均からの乖離,True,業種,サービス業,10d,10営業日,4,1,1,0.054655870445344146,0.054655870445344146,1.0,サンプル不足,0.3928911645629912
v4,distance_ma60,60日移動平均乖離,終値の60日移動平均からの乖離,True,業種,サービス業,1d,1営業日,1,1,1,-0.21323529411764708,-0.21323529411764708,0.0,サンプル不足,0.18327577994760658
v4,distance_ma60,60日移動平均乖離,終値の60日移動平均からの乖離,True,業種,サービス業,1d,1営業日,2,1,1,0.05506010081426904,0.05506010081426904,1.0,サンプル不足,0.18327577994760658
v4,distance_ma60,60日移動平均乖離,終値の60日移動平均からの乖離,True,業種,サービス業,1d,1営業日,3,3,3,0.00595305969968384,-0.004459308807134854,0.3333333333333333,サンプル不足,0.18327577994760658
v4,distance_ma60,60日移動平均乖離,終値の60日移動平均からの乖離,True,業種,サービス業,1d,1営業日,4,1,1,-0.029959514170040502,-0.029959514170040502,0.0,サンプル不足,0.18327577994760658
v4,distance_ma60,60日移動平均乖離,終値の60日移動平均からの乖離,True,業種,サービス業,3d,3営業日,1,1,1,-0.25735294117647056,-0.25735294117647056,0.0,サンプル不足,0.24561205048821144
v4,distance_ma60,60日移動平均乖離,終値の60日移動平均からの乖離,True,業種,サービス業,3d,3営業日,2,1,1,0.053896859247770434,0.053896859247770434,1.0,サンプル不足,0.24561205048821144
v4,distance_ma60,60日移動平均乖離,終値の60日移動平均からの乖離,True,業種,サービス業,3d,3営業日,3,3,3,0.022380501672029224,0.021181716833890807,0.6666666666666666,サンプル不足,0.24561205048821144
v4,distance_ma60,60日移動平均乖離,終値の60日移動平均からの乖離,True,業種,サービス業,3d,3営業日,4,1,1,-0.01174089068825912,-0.01174089068825912,0.0,サンプル不足,0.24561205048821144
v4,distance_ma60,60日移動平均乖離,終値の60日移動平均からの乖離,True,業種,サービス業,5d,5営業日,1,1,1,-0.2941176470588235,-0.2941176470588235,0.0,サンプル不足,0.35970469159323637
v4,distance_ma60,60日移動平均乖離,終値の60日移動平均からの乖離,True,業種,サービス業,5d,5営業日,2,1,1,0.07018224117875138,0.07018224117875138,1.0,サンプル不足,0.35970469159323637
v4,distance_ma60,60日移動平均乖離,終値の60日移動平均からの乖離,True,業種,サービス業,5d,5営業日,3,3,3,0.14728325181978866,0.08138238573021184,0.6666666666666666,サンプル不足,0.35970469159323637
v4,distance_ma60,60日移動平均乖離,終値の60日移動平均からの乖離,True,業種,サービス業,5d,5営業日,4,1,1,0.06558704453441289,0.06558704453441289,1.0,サンプル不足,0.35970469159323637
v4,distance_ma60,60日移動平均乖離,終値の60日移動平均からの乖離,True,業種,不動産業,10d,10営業日,3,1,1,0.14814814814814814,0.14814814814814814,1.0,サンプル不足,-0.01573957311662233
v4,distance_ma60,60日移動平均乖離,終値の60日移動平均からの乖離,True,業種,不動産業,10d,10営業日,5,1,1,0.1324085750315258,0.1324085750315258,1.0,サンプル不足,-0.01573957311662233
v4,distance_ma60,60日移動平均乖離,終値の60日移動平均からの乖離,True,業種,不動産業,1d,1営業日,3,1,1,0.012345679012345734,0.012345679012345734,1.0,サンプル不足,0.12006289601918008
v4,distance_ma60,60日移動平均乖離,終値の60日移動平均からの乖離,True,業種,不動産業,1d,1営業日,5,1,1,0.1324085750315258,0.1324085750315258,1.0,サンプル不足,0.12006289601918008
v4,distance_ma60,60日移動平均乖離,終値の60日移動平均からの乖離,True,業種,不動産業,3d,3営業日,3,1,1,0.1358024691358024,0.1358024691358024,1.0,サンプル不足,-0.0033938941042765958
v4,distance_ma60,60日移動平均乖離,終値の60日移動平均からの乖離,True,業種,不動産業,3d,3営業日,5,1,1,0.1324085750315258,0.1324085750315258,1.0,サンプル不足,-0.0033938941042765958
v4,distance_ma60,60日移動平均乖離,終値の60日移動平均からの乖離,True,業種,不動産業,5d,5営業日,3,1,1,0.11111111111111116,0.11111111111111116,1.0,サンプル不足,0.02003642987249532
v4,distance_ma60,60日移動平均乖離,終値の60日移動平均からの乖離,True,業種,不動産業,5d,5営業日,5,1,1,0.13114754098360648,0.13114754098360648,1.0,サンプル不足,0.02003642987249532
v4,distance_ma60,60日移動平均乖離,終値の60日移動平均からの乖離,True,業種,保険業,10d,10営業日,2,1,1,-0.02083333333333337,-0.02083333333333337,0.0,サンプル不足,0.0
v4,distance_ma60,60日移動平均乖離,終値の60日移動平均からの乖離,True,業種,保険業,1d,1営業日,2,1,1,0.007601351351351315,0.007601351351351315,1.0,サンプル不足,0.0
v4,distance_ma60,60日移動平均乖離,終値の60日移動平均からの乖離,True,業種,保険業,3d,3営業日,2,1,1,0.025056306306306286,0.025056306306306286,1.0,サンプル不足,0.0
v4,distance_ma60,60日移動平均乖離,終値の60日移動平均からの乖離,True,業種,保険業,5d,5営業日,2,1,1,0.032939189189189255,0.032939189189189255,1.0,サンプル不足,0.0
v4,distance_ma60,60日移動平均乖離,終値の60日移動平均からの乖離,True,業種,化学,10d,10営業日,1,3,3,-0.012870387246637471,0.021517883105554025,0.6666666666666666,サンプル不足,-0.05983194471495379
v4,distance_ma60,60日移動平均乖離,終値の60日移動平均からの乖離,True,業種,化学,10d,10営業日,2,4,4,-0.019603001084917637,-0.024911437841104722,0.5,サンプル不足,-0.05983194471495379
v4,distance_ma60,60日移動平均乖離,終値の60日移動平均からの乖離,True,業種,化学,10d,10営業日,3,3,3,-0.04849466794915273,-0.02881217722207119,0.0,サンプル不足,-0.05983194471495379
v4,distance_ma60,60日移動平均乖離,終値の60日移動平均からの乖離,True,業種,化学,10d,10営業日,4,2,2,0.01742335007794904,0.01742335007794904,0.5,サンプル不足,-0.05983194471495379
v4,distance_ma60,60日移動平均乖離,終値の60日移動平均からの乖離,True,業種,化学,10d,10営業日,5,1,1,-0.07270233196159126,-0.07270233196159126,0.0,サンプル不足,-0.05983194471495379
v4,distance_ma60,60日移動平均乖離,終値の60日移動平均からの乖離,True,業種,化学,1d,1営業日,1,3,3,-0.011229900224322686,-0.014542570068746707,0.0,サンプル不足,-0.020320168362782942
v4,distance_ma60,60日移動平均乖離,終値の60日移動平均からの乖離,True,業種,化学,1d,1営業日,2,4,4,0.01930977355720176,0.0163038227627193,0.75,サンプル不足,-0.020320168362782942
v4,distance_ma60,60日移動平均乖離,終値の60日移動平均からの乖離,True,業種,化学,1d,1営業日,3,3,3,-0.010920578805524475,-0.009210526315789447,0.0,サンプル不足,-0.020320168362782942
v4,distance_ma60,60日移動平均乖離,終値の60日移動平均からの乖離,True,業種,化学,1d,1営業日,4,2,2,-0.008410705006062669,-0.008410705006062669,0.5,サンプル不足,-0.020320168362782942
v4,distance_ma60,60日移動平均乖離,終値の60日移動平均からの乖離,True,業種,化学,1d,1営業日,5,1,1,-0.03155006858710563,-0.03155006858710563,0.0,サンプル不足,-0.020320168362782942
v4,distance_ma60,60日移動平均乖離,終値の60日移動平均からの乖離,True,業種,化学,3d,3営業日,1,3,3,-0.002397329300460179,-0.004361733061936657,0.3333333333333333,サンプル不足,0.013371266200323103
v4,distance_ma60,60日移動平均乖離,終値の60日移動平均からの乖離,True,業種,化学,3d,3営業日,2,4,4,0.06452457292148228,0.05274500592092879,0.75,サンプル不足,0.013371266200323103
v4,distance_ma60,60日移動平均乖離,終値の60日移動平均からの乖離,True,業種,化学,3d,3営業日,3,3,3,0.01228824697263257,0.013137254901960826,1.0,サンプル不足,0.013371266200323103
v4,distance_ma60,60日移動平均乖離,終値の60日移動平均からの乖離,True,業種,化学,3d,3営業日,4,2,2,0.10762688376927065,0.10762688376927065,1.0,サンプル不足,0.013371266200323103
v4,distance_ma60,60日移動平均乖離,終値の60日移動平均からの乖離,True,業種,化学,3d,3営業日,5,1,1,0.010973936899862924,0.010973936899862924,1.0,サンプル不足,0.013371266200323103
v4,distance_ma60,60日移動平均乖離,終値の60日移動平均からの乖離,True,業種,化学,5d,5営業日,1,3,3,-0.0074493876178554075,-0.021808665309683062,0.3333333333333333,サンプル不足,0.0540886194422725
v4,distance_ma60,60日移動平均乖離,終値の60日移動平均からの乖離,True,業種,化学,5d,5営業日,2,4,4,0.07255134357510781,0.09458754633893525,0.75,サンプル不足,0.0540886194422725
v4,distance_ma60,60日移動平均乖離,終値の60日移動平均からの乖離,True,業種,化学,5d,5営業日,3,3,3,0.03802199618825982,0.03684210526315779,1.0,サンプル不足,0.0540886194422725
v4,distance_ma60,60日移動平均乖離,終値の60日移動平均からの乖離,True,業種,化学,5d,5営業日,4,2,2,0.09084531439459553,0.09084531439459553,1.0,サンプル不足,0.0540886194422725
v4,distance_ma60,60日移動平均乖離,終値の60日移動平均からの乖離,True,業種,化学,5d,5営業日,5,1,1,0.04663923182441709,0.04663923182441709,1.0,サンプル不足,0.0540886194422725
v4,distance_ma60,60日移動平均乖離,終値の60日移動平均からの乖離,True,業種,卸売業,10d,10営業日,4,1,1,-0.0768126346015792,-0.0768126346015792,0.0,サンプル不足,0.0
v4,distance_ma60,60日移動平均乖離,終値の60日移動平均からの乖離,True,業種,卸売業,1d,1営業日,4,1,1,-0.1184493898061737,-0.1184493898061737,0.0,サンプル不足,0.0
v4,distance_ma60,60日移動平均乖離,終値の60日移動平均からの乖離,True,業種,卸売業,3d,3営業日,4,1,1,-0.0760947595118449,-0.0760947595118449,0.0,サンプル不足,0.0
v4,distance_ma60,60日移動平均乖離,終値の60日移動平均からの乖離,True,業種,卸売業,5d,5営業日,4,1,1,-0.0753768844221105,-0.0753768844221105,0.0,サンプル不足,0.0
v4,distance_ma60,60日移動平均乖離,終値の60日移動平均からの乖離,True,業種,小売業,10d,10営業日,1,1,1,-0.0428655314151497,-0.0428655314151497,0.0,サンプル不足,0.017631748289173126
v4,distance_ma60,60日移動平均乖離,終値の60日移動平均からの乖離,True,業種,小売業,10d,10営業日,2,1,1,-0.07364501448076133,-0.07364501448076133,0.0,サンプル不足,0.017631748289173126
v4,distance_ma60,60日移動平均乖離,終値の60日移動平均からの乖離,True,業種,小売業,10d,10営業日,3,1,1,-0.025233783125976572,-0.025233783125976572,0.0,サンプル不足,0.017631748289173126
v4,distance_ma60,60日移動平均乖離,終値の60日移動平均からの乖離,True,業種,小売業,1d,1営業日,1,1,1,0.0041103934233706,0.0041103934233706,1.0,サンプル不足,-0.013164922903205582
v4,distance_ma60,60日移動平均乖離,終値の60日移動平均からの乖離,True,業種,小売業,1d,1営業日,2,1,1,-0.05213074058750522,-0.05213074058750522,0.0,サンプル不足,-0.013164922903205582
v4,distance_ma60,60日移動平均乖離,終値の60日移動平均からの乖離,True,業種,小売業,1d,1営業日,3,1,1,-0.009054529479834983,-0.009054529479834983,0.0,サンプル不足,-0.013164922903205582
v4,distance_ma60,60日移動平均乖離,終値の60日移動平均からの乖離,True,業種,小売業,3d,3営業日,1,1,1,0.003523194362889,0.003523194362889,1.0,サンプル不足,-0.03944424493219561
v4,distance_ma60,60日移動平均乖離,終値の60日移動平均からの乖離,True,業種,小売業,3d,3営業日,2,1,1,-0.03682250724038061,-0.03682250724038061,0.0,サンプル不足,-0.03944424493219561
v4,distance_ma60,60日移動平均乖離,終値の60日移動平均からの乖離,True,業種,小売業,3d,3営業日,3,1,1,-0.03592105056930661,-0.03592105056930661,0.0,サンプル不足,-0.03944424493219561
v4,distance_ma60,60日移動平均乖離,終値の60日移動平均からの乖離,True,業種,小売業,5d,5営業日,1,1,1,-0.0217263652378155,-0.0217263652378155,0.0,サンプル不足,-0.006327700476308998
v4,distance_ma60,60日移動平均乖離,終値の60日移動平均からの乖離,True,業種,小売業,5d,5営業日,2,1,1,-0.06826644600744725,-0.06826644600744725,0.0,サンプル不足,-0.006327700476308998
v4,distance_ma60,60日移動平均乖離,終値の60日移動平均からの乖離,True,業種,小売業,5d,5営業日,3,1,1,-0.0280540657141245,-0.0280540657141245,0.0,サンプル不足,-0.006327700476308998
v4,distance_ma60,60日移動平均乖離,終値の60日移動平均からの乖離,True,業種,建設業,10d,10営業日,1,1,1,-0.042903752039151755,-0.042903752039151755,0.0,サンプル不足,0.18736904284590605
v4,distance_ma60,60日移動平均乖離,終値の60日移動平均からの乖離,True,業種,建設業,10d,10営業日,2,1,1,0.1444652908067543,0.1444652908067543,1.0,サンプル不足,0.18736904284590605
v4,distance_ma60,60日移動平均乖離,終値の60日移動平均からの乖離,True,業種,建設業,1d,1営業日,1,1,1,-0.037683523654159834,-0.037683523654159834,0.0,サンプル不足,0.009540934535960943
v4,distance_ma60,60日移動平均乖離,終値の60日移動平均からの乖離,True,業種,建設業,1d,1営業日,2,1,1,-0.02814258911819889,-0.02814258911819889,0.0,サンプル不足,0.009540934535960943
v4,distance_ma60,60日移動平均乖離,終値の60日移動平均からの乖離,True,業種,建設業,3d,3営業日,1,1,1,-0.021044045676998357,-0.021044045676998357,0.0,サンプル不足,0.12836111884773016
v4,distance_ma60,60日移動平均乖離,終値の60日移動平均からの乖離,True,業種,建設業,3d,3営業日,2,1,1,0.1073170731707318,0.1073170731707318,1.0,サンプル不足,0.12836111884773016
v4,distance_ma60,60日移動平均乖離,終値の60日移動平均からの乖離,True,業種,建設業,5d,5営業日,1,1,1,-0.02610114192495927,-0.02610114192495927,0.0,サンプル不足,0.19870902184991235
v4,distance_ma60,60日移動平均乖離,終値の60日移動平均からの乖離,True,業種,建設業,5d,5営業日,2,1,1,0.17260787992495308,0.17260787992495308,1.0,サンプル不足,0.19870902184991235
v4,distance_ma60,60日移動平均乖離,終値の60日移動平均からの乖離,True,業種,情報・通信業,10d,10営業日,4,1,1,-0.1743941728533408,-0.1743941728533408,0.0,サンプル不足,-0.033939160479992514
v4,distance_ma60,60日移動平均乖離,終値の60日移動平均からの乖離,True,業種,情報・通信業,10d,10営業日,5,2,2,-0.20833333333333331,-0.20833333333333331,0.0,サンプル不足,-0.033939160479992514
v4,distance_ma60,60日移動平均乖離,終値の60日移動平均からの乖離,True,業種,情報・通信業,1d,1営業日,4,1,1,-0.005182798711304115,-0.005182798711304115,0.0,サンプル不足,0.04339778884937122
v4,distance_ma60,60日移動平均乖離,終値の60日移動平均からの乖離,True,業種,情報・通信業,1d,1営業日,5,2,2,0.038214990138067104,0.038214990138067104,0.5,サンプル不足,0.04339778884937122
v4,distance_ma60,60日移動平均乖離,終値の60日移動平均からの乖離,True,業種,情報・通信業,3d,3営業日,4,1,1,0.007003782042302786,0.007003782042302786,1.0,サンプル不足,-0.12155013312711534
v4,distance_ma60,60日移動平均乖離,終値の60日移動平均からの乖離,True,業種,情報・通信業,3d,3営業日,5,2,2,-0.11454635108481255,-0.11454635108481255,0.0,サンプル不足,-0.12155013312711534
v4,distance_ma60,60日移動平均乖離,終値の60日移動平均からの乖離,True,業種,情報・通信業,5d,5営業日,4,1,1,0.014707942288835874,0.014707942288835874,1.0,サンプル不足,-0.19144364248607448
v4,distance_ma60,60日移動平均乖離,終値の60日移動平均からの乖離,True,業種,情報・通信業,5d,5営業日,5,2,2,-0.1767357001972386,-0.1767357001972386,0.0,サンプル不足,-0.19144364248607448
v4,distance_ma60,60日移動平均乖離,終値の60日移動平均からの乖離,True,業種,機械,10d,10営業日,1,3,3,-0.03974112354780723,-0.05308848080133555,0.3333333333333333,サンプル不足,0.20590037389036478
v4,distance_ma60,60日移動平均乖離,終値の60日移動平均からの乖離,True,業種,機械,10d,10営業日,2,3,3,0.024697859554465327,0.046666666666666634,0.6666666666666666,サンプル不足,0.20590037389036478
v4,distance_ma60,60日移動平均乖離,終値の60日移動平均からの乖離,True,業種,機械,10d,10営業日,3,6,6,-0.005289460652972322,-0.004404364172255815,0.3333333333333333,サンプル不足,0.20590037389036478
v4,distance_ma60,60日移動平均乖離,終値の60日移動平均からの乖離,True,業種,機械,10d,10営業日,4,5,5,0.009541542683212523,0.0011278195488721998,0.6,サンプル不足,0.20590037389036478
v4,distance_ma60,60日移動平均乖離,終値の60日移動平均からの乖離,True,業種,機械,10d,10営業日,5,4,4,0.16615925034255755,-0.005860238832375075,0.5,サンプル不足,0.20590037389036478
v4,distance_ma60,60日移動平均乖離,終値の60日移動平均からの乖離,True,業種,機械,1d,1営業日,1,3,3,-0.0278532651550966,-0.0337228714524207,0.0,サンプル不足,0.09007706374778023
v4,distance_ma60,60日移動平均乖離,終値の60日移動平均からの乖離,True,業種,機械,1d,1営業日,2,3,3,-0.0030126576633545225,-0.0050000000000000044,0.3333333333333333,サンプル不足,0.09007706374778023
v4,distance_ma60,60日移動平均乖離,終値の60日移動平均からの乖離,True,業種,機械,1d,1営業日,3,6,6,-0.011362354372063123,-0.008215671788355805,0.3333333333333333,サンプル不足,0.09007706374778023
v4,distance_ma60,60日移動平均乖離,終値の60日移動平均からの乖離,True,業種,機械,1d,1営業日,4,5,5,-0.003944413607547892,0.0059880239520957446,0.6,サンプル不足,0.09007706374778023
v4,distance_ma60,60日移動平均乖離,終値の60日移動平均からの乖離,True,業種,機械,1d,1営業日,5,4,4,0.06222379859268363,0.05035935426802307,0.75,サンプル不足,0.09007706374778023
v4,distance_ma60,60日移動平均乖離,終値の60日移動平均からの乖離,True,業種,機械,3d,3営業日,1,3,3,0.008501177684012743,0.01001669449081799,0.6666666666666666,サンプル不足,0.15680903381424321
v4,distance_ma60,60日移動平均乖離,終値の60日移動平均からの乖離,True,業種,機械,3d,3営業日,2,3,3,0.03807865442058695,0.008023842049639462,0.6666666666666666,サンプル不足,0.15680903381424321
v4,distance_ma60,60日移動平均乖離,終値の60日移動平均からの乖離,True,業種,機械,3d,3営業日,3,6,6,0.042251695142320765,0.04284182708758111,0.8333333333333334,サンプル不足,0.15680903381424321
v4,distance_ma60,60日移動平均乖離,終値の60日移動平均からの乖離,True,業種,機械,3d,3営業日,4,5,5,0.05362883859616323,0.06089309878213811,1.0,サンプル不足,0.15680903381424321
v4,distance_ma60,60日移動平均乖離,終値の60日移動平均からの乖離,True,業種,機械,3d,3営業日,5,4,4,0.16531021149825595,0.03678589856995429,0.5,サンプル不足,0.15680903381424321
v4,distance_ma60,60日移動平均乖離,終値の60日移動平均からの乖離,True,業種,機械,5d,5営業日,1,3,3,0.026000140149089097,0.013355592654423987,1.0,サンプル不足,0.1435367275489776
v4,distance_ma60,60日移動平均乖離,終値の60日移動平均からの乖離,True,業種,機械,5d,5営業日,2,3,3,0.1007791622733313,0.1060606060606059,1.0,サンプル不足,0.1435367275489776
v4,distance_ma60,60日移動平均乖離,終値の60日移動平均からの乖離,True,業種,機械,5d,5営業日,3,6,6,0.0770673633262506,0.06410688961339872,1.0,サンプル不足,0.1435367275489776
v4,distance_ma60,60日移動平均乖離,終値の60日移動平均からの乖離,True,業種,機械,5d,5営業日,4,5,5,0.10533005851075852,0.1069012178619757,1.0,サンプル不足,0.1435367275489776
v4,distance_ma60,60日移動平均乖離,終値の60日移動平均からの乖離,True,業種,機械,5d,5営業日,5,4,4,0.1695368676980667,0.057646874539289406,0.75,サンプル不足,0.1435367275489776
v4,distance_ma60,60日移動平均乖離,終値の60日移動平均からの乖離,True,業種,海運業,10d,10営業日,1,1,1,-0.07318923018581724,-0.07318923018581724,0.0,サンプル不足,0.0
v4,distance_ma60,60日移動平均乖離,終値の60日移動平均からの乖離,True,業種,海運業,1d,1営業日,1,1,1,-0.015927189988623414,-0.015927189988623414,0.0,サンプル不足,0.0
v4,distance_ma60,60日移動平均乖離,終値の60日移動平均からの乖離,True,業種,海運業,3d,3営業日,1,1,1,-0.04702313234736444,-0.04702313234736444,0.0,サンプル不足,0.0
v4,distance_ma60,60日移動平均乖離,終値の60日移動平均からの乖離,True,業種,海運業,5d,5営業日,1,1,1,-0.04323094425483509,-0.04323094425483509,0.0,サンプル不足,0.0
v4,distance_ma60,60日移動平均乖離,終値の60日移動平均からの乖離,True,業種,空運業,10d,10営業日,1,2,2,0.005610334949848417,0.005610334949848417,0.5,サンプル不足,0.0
v4,distance_ma60,60日移動平均乖離,終値の60日移動平均からの乖離,True,業種,空運業,1d,1営業日,1,2,2,0.008669260778221721,0.008669260778221721,1.0,サンプル不足,0.0
v4,distance_ma60,60日移動平均乖離,終値の60日移動平均からの乖離,True,業種,空運業,3d,3営業日,1,2,2,-0.0067527108446139295,-0.0067527108446139295,0.0,サンプル不足,0.0
v4,distance_ma60,60日移動平均乖離,終値の60日移動平均からの乖離,True,業種,空運業,5d,5営業日,1,2,2,-0.01811971134527668,-0.01811971134527668,0.0,サンプル不足,0.0
v4,distance_ma60,60日移動平均乖離,終値の60日移動平均からの乖離,True,業種,繊維製品,10d,10営業日,1,1,1,-0.04926931106471821,-0.04926931106471821,0.0,サンプル不足,0.0
v4,distance_ma60,60日移動平均乖離,終値の60日移動平均からの乖離,True,業種,繊維製品,1d,1営業日,1,1,1,-0.017118997912317302,-0.017118997912317302,0.0,サンプル不足,0.0
v4,distance_ma60,60日移動平均乖離,終値の60日移動平均からの乖離,True,業種,繊維製品,3d,3営業日,1,1,1,-0.0041753653444676075,-0.0041753653444676075,0.0,サンプル不足,0.0
v4,distance_ma60,60日移動平均乖離,終値の60日移動平均からの乖離,True,業種,繊維製品,5d,5営業日,1,1,1,-0.02171189979123178,-0.02171189979123178,0.0,サンプル不足,0.0
v4,distance_ma60,60日移動平均乖離,終値の60日移動平均からの乖離,True,業種,証券、商品先物取引業,10d,10営業日,1,2,2,-0.00168401076560859,-0.00168401076560859,0.5,サンプル不足,0.0
v4,distance_ma60,60日移動平均乖離,終値の60日移動平均からの乖離,True,業種,証券、商品先物取引業,1d,1営業日,1,2,2,0.0027047039679337637,0.0027047039679337637,1.0,サンプル不足,0.0
v4,distance_ma60,60日移動平均乖離,終値の60日移動平均からの乖離,True,業種,証券、商品先物取引業,3d,3営業日,1,2,2,0.018397529408113233,0.018397529408113233,1.0,サンプル不足,0.0
v4,distance_ma60,60日移動平均乖離,終値の60日移動平均からの乖離,True,業種,証券、商品先物取引業,5d,5営業日,1,2,2,0.01767402109669103,0.01767402109669103,1.0,サンプル不足,0.0
v4,distance_ma60,60日移動平均乖離,終値の60日移動平均からの乖離,True,業種,輸送用機器,10d,10営業日,1,2,2,-0.03315062772427113,-0.03315062772427113,0.5,サンプル不足,-0.03187400281760078
v4,distance_ma60,60日移動平均乖離,終値の60日移動平均からの乖離,True,業種,輸送用機器,10d,10営業日,4,1,1,-0.06502463054187191,-0.06502463054187191,0.0,サンプル不足,-0.03187400281760078
v4,distance_ma60,60日移動平均乖離,終値の60日移動平均からの乖離,True,業種,輸送用機器,1d,1営業日,1,2,2,-0.014126768691798852,-0.014126768691798852,0.0,サンプル不足,-0.0026219997811075535
v4,distance_ma60,60日移動平均乖離,終値の60日移動平均からの乖離,True,業種,輸送用機器,1d,1営業日,4,1,1,-0.016748768472906406,-0.016748768472906406,0.0,サンプル不足,-0.0026219997811075535
v4,distance_ma60,60日移動平均乖離,終値の60日移動平均からの乖離,True,業種,輸送用機器,3d,3営業日,1,2,2,-0.03601939579545094,-0.03601939579545094,0.0,サンプル不足,0.0458716125442194
v4,distance_ma60,60日移動平均乖離,終値の60日移動平均からの乖離,True,業種,輸送用機器,3d,3営業日,4,1,1,0.009852216748768461,0.009852216748768461,1.0,サンプル不足,0.0458716125442194
v4,distance_ma60,60日移動平均乖離,終値の60日移動平均からの乖離,True,業種,輸送用機器,5d,5営業日,1,2,2,-0.04993293544111804,-0.04993293544111804,0.0,サンプル不足,0.14549943790417214
v4,distance_ma60,60日移動平均乖離,終値の60日移動平均からの乖離,True,業種,輸送用機器,5d,5営業日,4,1,1,0.09556650246305409,0.09556650246305409,1.0,サンプル不足,0.14549943790417214
v4,distance_ma60,60日移動平均乖離,終値の60日移動平均からの乖離,True,業種,金属製品,10d,10営業日,2,1,1,0.2351190476190476,0.2351190476190476,1.0,サンプル不足,-0.10368210629763899
v4,distance_ma60,60日移動平均乖離,終値の60日移動平均からの乖離,True,業種,金属製品,10d,10営業日,5,2,2,0.1314369413214086,0.1314369413214086,0.5,サンプル不足,-0.10368210629763899
v4,distance_ma60,60日移動平均乖離,終値の60日移動平均からの乖離,True,業種,金属製品,1d,1営業日,2,1,1,0.1402529761904762,0.1402529761904762,1.0,サンプル不足,-0.17666620227978186
v4,distance_ma60,60日移動平均乖離,終値の60日移動平均からの乖離,True,業種,金属製品,1d,1営業日,5,2,2,-0.03641322608930565,-0.03641322608930565,0.0,サンプル不足,-0.17666620227978186
v4,distance_ma60,60日移動平均乖離,終値の60日移動平均からの乖離,True,業種,金属製品,3d,3営業日,2,1,1,0.2332589285714286,0.2332589285714286,1.0,サンプル不足,-0.14495651620439767
v4,distance_ma60,60日移動平均乖離,終値の60日移動平均からの乖離,True,業種,金属製品,3d,3営業日,5,2,2,0.08830241236703093,0.08830241236703093,1.0,サンプル不足,-0.14495651620439767
v4,distance_ma60,60日移動平均乖離,終値の60日移動平均からの乖離,True,業種,金属製品,5d,5営業日,2,1,1,0.3727678571428572,0.3727678571428572,1.0,サンプル不足,-0.17486099136759298
v4,distance_ma60,60日移動平均乖離,終値の60日移動平均からの乖離,True,業種,金属製品,5d,5営業日,5,2,2,0.19790686577526423,0.19790686577526423,0.5,サンプル不足,-0.17486099136759298
v4,distance_ma60,60日移動平均乖離,終値の60日移動平均からの乖離,True,業種,鉄鋼,10d,10営業日,3,1,1,0.14146341463414625,0.14146341463414625,1.0,サンプル不足,0.0
v4,distance_ma60,60日移動平均乖離,終値の60日移動平均からの乖離,True,業種,鉄鋼,1d,1営業日,3,1,1,-0.0060975609756097615,-0.0060975609756097615,0.0,サンプル不足,0.0
v4,distance_ma60,60日移動平均乖離,終値の60日移動平均からの乖離,True,業種,鉄鋼,3d,3営業日,3,1,1,0.02987804878048772,0.02987804878048772,1.0,サンプル不足,0.0
v4,distance_ma60,60日移動平均乖離,終値の60日移動平均からの乖離,True,業種,鉄鋼,5d,5営業日,3,1,1,0.18130081300813017,0.18130081300813017,1.0,サンプル不足,0.0
v4,distance_ma60,60日移動平均乖離,終値の60日移動平均からの乖離,True,業種,銀行業,10d,10営業日,1,1,1,-0.023312393290677358,-0.023312393290677358,0.0,サンプル不足,0.0003065884103788663
v4,distance_ma60,60日移動平均乖離,終値の60日移動平均からの乖離,True,業種,銀行業,10d,10営業日,2,4,4,-0.02300580488029849,-0.02246888429870092,0.0,サンプル不足,0.0003065884103788663
v4,distance_ma60,60日移動平均乖離,終値の60日移動平均からの乖離,True,業種,銀行業,1d,1営業日,1,1,1,-0.006958942388566536,-0.006958942388566536,0.0,サンプル不足,-0.0016828271575567988
v4,distance_ma60,60日移動平均乖離,終値の60日移動平均からの乖離,True,業種,銀行業,1d,1営業日,2,4,4,-0.008641769546123335,-0.006687501258927142,0.0,サンプル不足,-0.0016828271575567988
v4,distance_ma60,60日移動平均乖離,終値の60日移動平均からの乖離,True,業種,銀行業,3d,3営業日,1,1,1,-0.012526117536426518,-0.012526117536426518,0.0,サンプル不足,0.05300960334605631
v4,distance_ma60,60日移動平均乖離,終値の60日移動平均からの乖離,True,業種,銀行業,3d,3営業日,2,4,4,0.04048348580962979,0.03638786978583641,1.0,サンプル不足,0.05300960334605631
v4,distance_ma60,60日移動平均乖離,終値の60日移動平均からの乖離,True,業種,銀行業,5d,5営業日,1,1,1,-0.03305497634569088,-0.03305497634569088,0.0,サンプル不足,0.058474641015972995
v4,distance_ma60,60日移動平均乖離,終値の60日移動平均からの乖離,True,業種,銀行業,5d,5営業日,2,4,4,0.025419664670282116,0.025135234506143744,1.0,サンプル不足,0.058474641015972995
v4,distance_ma60,60日移動平均乖離,終値の60日移動平均からの乖離,True,業種,電気機器,10d,10営業日,1,1,1,0.1288076588337685,0.1288076588337685,1.0,サンプル不足,-0.11088548270587051
v4,distance_ma60,60日移動平均乖離,終値の60日移動平均からの乖離,True,業種,電気機器,10d,10営業日,2,2,2,0.021370394588635433,0.021370394588635433,0.5,サンプル不足,-0.11088548270587051
v4,distance_ma60,60日移動平均乖離,終値の60日移動平均からの乖離,True,業種,電気機器,10d,10営業日,3,3,3,0.01403865026439933,0.01863354037267073,0.6666666666666666,サンプル不足,-0.11088548270587051
v4,distance_ma60,60日移動平均乖離,終値の60日移動平均からの乖離,True,業種,電気機器,10d,10営業日,4,7,7,0.05336051702431453,0.07174688057041001,0.8571428571428571,サンプル不足,-0.11088548270587051
v4,distance_ma60,60日移動平均乖離,終値の60日移動平均からの乖離,True,業種,電気機器,10d,10営業日,5,9,9,0.017922176127897975,0.0019080136573608186,0.5555555555555556,サンプル不足,-0.11088548270587051
v4,distance_ma60,60日移動平均乖離,終値の60日移動平均からの乖離,True,業種,電気機器,1d,1営業日,1,1,1,0.0069625761531766,0.0069625761531766,1.0,サンプル不足,-0.013404860990665377
v4,distance_ma60,60日移動平均乖離,終値の60日移動平均からの乖離,True,業種,電気機器,1d,1営業日,2,2,2,0.017285182143134903,0.017285182143134903,1.0,サンプル不足,-0.013404860990665377
v4,distance_ma60,60日移動平均乖離,終値の60日移動平均からの乖離,True,業種,電気機器,1d,1営業日,3,3,3,-0.021075332571226447,-0.039616653726708084,0.3333333333333333,サンプル不足,-0.013404860990665377
v4,distance_ma60,60日移動平均乖離,終値の60日移動平均からの乖離,True,業種,電気機器,1d,1営業日,4,7,7,0.014994058729627478,-0.001808318264014508,0.2857142857142857,サンプル不足,-0.013404860990665377
v4,distance_ma60,60日移動平均乖離,終値の60日移動平均からの乖離,True,業種,電気機器,1d,1営業日,5,9,9,-0.0064422848374887775,-0.021389837316730276,0.3333333333333333,サンプル不足,-0.013404860990665377
v4,distance_ma60,60日移動平均乖離,終値の60日移動平均からの乖離,True,業種,電気機器,3d,3営業日,1,1,1,0.0879025239338555,0.0879025239338555,1.0,サンプル不足,-0.038623769411016445
v4,distance_ma60,60日移動平均乖離,終値の60日移動平均からの乖離,True,業種,電気機器,3d,3営業日,2,2,2,0.023936750788958072,0.023936750788958072,1.0,サンプル不足,-0.038623769411016445
v4,distance_ma60,60日移動平均乖離,終値の60日移動平均からの乖離,True,業種,電気機器,3d,3営業日,3,3,3,0.07243004518321296,0.07356608478802995,0.6666666666666666,サンプル不足,-0.038623769411016445
v4,distance_ma60,60日移動平均乖離,終値の60日移動平均からの乖離,True,業種,電気機器,3d,3営業日,4,7,7,0.05576238674816832,0.013814616755793319,0.5714285714285714,サンプル不足,-0.038623769411016445
v4,distance_ma60,60日移動平均乖離,終値の60日移動平均からの乖離,True,業種,電気機器,3d,3営業日,5,9,9,0.04927875452283906,0.04562946673996704,0.6666666666666666,サンプル不足,-0.038623769411016445
v4,distance_ma60,60日移動平均乖離,終値の60日移動平均からの乖離,True,業種,電気機器,5d,5営業日,1,1,1,0.1061792863359443,0.1061792863359443,1.0,サンプル不足,-0.002584645310695771
v4,distance_ma60,60日移動平均乖離,終値の60日移動平均からの乖離,True,業種,電気機器,5d,5営業日,2,2,2,0.05241873184599222,0.05241873184599222,1.0,サンプル不足,-0.002584645310695771
v4,distance_ma60,60日移動平均乖離,終値の60日移動平均からの乖離,True,業種,電気機器,5d,5営業日,3,3,3,0.1201074607143039,0.09551122194513706,1.0,サンプル不足,-0.002584645310695771
v4,distance_ma60,60日移動平均乖離,終値の60日移動平均からの乖離,True,業種,電気機器,5d,5営業日,4,7,7,0.1181470536393597,0.12454212454212454,0.8571428571428571,サンプル不足,-0.002584645310695771
v4,distance_ma60,60日移動平均乖離,終値の60日移動平均からの乖離,True,業種,電気機器,5d,5営業日,5,9,9,0.10359464102524853,0.0906464427591187,0.8888888888888888,サンプル不足,-0.002584645310695771
v4,distance_ma60,60日移動平均乖離,終値の60日移動平均からの乖離,True,業種,食料品,10d,10営業日,1,1,1,0.051290219815227855,0.051290219815227855,1.0,サンプル不足,0.0
v4,distance_ma60,60日移動平均乖離,終値の60日移動平均からの乖離,True,業種,食料品,1d,1営業日,1,1,1,0.005734310289901234,0.005734310289901234,1.0,サンプル不足,0.0
v4,distance_ma60,60日移動平均乖離,終値の60日移動平均からの乖離,True,業種,食料品,3d,3営業日,1,1,1,-0.014335775724753086,-0.014335775724753086,0.0,サンプル不足,0.0
v4,distance_ma60,60日移動平均乖離,終値の60日移動平均からの乖離,True,業種,食料品,5d,5営業日,1,1,1,-0.005734310289901234,-0.005734310289901234,0.0,サンプル不足,0.0
v4,return_120d,120日モメンタム,120営業日の騰落率,True,全体,全体,10d,10営業日,1,20,20,-0.02261193285446524,-0.013693814200197607,0.4,サンプル不足,0.10084321761839111
v4,return_120d,120日モメンタム,120営業日の騰落率,True,全体,全体,10d,10営業日,2,20,20,-0.0006175282725938619,-0.013827579647436639,0.45,サンプル不足,0.10084321761839111
v4,return_120d,120日モメンタム,120営業日の騰落率,True,全体,全体,10d,10営業日,3,20,20,-0.01211531797999173,-0.02303355822965497,0.35,サンプル不足,0.10084321761839111
v4,return_120d,120日モメンタム,120営業日の騰落率,True,全体,全体,10d,10営業日,4,20,20,0.007880265913123284,0.0030630029134295356,0.6,サンプル不足,0.10084321761839111
v4,return_120d,120日モメンタム,120営業日の騰落率,True,全体,全体,10d,10営業日,5,20,20,0.07823128476392588,0.011573331054437919,0.6,サンプル不足,0.10084321761839111
v4,return_120d,120日モメンタム,120営業日の騰落率,True,全体,全体,1d,1営業日,1,20,20,-0.01418968221402272,-0.001876047614317089,0.5,サンプル不足,0.021492189716037068
v4,return_120d,120日モメンタム,120営業日の騰落率,True,全体,全体,1d,1営業日,2,20,20,0.0024366125804424306,-0.0044689261855951345,0.4,サンプル不足,0.021492189716037068
v4,return_120d,120日モメンタム,120営業日の騰落率,True,全体,全体,1d,1営業日,3,20,20,-0.015511828866635439,-0.009121445444358556,0.2,サンプル不足,0.021492189716037068
v4,return_120d,120日モメンタム,120営業日の騰落率,True,全体,全体,1d,1営業日,4,20,20,0.013455002304060848,0.0029940119760478723,0.5,サンプル不足,0.021492189716037068
v4,return_120d,120日モメンタム,120営業日の騰落率,True,全体,全体,1d,1営業日,5,20,20,0.007302507502014349,-0.009557333126237744,0.35,サンプル不足,0.021492189716037068
v4,return_120d,120日モメンタム,120営業日の騰落率,True,全体,全体,3d,3営業日,1,20,20,-0.009596955113909424,-0.004506447926317159,0.4,サンプル不足,0.10665209034044583
v4,return_120d,120日モメンタム,120営業日の騰落率,True,全体,全体,3d,3営業日,2,20,20,0.041176092422484975,0.023548094373865736,0.8,サンプル不足,0.10665209034044583
v4,return_120d,120日モメンタム,120営業日の騰落率,True,全体,全体,3d,3営業日,3,20,20,0.02384021163753099,0.012257763351053108,0.65,サンプル不足,0.10665209034044583
v4,return_120d,120日モメンタム,120営業日の騰落率,True,全体,全体,3d,3営業日,4,20,20,0.03705575490899103,0.03961503883008277,0.7,サンプル不足,0.10665209034044583
v4,return_120d,120日モメンタム,120営業日の騰落率,True,全体,全体,3d,3営業日,5,20,20,0.0970551352265364,0.059379641615300516,0.75,サンプル不足,0.10665209034044583
v4,return_120d,120日モメンタム,120営業日の騰落率,True,全体,全体,5d,5営業日,1,20,20,-0.017809798057057284,-0.02171913251452364,0.3,サンプル不足,0.17517253330783053
v4,return_120d,120日モメンタム,120営業日の騰落率,True,全体,全体,5d,5営業日,2,20,20,0.0551086752710789,0.03275865310168391,0.85,サンプル不足,0.17517253330783053
v4,return_120d,120日モメンタム,120営業日の騰落率,True,全体,全体,5d,5営業日,3,20,20,0.05764745467230046,0.0374416682122648,0.7,サンプル不足,0.17517253330783053
v4,return_120d,120日モメンタム,120営業日の騰落率,True,全体,全体,5d,5営業日,4,20,20,0.06579655447853894,0.07512558287919974,0.85,サンプル不足,0.17517253330783053
v4,return_120d,120日モメンタム,120営業日の騰落率,True,全体,全体,5d,5営業日,5,20,20,0.15736273525077324,0.15491027959382397,0.85,サンプル不足,0.17517253330783053
v4,return_120d,120日モメンタム,120営業日の騰落率,True,業種,その他製品,10d,10営業日,3,1,1,0.0982274741506648,0.0982274741506648,1.0,サンプル不足,0.0
v4,return_120d,120日モメンタム,120営業日の騰落率,True,業種,その他製品,1d,1営業日,3,1,1,0.0723781388478581,0.0723781388478581,1.0,サンプル不足,0.0
v4,return_120d,120日モメンタム,120営業日の騰落率,True,業種,その他製品,3d,3営業日,3,1,1,-0.0088626292466764,-0.0088626292466764,0.0,サンプル不足,0.0
v4,return_120d,120日モメンタム,120営業日の騰落率,True,業種,その他製品,5d,5営業日,3,1,1,-0.0745937961595273,-0.0745937961595273,0.0,サンプル不足,0.0
v4,return_120d,120日モメンタム,120営業日の騰落率,True,業種,その他金融業,10d,10営業日,2,1,1,-0.07577132486388383,-0.07577132486388383,0.0,サンプル不足,0.07967757486388383
v4,return_120d,120日モメンタム,120営業日の騰落率,True,業種,その他金融業,10d,10営業日,4,1,1,0.00390625,0.00390625,1.0,サンプル不足,0.07967757486388383
v4,return_120d,120日モメンタム,120営業日の騰落率,True,業種,その他金融業,1d,1営業日,2,1,1,0.00907441016333932,0.00907441016333932,1.0,サンプル不足,-0.00907441016333932
v4,return_120d,120日モメンタム,120営業日の騰落率,True,業種,その他金融業,1d,1営業日,4,1,1,0.0,0.0,0.0,サンプル不足,-0.00907441016333932
v4,return_120d,120日モメンタム,120営業日の騰落率,True,業種,その他金融業,3d,3営業日,2,1,1,0.024727767695099878,0.024727767695099878,1.0,サンプル不足,-0.020821517695099878
v4,return_120d,120日モメンタム,120営業日の騰落率,True,業種,その他金融業,3d,3営業日,4,1,1,0.00390625,0.00390625,1.0,サンプル不足,-0.020821517695099878
v4,return_120d,120日モメンタム,120営業日の騰落率,True,業種,その他金融業,5d,5営業日,2,1,1,-0.022232304900181465,-0.022232304900181465,0.0,サンプル不足,0.022232304900181465
v4,return_120d,120日モメンタム,120営業日の騰落率,True,業種,その他金融業,5d,5営業日,4,1,1,0.0,0.0,0.0,サンプル不足,0.022232304900181465
v4,return_120d,120日モメンタム,120営業日の騰落率,True,業種,ガラス・土石製品,10d,10営業日,4,1,1,0.12147701582516945,0.12147701582516945,1.0,サンプル不足,-0.07750538461949576
v4,return_120d,120日モメンタム,120営業日の騰落率,True,業種,ガラス・土石製品,10d,10営業日,5,1,1,0.0439716312056737,0.0439716312056737,1.0,サンプル不足,-0.07750538461949576
v4,return_120d,120日モメンタム,120営業日の騰落率,True,業種,ガラス・土石製品,1d,1営業日,4,1,1,0.016880180859080607,0.016880180859080607,1.0,サンプル不足,-0.06227025178106631
v4,return_120d,120日モメンタム,120営業日の騰落率,True,業種,ガラス・土石製品,1d,1営業日,5,1,1,-0.0453900709219857,-0.0453900709219857,0.0,サンプル不足,-0.06227025178106631
v4,return_120d,120日モメンタム,120営業日の騰落率,True,業種,ガラス・土石製品,3d,3営業日,4,1,1,0.10143180105501126,0.10143180105501126,1.0,サンプル不足,0.21062493653364123
v4,return_120d,120日モメンタム,120営業日の騰落率,True,業種,ガラス・土石製品,3d,3営業日,5,1,1,0.3120567375886525,0.3120567375886525,1.0,サンプル不足,0.21062493653364123
v4,return_120d,120日モメンタム,120営業日の騰落率,True,業種,ガラス・土石製品,5d,5営業日,4,1,1,0.15975885455915595,0.15975885455915595,1.0,サンプル不足,0.07712057806495745
v4,return_120d,120日モメンタム,120営業日の騰落率,True,業種,ガラス・土石製品,5d,5営業日,5,1,1,0.2368794326241134,0.2368794326241134,1.0,サンプル不足,0.07712057806495745
v4,return_120d,120日モメンタム,120営業日の騰落率,True,業種,ゴム製品,10d,10営業日,1,2,2,-0.062116513134313156,-0.062116513134313156,0.0,サンプル不足,0.0
v4,return_120d,120日モメンタム,120営業日の騰落率,True,業種,ゴム製品,1d,1営業日,1,2,2,-0.01070310058165369,-0.01070310058165369,0.5,サンプル不足,0.0
v4,return_120d,120日モメンタム,120営業日の騰落率,True,業種,ゴム製品,3d,3営業日,1,2,2,-0.007499771841421976,-0.007499771841421976,0.5,サンプル不足,0.0
v4,return_120d,120日モメンタム,120営業日の騰落率,True,業種,ゴム製品,5d,5営業日,1,2,2,-0.020934938287824112,-0.020934938287824112,0.0,サンプル不足,0.0
v4,return_120d,120日モメンタム,120営業日の騰落率,True,業種,サービス業,10d,10営業日,1,3,3,-0.059961192818403654,0.04575416828227996,0.6666666666666666,サンプル不足,0.11425843649426813
v4,return_120d,120日モメンタム,120営業日の騰落率,True,業種,サービス業,10d,10営業日,3,3,3,0.05429724367586448,0.054655870445344146,0.6666666666666666,サンプル不足,0.11425843649426813
v4,return_120d,120日モメンタム,120営業日の騰落率,True,業種,サービス業,1d,1営業日,1,3,3,-0.0542115007035043,-0.004459308807134854,0.3333333333333333,サンプル不足,0.051664491948886254
v4,return_120d,120日モメンタム,120営業日の騰落率,True,業種,サービス業,1d,1営業日,3,3,3,-0.002547008754618043,-0.009188361408882129,0.3333333333333333,サンプル不足,0.051664491948886254
v4,return_120d,120日モメンタム,120営業日の騰落率,True,業種,サービス業,3d,3営業日,1,3,3,-0.060758121698269774,0.021181716833890807,0.6666666666666666,サンプル不足,0.07216442086291569
v4,return_120d,120日モメンタム,120営業日の騰落率,True,業種,サービス業,3d,3営業日,3,3,3,0.011406299164645917,-0.01174089068825912,0.3333333333333333,サンプル不足,0.07216442086291569
v4,return_120d,120日モメンタム,120営業日の騰落率,True,業種,サービス業,5d,5営業日,1,3,3,-0.04751767338328675,0.07018224117875138,0.6666666666666666,サンプル不足,0.1895358114711424
v4,return_120d,120日モメンタム,120営業日の騰落率,True,業種,サービス業,5d,5営業日,3,3,3,0.14201813808785566,0.06558704453441289,0.6666666666666666,サンプル不足,0.1895358114711424
v4,return_120d,120日モメンタム,120営業日の騰落率,True,業種,不動産業,10d,10営業日,1,1,1,0.14814814814814814,0.14814814814814814,1.0,サンプル不足,-0.01573957311662233
v4,return_120d,120日モメンタム,120営業日の騰落率,True,業種,不動産業,10d,10営業日,4,1,1,0.1324085750315258,0.1324085750315258,1.0,サンプル不足,-0.01573957311662233
v4,return_120d,120日モメンタム,120営業日の騰落率,True,業種,不動産業,1d,1営業日,1,1,1,0.012345679012345734,0.012345679012345734,1.0,サンプル不足,0.12006289601918008
v4,return_120d,120日モメンタム,120営業日の騰落率,True,業種,不動産業,1d,1営業日,4,1,1,0.1324085750315258,0.1324085750315258,1.0,サンプル不足,0.12006289601918008
v4,return_120d,120日モメンタム,120営業日の騰落率,True,業種,不動産業,3d,3営業日,1,1,1,0.1358024691358024,0.1358024691358024,1.0,サンプル不足,-0.0033938941042765958
v4,return_120d,120日モメンタム,120営業日の騰落率,True,業種,不動産業,3d,3営業日,4,1,1,0.1324085750315258,0.1324085750315258,1.0,サンプル不足,-0.0033938941042765958
v4,return_120d,120日モメンタム,120営業日の騰落率,True,業種,不動産業,5d,5営業日,1,1,1,0.11111111111111116,0.11111111111111116,1.0,サンプル不足,0.02003642987249532
v4,return_120d,120日モメンタム,120営業日の騰落率,True,業種,不動産業,5d,5営業日,4,1,1,0.13114754098360648,0.13114754098360648,1.0,サンプル不足,0.02003642987249532
v4,return_120d,120日モメンタム,120営業日の騰落率,True,業種,保険業,10d,10営業日,3,1,1,-0.02083333333333337,-0.02083333333333337,0.0,サンプル不足,0.0
v4,return_120d,120日モメンタム,120営業日の騰落率,True,業種,保険業,1d,1営業日,3,1,1,0.007601351351351315,0.007601351351351315,1.0,サンプル不足,0.0
v4,return_120d,120日モメンタム,120営業日の騰落率,True,業種,保険業,3d,3営業日,3,1,1,0.025056306306306286,0.025056306306306286,1.0,サンプル不足,0.0
v4,return_120d,120日モメンタム,120営業日の騰落率,True,業種,保険業,5d,5営業日,3,1,1,0.032939189189189255,0.032939189189189255,1.0,サンプル不足,0.0
v4,return_120d,120日モメンタム,120営業日の騰落率,True,業種,化学,10d,10営業日,1,1,1,0.021517883105554025,0.021517883105554025,1.0,サンプル不足,-0.050330060327625215
v4,return_120d,120日モメンタム,120営業日の騰落率,True,業種,化学,10d,10営業日,2,5,5,-0.006300183901184209,0.0013291980505094614,0.6,サンプル不足,-0.050330060327625215
v4,return_120d,120日モメンタム,120営業日の騰落率,True,業種,化学,10d,10営業日,3,3,3,-0.06931996401355175,-0.07270233196159126,0.0,サンプル不足,-0.050330060327625215
v4,return_120d,120日モメンタム,120営業日の騰落率,True,業種,化学,10d,10営業日,4,3,3,-0.017869232023213614,-0.02689243027888444,0.3333333333333333,サンプル不足,-0.050330060327625215
v4,return_120d,120日モメンタム,120営業日の騰落率,True,業種,化学,10d,10営業日,5,1,1,-0.02881217722207119,-0.02881217722207119,0.0,サンプル不足,-0.050330060327625215
v4,return_120d,120日モメンタム,120営業日の騰落率,True,業種,化学,1d,1営業日,1,1,1,-0.017446932247746405,-0.017446932247746405,0.0,サンプル不足,0.011738859401864365
v4,return_120d,120日モメンタム,120営業日の騰落率,True,業種,化学,1d,1営業日,2,5,5,-0.008786814842715906,-0.009210526315789447,0.2,サンプル不足,0.011738859401864365
v4,return_120d,120日モメンタム,120営業日の騰落率,True,業種,化学,1d,1営業日,3,3,3,-0.007295048620154446,-0.014542570068746707,0.3333333333333333,サンプル不足,0.011738859401864365
v4,return_120d,120日モメンタム,120営業日の騰落率,True,業種,化学,1d,1営業日,4,3,3,0.0171301345692353,0.0084001527300496,0.6666666666666666,サンプル不足,0.011738859401864365
v4,return_120d,120日モメンタム,120営業日の騰落率,True,業種,化学,1d,1営業日,5,1,1,-0.0057080728458820396,-0.0057080728458820396,0.0,サンプル不足,0.011738859401864365
v4,return_120d,120日モメンタム,120営業日の騰落率,True,業種,化学,3d,3営業日,1,1,1,-0.004361733061936657,-0.004361733061936657,0.0,サンプル不足,0.005720798025241947
v4,return_120d,120日モメンタム,120営業日の騰落率,True,業種,化学,3d,3営業日,2,5,5,0.03137846939653697,0.013137254901960826,0.8,サンプル不足,0.005720798025241947
v4,return_120d,120日モメンタム,120営業日の騰落率,True,業種,化学,3d,3営業日,3,3,3,0.05167248826314718,0.010973936899862924,0.6666666666666666,サンプル不足,0.005720798025241947
v4,return_120d,120日モメンタム,120営業日の騰落率,True,業種,化学,3d,3営業日,4,3,3,0.0683638684891185,0.07188940092165907,1.0,サンプル不足,0.005720798025241947
v4,return_120d,120日モメンタム,120営業日の騰落率,True,業種,化学,3d,3営業日,5,1,1,0.0013590649633052898,0.0013590649633052898,1.0,サンプル不足,0.005720798025241947
v4,return_120d,120日モメンタム,120営業日の騰落率,True,業種,化学,5d,5営業日,1,1,1,-0.021808665309683062,-0.021808665309683062,0.0,サンプル不足,0.07236588194463811
v4,return_120d,120日モメンタム,120営業日の騰落率,True,業種,化学,5d,5営業日,2,5,5,0.0438148528507671,0.033437234344006805,0.8,サンプル不足,0.07236588194463811
v4,return_120d,120日モメンタム,120営業日の騰落率,True,業種,化学,5d,5営業日,3,3,3,0.04360603984435631,0.04663923182441709,0.6666666666666666,サンプル不足,0.07236588194463811
v4,return_120d,120日モメンタム,120営業日の騰落率,True,業種,化学,5d,5営業日,4,3,3,0.0772040418376921,0.0710194730813287,1.0,サンプル不足,0.07236588194463811
v4,return_120d,120日モメンタム,120営業日の騰落率,True,業種,化学,5d,5営業日,5,1,1,0.05055721663495505,0.05055721663495505,1.0,サンプル不足,0.07236588194463811
v4,return_120d,120日モメンタム,120営業日の騰落率,True,業種,卸売業,10d,10営業日,3,1,1,-0.0768126346015792,-0.0768126346015792,0.0,サンプル不足,0.0
v4,return_120d,120日モメンタム,120営業日の騰落率,True,業種,卸売業,1d,1営業日,3,1,1,-0.1184493898061737,-0.1184493898061737,0.0,サンプル不足,0.0
v4,return_120d,120日モメンタム,120営業日の騰落率,True,業種,卸売業,3d,3営業日,3,1,1,-0.0760947595118449,-0.0760947595118449,0.0,サンプル不足,0.0
v4,return_120d,120日モメンタム,120営業日の騰落率,True,業種,卸売業,5d,5営業日,3,1,1,-0.0753768844221105,-0.0753768844221105,0.0,サンプル不足,0.0
v4,return_120d,120日モメンタム,120営業日の騰落率,True,業種,小売業,10d,10営業日,1,2,2,-0.058255272947955516,-0.058255272947955516,0.0,サンプル不足,0.033021489821978944
v4,return_120d,120日モメンタム,120営業日の騰落率,True,業種,小売業,10d,10営業日,3,1,1,-0.025233783125976572,-0.025233783125976572,0.0,サンプル不足,0.033021489821978944
v4,return_120d,120日モメンタム,120営業日の騰落率,True,業種,小売業,1d,1営業日,1,2,2,-0.02401017358206731,-0.02401017358206731,0.5,サンプル不足,0.014955644102232327
v4,return_120d,120日モメンタム,120営業日の騰落率,True,業種,小売業,1d,1営業日,3,1,1,-0.009054529479834983,-0.009054529479834983,0.0,サンプル不足,0.014955644102232327
v4,return_120d,120日モメンタム,120営業日の騰落率,True,業種,小売業,3d,3営業日,1,2,2,-0.016649656438745806,-0.016649656438745806,0.5,サンプル不足,-0.019271394130560806
v4,return_120d,120日モメンタム,120営業日の騰落率,True,業種,小売業,3d,3営業日,3,1,1,-0.03592105056930661,-0.03592105056930661,0.0,サンプル不足,-0.019271394130560806
v4,return_120d,120日モメンタム,120営業日の騰落率,True,業種,小売業,5d,5営業日,1,2,2,-0.04499640562263137,-0.04499640562263137,0.0,サンプル不足,0.016942339908506875
v4,return_120d,120日モメンタム,120営業日の騰落率,True,業種,小売業,5d,5営業日,3,1,1,-0.0280540657141245,-0.0280540657141245,0.0,サンプル不足,0.016942339908506875
v4,return_120d,120日モメンタム,120営業日の騰落率,True,業種,建設業,10d,10営業日,1,1,1,-0.042903752039151755,-0.042903752039151755,0.0,サンプル不足,0.18736904284590605
v4,return_120d,120日モメンタム,120営業日の騰落率,True,業種,建設業,10d,10営業日,3,1,1,0.1444652908067543,0.1444652908067543,1.0,サンプル不足,0.18736904284590605
v4,return_120d,120日モメンタム,120営業日の騰落率,True,業種,建設業,1d,1営業日,1,1,1,-0.037683523654159834,-0.037683523654159834,0.0,サンプル不足,0.009540934535960943
v4,return_120d,120日モメンタム,120営業日の騰落率,True,業種,建設業,1d,1営業日,3,1,1,-0.02814258911819889,-0.02814258911819889,0.0,サンプル不足,0.009540934535960943
v4,return_120d,120日モメンタム,120営業日の騰落率,True,業種,建設業,3d,3営業日,1,1,1,-0.021044045676998357,-0.021044045676998357,0.0,サンプル不足,0.12836111884773016
v4,return_120d,120日モメンタム,120営業日の騰落率,True,業種,建設業,3d,3営業日,3,1,1,0.1073170731707318,0.1073170731707318,1.0,サンプル不足,0.12836111884773016
v4,return_120d,120日モメンタム,120営業日の騰落率,True,業種,建設業,5d,5営業日,1,1,1,-0.02610114192495927,-0.02610114192495927,0.0,サンプル不足,0.19870902184991235
v4,return_120d,120日モメンタム,120営業日の騰落率,True,業種,建設業,5d,5営業日,3,1,1,0.17260787992495308,0.17260787992495308,1.0,サンプル不足,0.19870902184991235
v4,return_120d,120日モメンタム,120営業日の騰落率,True,業種,情報・通信業,10d,10営業日,3,2,2,-0.2121970864266704,-0.2121970864266704,0.0,サンプル不足,0.0455304197600038
v4,return_120d,120日モメンタム,120営業日の騰落率,True,業種,情報・通信業,10d,10営業日,4,1,1,-0.1666666666666666,-0.1666666666666666,0.0,サンプル不足,0.0455304197600038
v4,return_120d,120日モメンタム,120営業日の騰落率,True,業種,情報・通信業,1d,1営業日,3,2,2,-0.04770974255091831,-0.04770974255091831,0.0,サンプル不足,0.21437640921758502
v4,return_120d,120日モメンタム,120営業日の騰落率,True,業種,情報・通信業,1d,1営業日,4,1,1,0.1666666666666667,0.1666666666666667,1.0,サンプル不足,0.21437640921758502
v4,return_120d,120日モメンタム,120営業日の騰落率,True,業種,情報・通信業,3d,3営業日,3,2,2,-0.07771112673032786,-0.07771112673032786,0.5,サンプル不足,0.011044460063661263
v4,return_120d,120日モメンタム,120営業日の騰落率,True,業種,情報・通信業,3d,3営業日,4,1,1,-0.0666666666666666,-0.0666666666666666,0.0,サンプル不足,0.011044460063661263
v4,return_120d,120日モメンタム,120営業日の騰落率,True,業種,情報・通信業,5d,5営業日,3,2,2,-0.07104839571948736,-0.07104839571948736,0.5,サンプル不足,-0.12561827094717926
v4,return_120d,120日モメンタム,120営業日の騰落率,True,業種,情報・通信業,5d,5営業日,4,1,1,-0.1966666666666666,-0.1966666666666666,0.0,サンプル不足,-0.12561827094717926
v4,return_120d,120日モメンタム,120営業日の騰落率,True,業種,機械,10d,10営業日,1,1,1,-0.07863369406387655,-0.07863369406387655,0.0,サンプル不足,0.1740689231240694
v4,return_120d,120日モメンタム,120営業日の騰落率,True,業種,機械,10d,10営業日,2,5,5,0.016328018981262987,0.004562954513047224,0.6,サンプル不足,0.1740689231240694
v4,return_120d,120日モメンタム,120営業日の騰落率,True,業種,機械,10d,10営業日,3,4,4,-0.0038076356197951355,-0.004404364172255815,0.25,サンプル不足,0.1740689231240694
v4,return_120d,120日モメンタム,120営業日の騰落率,True,業種,機械,10d,10営業日,4,5,5,0.015018185232803604,0.002219755826859071,0.6,サンプル不足,0.1740689231240694
v4,return_120d,120日モメンタム,120営業日の騰落率,True,業種,機械,10d,10営業日,5,6,6,0.09543522906019287,-0.016458908045194454,0.5,サンプル不足,0.1740689231240694
v4,return_120d,120日モメンタム,120営業日の騰落率,True,業種,機械,1d,1営業日,1,1,1,0.014901420949330335,0.014901420949330335,1.0,サンプル不足,0.012561923415457924
v4,return_120d,120日モメンタム,120営業日の騰落率,True,業種,機械,1d,1営業日,2,5,5,-0.011205932144395468,-0.015685156138599776,0.4,サンプル不足,0.012561923415457924
v4,return_120d,120日モメンタム,120営業日の騰落率,True,業種,機械,1d,1営業日,3,4,4,-0.013788553757283079,-0.010319513878640274,0.0,サンプル不足,0.012561923415457924
v4,return_120d,120日モメンタム,120営業日の騰落率,True,業種,機械,1d,1営業日,4,5,5,-1.9275948337460492e-05,0.0059880239520957446,0.6,サンプル不足,0.012561923415457924
v4,return_120d,120日モメンタム,120営業日の騰落率,True,業種,機械,1d,1営業日,5,6,6,0.02746334436478826,0.0027566773950656875,0.5,サンプル不足,0.012561923415457924
v4,return_120d,120日モメンタム,120営業日の騰落率,True,業種,機械,3d,3営業日,1,1,1,0.008023842049639462,0.008023842049639462,1.0,サンプル不足,0.11395046067244902
v4,return_120d,120日モメンタム,120営業日の騰落率,True,業種,機械,3d,3営業日,2,5,5,0.021858569148337604,0.008604444037728198,0.6,サンプル不足,0.11395046067244902
v4,return_120d,120日モメンタム,120営業日の騰落率,True,業種,機械,3d,3営業日,3,4,4,0.051710192093977814,0.043412036942546584,1.0,サンプル不足,0.11395046067244902
v4,return_120d,120日モメンタム,120営業日の騰落率,True,業種,機械,3d,3営業日,4,5,5,0.0533262867283588,0.07214206437291892,0.8,サンプル不足,0.11395046067244902
v4,return_120d,120日モメンタム,120営業日の騰落率,True,業種,機械,3d,3営業日,5,6,6,0.12197430272208848,0.03068800779985814,0.6666666666666666,サンプル不足,0.11395046067244902
v4,return_120d,120日モメンタム,120営業日の騰落率,True,業種,機械,5d,5営業日,1,1,1,0.016276880759388046,0.016276880759388046,1.0,サンプル不足,0.13209517357347336
v4,return_120d,120日モメンタム,120営業日の騰落率,True,業種,機械,5d,5営業日,2,5,5,0.07053796929021224,0.05860544702694992,1.0,サンプル不足,0.13209517357347336
v4,return_120d,120日モメンタム,120営業日の騰落率,True,業種,機械,5d,5営業日,3,4,4,0.08039234297030534,0.06410688961339872,1.0,サンプル不足,0.13209517357347336
v4,return_120d,120日モメンタム,120営業日の騰落率,True,業種,機械,5d,5営業日,4,5,5,0.09335428509639701,0.0896358543417366,1.0,サンプル不足,0.13209517357347336
v4,return_120d,120日モメンタム,120営業日の騰落率,True,業種,機械,5d,5営業日,5,6,6,0.1483720543328614,0.06721373823196575,0.8333333333333334,サンプル不足,0.13209517357347336
v4,return_120d,120日モメンタム,120営業日の騰落率,True,業種,海運業,10d,10営業日,2,1,1,-0.07318923018581724,-0.07318923018581724,0.0,サンプル不足,0.0
v4,return_120d,120日モメンタム,120営業日の騰落率,True,業種,海運業,1d,1営業日,2,1,1,-0.015927189988623414,-0.015927189988623414,0.0,サンプル不足,0.0
v4,return_120d,120日モメンタム,120営業日の騰落率,True,業種,海運業,3d,3営業日,2,1,1,-0.04702313234736444,-0.04702313234736444,0.0,サンプル不足,0.0
v4,return_120d,120日モメンタム,120営業日の騰落率,True,業種,海運業,5d,5営業日,2,1,1,-0.04323094425483509,-0.04323094425483509,0.0,サンプル不足,0.0
v4,return_120d,120日モメンタム,120営業日の騰落率,True,業種,空運業,10d,10営業日,1,2,2,0.005610334949848417,0.005610334949848417,0.5,サンプル不足,0.0
v4,return_120d,120日モメンタム,120営業日の騰落率,True,業種,空運業,1d,1営業日,1,2,2,0.008669260778221721,0.008669260778221721,1.0,サンプル不足,0.0
v4,return_120d,120日モメンタム,120営業日の騰落率,True,業種,空運業,3d,3営業日,1,2,2,-0.0067527108446139295,-0.0067527108446139295,0.0,サンプル不足,0.0
v4,return_120d,120日モメンタム,120営業日の騰落率,True,業種,空運業,5d,5営業日,1,2,2,-0.01811971134527668,-0.01811971134527668,0.0,サンプル不足,0.0
v4,return_120d,120日モメンタム,120営業日の騰落率,True,業種,繊維製品,10d,10営業日,1,1,1,-0.04926931106471821,-0.04926931106471821,0.0,サンプル不足,0.0
v4,return_120d,120日モメンタム,120営業日の騰落率,True,業種,繊維製品,1d,1営業日,1,1,1,-0.017118997912317302,-0.017118997912317302,0.0,サンプル不足,0.0
v4,return_120d,120日モメンタム,120営業日の騰落率,True,業種,繊維製品,3d,3営業日,1,1,1,-0.0041753653444676075,-0.0041753653444676075,0.0,サンプル不足,0.0
v4,return_120d,120日モメンタム,120営業日の騰落率,True,業種,繊維製品,5d,5営業日,1,1,1,-0.02171189979123178,-0.02171189979123178,0.0,サンプル不足,0.0
v4,return_120d,120日モメンタム,120営業日の騰落率,True,業種,証券、商品先物取引業,10d,10営業日,1,2,2,-0.00168401076560859,-0.00168401076560859,0.5,サンプル不足,0.0
v4,return_120d,120日モメンタム,120営業日の騰落率,True,業種,証券、商品先物取引業,1d,1営業日,1,2,2,0.0027047039679337637,0.0027047039679337637,1.0,サンプル不足,0.0
v4,return_120d,120日モメンタム,120営業日の騰落率,True,業種,証券、商品先物取引業,3d,3営業日,1,2,2,0.018397529408113233,0.018397529408113233,1.0,サンプル不足,0.0
v4,return_120d,120日モメンタム,120営業日の騰落率,True,業種,証券、商品先物取引業,5d,5営業日,1,2,2,0.01767402109669103,0.01767402109669103,1.0,サンプル不足,0.0
v4,return_120d,120日モメンタム,120営業日の騰落率,True,業種,輸送用機器,10d,10営業日,1,2,2,-0.03315062772427113,-0.03315062772427113,0.5,サンプル不足,-0.03187400281760078
v4,return_120d,120日モメンタム,120営業日の騰落率,True,業種,輸送用機器,10d,10営業日,2,1,1,-0.06502463054187191,-0.06502463054187191,0.0,サンプル不足,-0.03187400281760078
v4,return_120d,120日モメンタム,120営業日の騰落率,True,業種,輸送用機器,1d,1営業日,1,2,2,-0.014126768691798852,-0.014126768691798852,0.0,サンプル不足,-0.0026219997811075535
v4,return_120d,120日モメンタム,120営業日の騰落率,True,業種,輸送用機器,1d,1営業日,2,1,1,-0.016748768472906406,-0.016748768472906406,0.0,サンプル不足,-0.0026219997811075535
v4,return_120d,120日モメンタム,120営業日の騰落率,True,業種,輸送用機器,3d,3営業日,1,2,2,-0.03601939579545094,-0.03601939579545094,0.0,サンプル不足,0.0458716125442194
v4,return_120d,120日モメンタム,120営業日の騰落率,True,業種,輸送用機器,3d,3営業日,2,1,1,0.009852216748768461,0.009852216748768461,1.0,サンプル不足,0.0458716125442194
v4,return_120d,120日モメンタム,120営業日の騰落率,True,業種,輸送用機器,5d,5営業日,1,2,2,-0.04993293544111804,-0.04993293544111804,0.0,サンプル不足,0.14549943790417214
v4,return_120d,120日モメンタム,120営業日の騰落率,True,業種,輸送用機器,5d,5営業日,2,1,1,0.09556650246305409,0.09556650246305409,1.0,サンプル不足,0.14549943790417214
v4,return_120d,120日モメンタム,120営業日の騰落率,True,業種,金属製品,10d,10営業日,5,3,3,0.1659976434206216,0.2351190476190476,0.6666666666666666,サンプル不足,0.0
v4,return_120d,120日モメンタム,120営業日の騰落率,True,業種,金属製品,1d,1営業日,5,3,3,0.022475508003954963,-0.03545541287112,0.3333333333333333,サンプル不足,0.0
v4,return_120d,120日モメンタム,120営業日の騰落率,True,業種,金属製品,3d,3営業日,5,3,3,0.13662125110183015,0.1757488297064777,1.0,サンプル不足,0.0
v4,return_120d,120日モメンタム,120営業日の騰落率,True,業種,金属製品,5d,5営業日,5,3,3,0.2561938628977952,0.3727678571428572,0.6666666666666666,サンプル不足,0.0
v4,return_120d,120日モメンタム,120営業日の騰落率,True,業種,鉄鋼,10d,10営業日,3,1,1,0.14146341463414625,0.14146341463414625,1.0,サンプル不足,0.0
v4,return_120d,120日モメンタム,120営業日の騰落率,True,業種,鉄鋼,1d,1営業日,3,1,1,-0.0060975609756097615,-0.0060975609756097615,0.0,サンプル不足,0.0
v4,return_120d,120日モメンタム,120営業日の騰落率,True,業種,鉄鋼,3d,3営業日,3,1,1,0.02987804878048772,0.02987804878048772,1.0,サンプル不足,0.0
v4,return_120d,120日モメンタム,120営業日の騰落率,True,業種,鉄鋼,5d,5営業日,3,1,1,0.18130081300813017,0.18130081300813017,1.0,サンプル不足,0.0
v4,return_120d,120日モメンタム,120営業日の騰落率,True,業種,銀行業,10d,10営業日,1,1,1,-0.023312393290677358,-0.023312393290677358,0.0,サンプル不足,-0.014211058866921089
v4,return_120d,120日モメンタム,120営業日の騰落率,True,業種,銀行業,10d,10営業日,2,3,3,-0.018166589121198506,-0.018093160528679597,0.0,サンプル不足,-0.014211058866921089
v4,return_120d,120日モメンタム,120営業日の騰落率,True,業種,銀行業,10d,10営業日,3,1,1,-0.03752345215759845,-0.03752345215759845,0.0,サンプル不足,-0.014211058866921089
v4,return_120d,120日モメンタム,120営業日の騰落率,True,業種,銀行業,1d,1営業日,1,1,1,-0.006958942388566536,-0.006958942388566536,0.0,サンプル不足,-0.0017965297815397685
v4,return_120d,120日モメンタム,120営業日の騰落率,True,業種,銀行業,1d,1営業日,2,3,3,-0.008603868671462345,-0.00461953034774798,0.0,サンプル不足,-0.0017965297815397685
v4,return_120d,120日モメンタム,120営業日の騰落率,True,業種,銀行業,1d,1営業日,3,1,1,-0.008755472170106304,-0.008755472170106304,0.0,サンプル不足,-0.0017965297815397685
v4,return_120d,120日モメンタム,120営業日の騰落率,True,業種,銀行業,3d,3営業日,1,1,1,-0.012526117536426518,-0.012526117536426518,0.0,サンプル不足,0.04317027013179853
v4,return_120d,120日モメンタム,120営業日の騰落率,True,業種,銀行業,3d,3営業日,2,3,3,0.043763263547715724,0.04071560764959892,1.0,サンプル不足,0.04317027013179853
v4,return_120d,120日モメンタム,120営業日の騰落率,True,業種,銀行業,3d,3営業日,3,1,1,0.03064415259537201,0.03064415259537201,1.0,サンプル不足,0.04317027013179853
v4,return_120d,120日モメンタム,120営業日の騰落率,True,業種,銀行業,5d,5営業日,1,1,1,-0.03305497634569088,-0.03305497634569088,0.0,サンプル不足,0.05525635220560332
v4,return_120d,120日モメンタム,120営業日の騰落率,True,業種,銀行業,5d,5営業日,2,3,3,0.026492427607072006,0.028069093152375046,1.0,サンプル不足,0.05525635220560332
v4,return_120d,120日モメンタム,120営業日の騰落率,True,業種,銀行業,5d,5営業日,3,1,1,0.022201375859912442,0.022201375859912442,1.0,サンプル不足,0.05525635220560332
v4,return_120d,120日モメンタム,120営業日の騰落率,True,業種,電気機器,10d,10営業日,2,4,4,0.051498803025724335,0.0602213426169691,0.75,サンプル不足,0.0017080788267082106
v4,return_120d,120日モメンタム,120営業日の騰落率,True,業種,電気機器,10d,10営業日,3,1,1,0.01863354037267073,0.01863354037267073,1.0,サンプル不足,0.0017080788267082106
v4,return_120d,120日モメンタム,120営業日の騰落率,True,業種,電気機器,10d,10営業日,4,8,8,0.005624614247257482,0.014285507653309382,0.625,サンプル不足,0.0017080788267082106
v4,return_120d,120日モメンタム,120営業日の騰落率,True,業種,電気機器,10d,10営業日,5,9,9,0.053206881852432546,0.04175824175824183,0.6666666666666666,サンプル不足,0.0017080788267082106
v4,return_120d,120日モメンタム,120営業日の騰落率,True,業種,電気機器,1d,1営業日,2,4,4,0.04952728521424576,0.019116910102421097,1.0,サンプル不足,-0.05342265148007239
v4,return_120d,120日モメンタム,120営業日の騰落率,True,業種,電気機器,1d,1営業日,3,1,1,-0.039616653726708084,-0.039616653726708084,0.0,サンプル不足,-0.05342265148007239
v4,return_120d,120日モメンタム,120営業日の騰落率,True,業種,電気機器,1d,1営業日,4,8,8,-0.012268675055259349,-0.01851352694608993,0.25,サンプル不足,-0.05342265148007239
v4,return_120d,120日モメンタム,120営業日の騰落率,True,業種,電気機器,1d,1営業日,5,9,9,-0.0038953662658266375,-0.013406593406593448,0.3333333333333333,サンプル不足,-0.05342265148007239
v4,return_120d,120日モメンタム,120営業日の騰落率,True,業種,電気機器,3d,3営業日,2,4,4,0.10962250324641891,0.05890707433946349,1.0,サンプル不足,-0.055625021875224584
v4,return_120d,120日モメンタム,120営業日の騰落率,True,業種,電気機器,3d,3営業日,3,1,1,0.16413221402691502,0.16413221402691502,1.0,サンプル不足,-0.055625021875224584
v4,return_120d,120日モメンタム,120営業日の騰落率,True,業種,電気機器,3d,3営業日,4,8,8,0.012289012456350092,0.0003788905591562419,0.5,サンプル不足,-0.055625021875224584
v4,return_120d,120日モメンタム,120営業日の騰落率,True,業種,電気機器,3d,3営業日,5,9,9,0.053997481371194325,0.05786618444846292,0.6666666666666666,サンプル不足,-0.055625021875224584
v4,return_120d,120日モメンタム,120営業日の騰落率,True,業種,電気機器,5d,5営業日,2,4,4,0.10520721464685695,0.09982655683214614,1.0,サンプル不足,0.028237689916014358
v4,return_120d,120日モメンタム,120営業日の騰落率,True,業種,電気機器,5d,5営業日,3,1,1,0.18557946752070387,0.18557946752070387,1.0,サンプル不足,0.028237689916014358
v4,return_120d,120日モメンタム,120営業日の騰落率,True,業種,電気機器,5d,5営業日,4,8,8,0.06541347621245269,0.07425026085200434,0.875,サンプル不足,0.028237689916014358
v4,return_120d,120日モメンタム,120営業日の騰落率,True,業種,電気機器,5d,5営業日,5,9,9,0.1334449045628713,0.16153846153846163,0.8888888888888888,サンプル不足,0.028237689916014358
v4,return_120d,120日モメンタム,120営業日の騰落率,True,業種,食料品,10d,10営業日,1,1,1,0.051290219815227855,0.051290219815227855,1.0,サンプル不足,0.0
v4,return_120d,120日モメンタム,120営業日の騰落率,True,業種,食料品,1d,1営業日,1,1,1,0.005734310289901234,0.005734310289901234,1.0,サンプル不足,0.0
v4,return_120d,120日モメンタム,120営業日の騰落率,True,業種,食料品,3d,3営業日,1,1,1,-0.014335775724753086,-0.014335775724753086,0.0,サンプル不足,0.0
v4,return_120d,120日モメンタム,120営業日の騰落率,True,業種,食料品,5d,5営業日,1,1,1,-0.005734310289901234,-0.005734310289901234,0.0,サンプル不足,0.0
v4,return_20d,20日モメンタム,20営業日の騰落率,True,全体,全体,10d,10営業日,1,20,20,-0.0003462983488622881,-0.03578454389842978,0.35,サンプル不足,0.02747429643912118
v4,return_20d,20日モメンタム,20営業日の騰落率,True,全体,全体,10d,10営業日,2,20,20,0.01111314456425184,0.006837438531427598,0.55,サンプル不足,0.02747429643912118
v4,return_20d,20日モメンタム,20営業日の騰落率,True,全体,全体,10d,10営業日,3,20,20,0.01397093357608637,-0.004404364172255815,0.45,サンプル不足,0.02747429643912118
v4,return_20d,20日モメンタム,20営業日の騰落率,True,全体,全体,10d,10営業日,4,20,20,-0.001099006311736489,0.0016737876878656355,0.55,サンプル不足,0.02747429643912118
v4,return_20d,20日モメンタム,20営業日の騰落率,True,全体,全体,10d,10営業日,5,20,20,0.02712799809025889,-0.01249220831076181,0.5,サンプル不足,0.02747429643912118
v4,return_20d,20日モメンタム,20営業日の騰落率,True,全体,全体,1d,1営業日,1,20,20,0.0017915282047145664,-0.004815203508401089,0.3,サンプル不足,0.015975521673212773
v4,return_20d,20日モメンタム,20営業日の騰落率,True,全体,全体,1d,1営業日,2,20,20,-0.000751533930808994,-0.005354036422941022,0.45,サンプル不足,0.015975521673212773
v4,return_20d,20日モメンタム,20営業日の騰落率,True,全体,全体,1d,1営業日,3,20,20,-0.002032412027068869,0.0012411560772453978,0.55,サンプル不足,0.015975521673212773
v4,return_20d,20日モメンタム,20営業日の騰落率,True,全体,全体,1d,1営業日,4,20,20,-0.02328202081890457,-0.013592620665385358,0.25,サンプル不足,0.015975521673212773
v4,return_20d,20日モメンタム,20営業日の騰落率,True,全体,全体,1d,1営業日,5,20,20,0.01776704987792734,-0.016192992524177996,0.4,サンプル不足,0.015975521673212773
v4,return_20d,20日モメンタム,20営業日の騰落率,True,全体,全体,3d,3営業日,1,20,20,0.025816108022312635,0.009310569264273094,0.7,サンプル不足,0.06013233780524054
v4,return_20d,20日モメンタム,20営業日の騰落率,True,全体,全体,3d,3営業日,2,20,20,0.015600189057964406,-0.001214406912286705,0.5,サンプル不足,0.06013233780524054
v4,return_20d,20日モメンタム,20営業日の騰落率,True,全体,全体,3d,3営業日,3,20,20,0.039099341156228797,0.023915966976371883,0.75,サンプル不足,0.06013233780524054
v4,return_20d,20日モメンタム,20営業日の騰落率,True,全体,全体,3d,3営業日,4,20,20,0.023066155017574953,0.022954742264495342,0.65,サンプル不足,0.06013233780524054
v4,return_20d,20日モメンタム,20営業日の騰落率,True,全体,全体,3d,3営業日,5,20,20,0.08594844582755318,0.03772269292404107,0.7,サンプル不足,0.06013233780524054
v4,return_20d,20日モメンタム,20営業日の騰落率,True,全体,全体,5d,5営業日,1,20,20,0.055165413062919666,0.01875956089542885,0.7,サンプル不足,0.026560519708433067
v4,return_20d,20日モメンタム,20営業日の騰落率,True,全体,全体,5d,5営業日,2,20,20,0.04526653502792381,0.017856308718252056,0.55,サンプル不足,0.026560519708433067
v4,return_20d,20日モメンタム,20営業日の騰落率,True,全体,全体,5d,5営業日,3,20,20,0.05795949907285393,0.07240936860574185,0.8,サンプル不足,0.026560519708433067
v4,return_20d,20日モメンタム,20営業日の騰落率,True,全体,全体,5d,5営業日,4,20,20,0.07798824168058409,0.08601441424466527,0.85,サンプル不足,0.026560519708433067
v4,return_20d,20日モメンタム,20営業日の騰落率,True,全体,全体,5d,5営業日,5,20,20,0.08172593277135273,0.05795403042567748,0.65,サンプル不足,0.026560519708433067
v4,return_20d,20日モメンタム,20営業日の騰落率,True,業種,その他製品,10d,10営業日,5,1,1,0.0982274741506648,0.0982274741506648,1.0,サンプル不足,0.0
v4,return_20d,20日モメンタム,20営業日の騰落率,True,業種,その他製品,1d,1営業日,5,1,1,0.0723781388478581,0.0723781388478581,1.0,サンプル不足,0.0
v4,return_20d,20日モメンタム,20営業日の騰落率,True,業種,その他製品,3d,3営業日,5,1,1,-0.0088626292466764,-0.0088626292466764,0.0,サンプル不足,0.0
v4,return_20d,20日モメンタム,20営業日の騰落率,True,業種,その他製品,5d,5営業日,5,1,1,-0.0745937961595273,-0.0745937961595273,0.0,サンプル不足,0.0
v4,return_20d,20日モメンタム,20営業日の騰落率,True,業種,その他金融業,10d,10営業日,1,1,1,0.00390625,0.00390625,1.0,サンプル不足,-0.07967757486388383
v4,return_20d,20日モメンタム,20営業日の騰落率,True,業種,その他金融業,10d,10営業日,4,1,1,-0.07577132486388383,-0.07577132486388383,0.0,サンプル不足,-0.07967757486388383
v4,return_20d,20日モメンタム,20営業日の騰落率,True,業種,その他金融業,1d,1営業日,1,1,1,0.0,0.0,0.0,サンプル不足,0.00907441016333932
v4,return_20d,20日モメンタム,20営業日の騰落率,True,業種,その他金融業,1d,1営業日,4,1,1,0.00907441016333932,0.00907441016333932,1.0,サンプル不足,0.00907441016333932
v4,return_20d,20日モメンタム,20営業日の騰落率,True,業種,その他金融業,3d,3営業日,1,1,1,0.00390625,0.00390625,1.0,サンプル不足,0.020821517695099878
v4,return_20d,20日モメンタム,20営業日の騰落率,True,業種,その他金融業,3d,3営業日,4,1,1,0.024727767695099878,0.024727767695099878,1.0,サンプル不足,0.020821517695099878
v4,return_20d,20日モメンタム,20営業日の騰落率,True,業種,その他金融業,5d,5営業日,1,1,1,0.0,0.0,0.0,サンプル不足,-0.022232304900181465
v4,return_20d,20日モメンタム,20営業日の騰落率,True,業種,その他金融業,5d,5営業日,4,1,1,-0.022232304900181465,-0.022232304900181465,0.0,サンプル不足,-0.022232304900181465
v4,return_20d,20日モメンタム,20営業日の騰落率,True,業種,ガラス・土石製品,10d,10営業日,3,1,1,0.12147701582516945,0.12147701582516945,1.0,サンプル不足,-0.07750538461949576
v4,return_20d,20日モメンタム,20営業日の騰落率,True,業種,ガラス・土石製品,10d,10営業日,5,1,1,0.0439716312056737,0.0439716312056737,1.0,サンプル不足,-0.07750538461949576
v4,return_20d,20日モメンタム,20営業日の騰落率,True,業種,ガラス・土石製品,1d,1営業日,3,1,1,0.016880180859080607,0.016880180859080607,1.0,サンプル不足,-0.06227025178106631
v4,return_20d,20日モメンタム,20営業日の騰落率,True,業種,ガラス・土石製品,1d,1営業日,5,1,1,-0.0453900709219857,-0.0453900709219857,0.0,サンプル不足,-0.06227025178106631
v4,return_20d,20日モメンタム,20営業日の騰落率,True,業種,ガラス・土石製品,3d,3営業日,3,1,1,0.10143180105501126,0.10143180105501126,1.0,サンプル不足,0.21062493653364123
v4,return_20d,20日モメンタム,20営業日の騰落率,True,業種,ガラス・土石製品,3d,3営業日,5,1,1,0.3120567375886525,0.3120567375886525,1.0,サンプル不足,0.21062493653364123
v4,return_20d,20日モメンタム,20営業日の騰落率,True,業種,ガラス・土石製品,5d,5営業日,3,1,1,0.15975885455915595,0.15975885455915595,1.0,サンプル不足,0.07712057806495745
v4,return_20d,20日モメンタム,20営業日の騰落率,True,業種,ガラス・土石製品,5d,5営業日,5,1,1,0.2368794326241134,0.2368794326241134,1.0,サンプル不足,0.07712057806495745
v4,return_20d,20日モメンタム,20営業日の騰落率,True,業種,ゴム製品,10d,10営業日,3,2,2,-0.062116513134313156,-0.062116513134313156,0.0,サンプル不足,0.0
v4,return_20d,20日モメンタム,20営業日の騰落率,True,業種,ゴム製品,1d,1営業日,3,2,2,-0.01070310058165369,-0.01070310058165369,0.5,サンプル不足,0.0
v4,return_20d,20日モメンタム,20営業日の騰落率,True,業種,ゴム製品,3d,3営業日,3,2,2,-0.007499771841421976,-0.007499771841421976,0.5,サンプル不足,0.0
v4,return_20d,20日モメンタム,20営業日の騰落率,True,業種,ゴム製品,5d,5営業日,3,2,2,-0.020934938287824112,-0.020934938287824112,0.0,サンプル不足,0.0
v4,return_20d,20日モメンタム,20営業日の騰落率,True,業種,サービス業,10d,10営業日,2,3,3,0.05133000962150975,0.04575416828227996,0.6666666666666666,サンプル不足,-0.1641488829902552
v4,return_20d,20日モメンタム,20営業日の騰落率,True,業種,サービス業,10d,10営業日,3,1,1,0.054655870445344146,0.054655870445344146,1.0,サンプル不足,-0.1641488829902552
v4,return_20d,20日モメンタム,20営業日の騰落率,True,業種,サービス業,10d,10営業日,4,2,2,-0.11281887336874546,-0.11281887336874546,0.5,サンプル不足,-0.1641488829902552
v4,return_20d,20日モメンタム,20営業日の騰落率,True,業種,サービス業,1d,1営業日,2,3,3,0.02579286290681847,0.0315068493150685,0.6666666666666666,サンプル不足,-0.13464016436920945
v4,return_20d,20日モメンタム,20営業日の騰落率,True,業種,サービス業,1d,1営業日,3,1,1,-0.029959514170040502,-0.029959514170040502,0.0,サンプル不足,-0.13464016436920945
v4,return_20d,20日モメンタム,20営業日の騰落率,True,業種,サービス業,1d,1営業日,4,2,2,-0.10884730146239097,-0.10884730146239097,0.0,サンプル不足,-0.13464016436920945
v4,return_20d,20日モメンタム,20営業日の騰落率,True,業種,サービス業,3d,3営業日,2,3,3,0.033285549143322435,0.053896859247770434,0.6666666666666666,サンプル不足,-0.1513711613146123
v4,return_20d,20日モメンタム,20営業日の騰落率,True,業種,サービス業,3d,3営業日,3,1,1,-0.01174089068825912,-0.01174089068825912,0.0,サンプル不足,-0.1513711613146123
v4,return_20d,20日モメンタム,20営業日の騰落率,True,業種,サービス業,3d,3営業日,4,2,2,-0.11808561217128988,-0.11808561217128988,0.5,サンプル不足,-0.1513711613146123
v4,return_20d,20日モメンタム,20営業日の騰落率,True,業種,サービス業,5d,5営業日,2,3,3,0.14354987030263516,0.07018224117875138,0.6666666666666666,サンプル不足,-0.249917500966941
v4,return_20d,20日モメンタム,20営業日の騰落率,True,業種,サービス業,5d,5営業日,3,1,1,0.06558704453441289,0.06558704453441289,1.0,サンプル不足,-0.249917500966941
v4,return_20d,20日モメンタム,20営業日の騰落率,True,業種,サービス業,5d,5営業日,4,2,2,-0.10636763066430582,-0.10636763066430582,0.5,サンプル不足,-0.249917500966941
v4,return_20d,20日モメンタム,20営業日の騰落率,True,業種,不動産業,10d,10営業日,3,1,1,0.14814814814814814,0.14814814814814814,1.0,サンプル不足,-0.01573957311662233
v4,return_20d,20日モメンタム,20営業日の騰落率,True,業種,不動産業,10d,10営業日,5,1,1,0.1324085750315258,0.1324085750315258,1.0,サンプル不足,-0.01573957311662233
v4,return_20d,20日モメンタム,20営業日の騰落率,True,業種,不動産業,1d,1営業日,3,1,1,0.012345679012345734,0.012345679012345734,1.0,サンプル不足,0.12006289601918008
v4,return_20d,20日モメンタム,20営業日の騰落率,True,業種,不動産業,1d,1営業日,5,1,1,0.1324085750315258,0.1324085750315258,1.0,サンプル不足,0.12006289601918008
v4,return_20d,20日モメンタム,20営業日の騰落率,True,業種,不動産業,3d,3営業日,3,1,1,0.1358024691358024,0.1358024691358024,1.0,サンプル不足,-0.0033938941042765958
v4,return_20d,20日モメンタム,20営業日の騰落率,True,業種,不動産業,3d,3営業日,5,1,1,0.1324085750315258,0.1324085750315258,1.0,サンプル不足,-0.0033938941042765958
v4,return_20d,20日モメンタム,20営業日の騰落率,True,業種,不動産業,5d,5営業日,3,1,1,0.11111111111111116,0.11111111111111116,1.0,サンプル不足,0.02003642987249532
v4,return_20d,20日モメンタム,20営業日の騰落率,True,業種,不動産業,5d,5営業日,5,1,1,0.13114754098360648,0.13114754098360648,1.0,サンプル不足,0.02003642987249532
v4,return_20d,20日モメンタム,20営業日の騰落率,True,業種,保険業,10d,10営業日,2,1,1,-0.02083333333333337,-0.02083333333333337,0.0,サンプル不足,0.0
v4,return_20d,20日モメンタム,20営業日の騰落率,True,業種,保険業,1d,1営業日,2,1,1,0.007601351351351315,0.007601351351351315,1.0,サンプル不足,0.0
v4,return_20d,20日モメンタム,20営業日の騰落率,True,業種,保険業,3d,3営業日,2,1,1,0.025056306306306286,0.025056306306306286,1.0,サンプル不足,0.0
v4,return_20d,20日モメンタム,20営業日の騰落率,True,業種,保険業,5d,5営業日,2,1,1,0.032939189189189255,0.032939189189189255,1.0,サンプル不足,0.0
v4,return_20d,20日モメンタム,20営業日の騰落率,True,業種,化学,10d,10営業日,1,3,3,-0.03709370619272845,-0.051152073732718906,0.3333333333333333,サンプル不足,-0.0127036749275094
v4,return_20d,20日モメンタム,20営業日の騰落率,True,業種,化学,10d,10営業日,2,5,5,-0.014463552361651148,0.0013291980505094614,0.6,サンプル不足,-0.0127036749275094
v4,return_20d,20日モメンタム,20営業日の騰落率,True,業種,化学,10d,10営業日,3,2,2,-0.03945414477030003,-0.03945414477030003,0.0,サンプル不足,-0.0127036749275094
v4,return_20d,20日モメンタム,20営業日の騰落率,True,業種,化学,10d,10営業日,4,1,1,0.06173913043478252,0.06173913043478252,1.0,サンプル不足,-0.0127036749275094
v4,return_20d,20日モメンタム,20営業日の騰落率,True,業種,化学,10d,10営業日,5,2,2,-0.04979738112023785,-0.04979738112023785,0.0,サンプル不足,-0.0127036749275094
v4,return_20d,20日モメンタム,20営業日の騰落率,True,業種,化学,1d,1営業日,1,3,3,0.016551949695433055,-0.0017001983564749468,0.3333333333333333,サンプル不足,-0.04378116725591813
v4,return_20d,20日モメンタム,20営業日の騰落率,True,業種,化学,1d,1営業日,2,5,5,-0.009046509497504135,-0.009210526315789447,0.2,サンプル不足,-0.04378116725591813
v4,return_20d,20日モメンタム,20営業日の騰落率,True,業種,化学,1d,1営業日,3,2,2,0.0031821777702435283,0.0031821777702435283,0.5,サンプル不足,-0.04378116725591813
v4,return_20d,20日モメンタム,20営業日の騰落率,True,業種,化学,1d,1営業日,4,1,1,0.006086956521739184,0.006086956521739184,1.0,サンプル不足,-0.04378116725591813
v4,return_20d,20日モメンタム,20営業日の騰落率,True,業種,化学,1d,1営業日,5,2,2,-0.027229217560485075,-0.027229217560485075,0.0,サンプル不足,-0.04378116725591813
v4,return_20d,20日モメンタム,20営業日の騰落率,True,業種,化学,3d,3営業日,1,3,3,0.023019715360738397,0.011051289317087098,0.6666666666666666,サンプル不足,0.03226804990194203
v4,return_20d,20日モメンタム,20営業日の騰落率,True,業種,化学,3d,3営業日,2,5,5,0.009529914334432132,0.0013590649633052898,0.6,サンプル不足,0.03226804990194203
v4,return_20d,20日モメンタム,20営業日の騰落率,True,業種,化学,3d,3営業日,3,2,2,0.08553116347403521,0.08553116347403521,1.0,サンプル不足,0.03226804990194203
v4,return_20d,20日モメンタム,20営業日の騰落率,True,業種,化学,3d,3営業日,4,1,1,0.11565217391304339,0.11565217391304339,1.0,サンプル不足,0.03226804990194203
v4,return_20d,20日モメンタム,20営業日の騰落率,True,業種,化学,3d,3営業日,5,2,2,0.05528776526268042,0.05528776526268042,1.0,サンプル不足,0.03226804990194203
v4,return_20d,20日モメンタム,20営業日の騰落率,True,業種,化学,5d,5営業日,1,3,3,0.042062871018398375,0.033437234344006805,0.6666666666666666,サンプル不足,-0.0018109841898551818
v4,return_20d,20日モメンタム,20営業日の騰落率,True,業種,化学,5d,5営業日,2,5,5,0.02218246013864819,0.03684210526315779,0.6,サンプル不足,-0.0018109841898551818
v4,return_20d,20日モメンタム,20営業日の騰落率,True,業種,化学,5d,5営業日,3,2,2,0.07241114313160421,0.07241114313160421,1.0,サンプル不足,-0.0018109841898551818
v4,return_20d,20日モメンタム,20営業日の騰落率,True,業種,化学,5d,5営業日,4,1,1,0.14782608695652177,0.14782608695652177,1.0,サンプル不足,-0.0018109841898551818
v4,return_20d,20日モメンタム,20営業日の騰落率,True,業種,化学,5d,5営業日,5,2,2,0.04025188682854319,0.04025188682854319,1.0,サンプル不足,-0.0018109841898551818
v4,return_20d,20日モメンタム,20営業日の騰落率,True,業種,卸売業,10d,10営業日,5,1,1,-0.0768126346015792,-0.0768126346015792,0.0,サンプル不足,0.0
v4,return_20d,20日モメンタム,20営業日の騰落率,True,業種,卸売業,1d,1営業日,5,1,1,-0.1184493898061737,-0.1184493898061737,0.0,サンプル不足,0.0
v4,return_20d,20日モメンタム,20営業日の騰落率,True,業種,卸売業,3d,3営業日,5,1,1,-0.0760947595118449,-0.0760947595118449,0.0,サンプル不足,0.0
v4,return_20d,20日モメンタム,20営業日の騰落率,True,業種,卸売業,5d,5営業日,5,1,1,-0.0753768844221105,-0.0753768844221105,0.0,サンプル不足,0.0
v4,return_20d,20日モメンタム,20営業日の騰落率,True,業種,小売業,10d,10営業日,1,1,1,-0.0428655314151497,-0.0428655314151497,0.0,サンプル不足,-0.0065738673882192525
v4,return_20d,20日モメンタム,20営業日の騰落率,True,業種,小売業,10d,10営業日,3,2,2,-0.04943939880336895,-0.04943939880336895,0.0,サンプル不足,-0.0065738673882192525
v4,return_20d,20日モメンタム,20営業日の騰落率,True,業種,小売業,1d,1営業日,1,1,1,0.0041103934233706,0.0041103934233706,1.0,サンプル不足,-0.0347030284570407
v4,return_20d,20日モメンタム,20営業日の騰落率,True,業種,小売業,1d,1営業日,3,2,2,-0.0305926350336701,-0.0305926350336701,0.0,サンプル不足,-0.0347030284570407
v4,return_20d,20日モメンタム,20営業日の騰落率,True,業種,小売業,3d,3営業日,1,1,1,0.003523194362889,0.003523194362889,1.0,サンプル不足,-0.03989497326773261
v4,return_20d,20日モメンタム,20営業日の騰落率,True,業種,小売業,3d,3営業日,3,2,2,-0.03637177890484361,-0.03637177890484361,0.0,サンプル不足,-0.03989497326773261
v4,return_20d,20日モメンタム,20営業日の騰落率,True,業種,小売業,5d,5営業日,1,1,1,-0.0217263652378155,-0.0217263652378155,0.0,サンプル不足,-0.02643389062297037
v4,return_20d,20日モメンタム,20営業日の騰落率,True,業種,小売業,5d,5営業日,3,2,2,-0.04816025586078587,-0.04816025586078587,0.0,サンプル不足,-0.02643389062297037
v4,return_20d,20日モメンタム,20営業日の騰落率,True,業種,建設業,10d,10営業日,1,1,1,-0.042903752039151755,-0.042903752039151755,0.0,サンプル不足,0.18736904284590605
v4,return_20d,20日モメンタム,20営業日の騰落率,True,業種,建設業,10d,10営業日,2,1,1,0.1444652908067543,0.1444652908067543,1.0,サンプル不足,0.18736904284590605
v4,return_20d,20日モメンタム,20営業日の騰落率,True,業種,建設業,1d,1営業日,1,1,1,-0.037683523654159834,-0.037683523654159834,0.0,サンプル不足,0.009540934535960943
v4,return_20d,20日モメンタム,20営業日の騰落率,True,業種,建設業,1d,1営業日,2,1,1,-0.02814258911819889,-0.02814258911819889,0.0,サンプル不足,0.009540934535960943
v4,return_20d,20日モメンタム,20営業日の騰落率,True,業種,建設業,3d,3営業日,1,1,1,-0.021044045676998357,-0.021044045676998357,0.0,サンプル不足,0.12836111884773016
v4,return_20d,20日モメンタム,20営業日の騰落率,True,業種,建設業,3d,3営業日,2,1,1,0.1073170731707318,0.1073170731707318,1.0,サンプル不足,0.12836111884773016
v4,return_20d,20日モメンタム,20営業日の騰落率,True,業種,建設業,5d,5営業日,1,1,1,-0.02610114192495927,-0.02610114192495927,0.0,サンプル不足,0.19870902184991235
v4,return_20d,20日モメンタム,20営業日の騰落率,True,業種,建設業,5d,5営業日,2,1,1,0.17260787992495308,0.17260787992495308,1.0,サンプル不足,0.19870902184991235
v4,return_20d,20日モメンタム,20営業日の騰落率,True,業種,情報・通信業,10d,10営業日,4,1,1,-0.1743941728533408,-0.1743941728533408,0.0,サンプル不足,-0.033939160479992514
v4,return_20d,20日モメンタム,20営業日の騰落率,True,業種,情報・通信業,10d,10営業日,5,2,2,-0.20833333333333331,-0.20833333333333331,0.0,サンプル不足,-0.033939160479992514
v4,return_20d,20日モメンタム,20営業日の騰落率,True,業種,情報・通信業,1d,1営業日,4,1,1,-0.005182798711304115,-0.005182798711304115,0.0,サンプル不足,0.04339778884937122
v4,return_20d,20日モメンタム,20営業日の騰落率,True,業種,情報・通信業,1d,1営業日,5,2,2,0.038214990138067104,0.038214990138067104,0.5,サンプル不足,0.04339778884937122
v4,return_20d,20日モメンタム,20営業日の騰落率,True,業種,情報・通信業,3d,3営業日,4,1,1,0.007003782042302786,0.007003782042302786,1.0,サンプル不足,-0.12155013312711534
v4,return_20d,20日モメンタム,20営業日の騰落率,True,業種,情報・通信業,3d,3営業日,5,2,2,-0.11454635108481255,-0.11454635108481255,0.0,サンプル不足,-0.12155013312711534
v4,return_20d,20日モメンタム,20営業日の騰落率,True,業種,情報・通信業,5d,5営業日,4,1,1,0.014707942288835874,0.014707942288835874,1.0,サンプル不足,-0.19144364248607448
v4,return_20d,20日モメンタム,20営業日の騰落率,True,業種,情報・通信業,5d,5営業日,5,2,2,-0.1767357001972386,-0.1767357001972386,0.0,サンプル不足,-0.19144364248607448
v4,return_20d,20日モメンタム,20営業日の騰落率,True,業種,機械,10d,10営業日,1,6,6,-0.01883855203910963,-0.04356705822029833,0.3333333333333333,サンプル不足,0.8612951608508588
v4,return_20d,20日モメンタム,20営業日の騰落率,True,業種,機械,10d,10営業日,2,3,3,0.024697859554465327,0.046666666666666634,0.6666666666666666,サンプル不足,0.8612951608508588
v4,return_20d,20日モメンタム,20営業日の騰落率,True,業種,機械,10d,10営業日,3,6,6,0.023420062759668764,0.0028789023745353637,0.5,サンプル不足,0.8612951608508588
v4,return_20d,20日モメンタム,20営業日の騰落率,True,業種,機械,10d,10営業日,4,5,5,-0.061712218582013346,-0.06686217008797657,0.4,サンプル不足,0.8612951608508588
v4,return_20d,20日モメンタム,20営業日の騰落率,True,業種,機械,10d,10営業日,5,1,1,0.8424566088117491,0.8424566088117491,1.0,サンプル不足,0.8612951608508588
v4,return_20d,20日モメンタム,20営業日の騰落率,True,業種,機械,1d,1営業日,1,6,6,-0.012066607119197048,-0.010498620565979833,0.3333333333333333,サンプル不足,0.19521445007647334
v4,return_20d,20日モメンタム,20営業日の騰落率,True,業種,機械,1d,1営業日,2,3,3,-0.0030126576633545225,-0.0050000000000000044,0.3333333333333333,サンプル不足,0.19521445007647334
v4,return_20d,20日モメンタム,20営業日の騰落率,True,業種,機械,1d,1営業日,3,6,6,0.009176929306310566,0.006543941611202632,0.6666666666666666,サンプル不足,0.19521445007647334
v4,return_20d,20日モメンタム,20営業日の騰落率,True,業種,機械,1d,1営業日,4,5,5,-0.01767411428892618,-0.03497135712258792,0.2,サンプル不足,0.19521445007647334
v4,return_20d,20日モメンタム,20営業日の騰落率,True,業種,機械,1d,1営業日,5,1,1,0.1831478429572763,0.1831478429572763,1.0,サンプル不足,0.19521445007647334
v4,return_20d,20日モメンタム,20営業日の騰落率,True,業種,機械,3d,3営業日,1,6,6,0.023330019244038453,0.009310569264273094,0.8333333333333334,サンプル不足,0.6136462355540258
v4,return_20d,20日モメンタム,20営業日の騰落率,True,業種,機械,3d,3営業日,2,3,3,0.03807865442058695,0.008023842049639462,0.6666666666666666,サンプル不足,0.6136462355540258
v4,return_20d,20日モメンタム,20営業日の騰落率,True,業種,機械,3d,3営業日,3,6,6,0.054809435947045425,0.06708779143249399,1.0,サンプル不足,0.6136462355540258
v4,return_20d,20日モメンタム,20営業日の騰落率,True,業種,機械,3d,3営業日,4,5,5,0.020517151387047062,-0.0006578947368420796,0.4,サンプル不足,0.6136462355540258
v4,return_20d,20日モメンタム,20営業日の騰落率,True,業種,機械,3d,3営業日,5,1,1,0.6369762547980642,0.6369762547980642,1.0,サンプル不足,0.6136462355540258
v4,return_20d,20日モメンタム,20営業日の騰落率,True,業種,機械,5d,5営業日,1,6,6,0.05586928041086636,0.021422002266450524,1.0,サンプル不足,0.5917539828985462
v4,return_20d,20日モメンタム,20営業日の騰落率,True,業種,機械,5d,5営業日,2,3,3,0.1007791622733313,0.1060606060606059,1.0,サンプル不足,0.5917539828985462
v4,return_20d,20日モメンタム,20営業日の騰落率,True,業種,機械,5d,5営業日,3,6,6,0.08366264060321682,0.08795274316659685,1.0,サンプル不足,0.5917539828985462
v4,return_20d,20日モメンタム,20営業日の騰落率,True,業種,機械,5d,5営業日,4,5,5,0.05207751487138372,0.03788856304985333,0.8,サンプル不足,0.5917539828985462
v4,return_20d,20日モメンタム,20営業日の騰落率,True,業種,機械,5d,5営業日,5,1,1,0.6476232633094126,0.6476232633094126,1.0,サンプル不足,0.5917539828985462
v4,return_20d,20日モメンタム,20営業日の騰落率,True,業種,海運業,10d,10営業日,1,1,1,-0.07318923018581724,-0.07318923018581724,0.0,サンプル不足,0.0
v4,return_20d,20日モメンタム,20営業日の騰落率,True,業種,海運業,1d,1営業日,1,1,1,-0.015927189988623414,-0.015927189988623414,0.0,サンプル不足,0.0
v4,return_20d,20日モメンタム,20営業日の騰落率,True,業種,海運業,3d,3営業日,1,1,1,-0.04702313234736444,-0.04702313234736444,0.0,サンプル不足,0.0
v4,return_20d,20日モメンタム,20営業日の騰落率,True,業種,海運業,5d,5営業日,1,1,1,-0.04323094425483509,-0.04323094425483509,0.0,サンプル不足,0.0
v4,return_20d,20日モメンタム,20営業日の騰落率,True,業種,空運業,10d,10営業日,2,2,2,0.005610334949848417,0.005610334949848417,0.5,サンプル不足,0.0
v4,return_20d,20日モメンタム,20営業日の騰落率,True,業種,空運業,1d,1営業日,2,2,2,0.008669260778221721,0.008669260778221721,1.0,サンプル不足,0.0
v4,return_20d,20日モメンタム,20営業日の騰落率,True,業種,空運業,3d,3営業日,2,2,2,-0.0067527108446139295,-0.0067527108446139295,0.0,サンプル不足,0.0
v4,return_20d,20日モメンタム,20営業日の騰落率,True,業種,空運業,5d,5営業日,2,2,2,-0.01811971134527668,-0.01811971134527668,0.0,サンプル不足,0.0
v4,return_20d,20日モメンタム,20営業日の騰落率,True,業種,繊維製品,10d,10営業日,2,1,1,-0.04926931106471821,-0.04926931106471821,0.0,サンプル不足,0.0
v4,return_20d,20日モメンタム,20営業日の騰落率,True,業種,繊維製品,1d,1営業日,2,1,1,-0.017118997912317302,-0.017118997912317302,0.0,サンプル不足,0.0
v4,return_20d,20日モメンタム,20営業日の騰落率,True,業種,繊維製品,3d,3営業日,2,1,1,-0.0041753653444676075,-0.0041753653444676075,0.0,サンプル不足,0.0
v4,return_20d,20日モメンタム,20営業日の騰落率,True,業種,繊維製品,5d,5営業日,2,1,1,-0.02171189979123178,-0.02171189979123178,0.0,サンプル不足,0.0
v4,return_20d,20日モメンタム,20営業日の騰落率,True,業種,証券、商品先物取引業,10d,10営業日,2,1,1,-0.004075235109717856,-0.004075235109717856,0.0,サンプル不足,0.004782448688218532
v4,return_20d,20日モメンタム,20営業日の騰落率,True,業種,証券、商品先物取引業,10d,10営業日,3,1,1,0.0007072135785006761,0.0007072135785006761,1.0,サンプル不足,0.004782448688218532
v4,return_20d,20日モメンタム,20営業日の騰落率,True,業種,証券、商品先物取引業,1d,1営業日,2,1,1,0.004702194357366851,0.004702194357366851,1.0,サンプル不足,-0.003994980778866175
v4,return_20d,20日モメンタム,20営業日の騰落率,True,業種,証券、商品先物取引業,1d,1営業日,3,1,1,0.0007072135785006761,0.0007072135785006761,1.0,サンプル不足,-0.003994980778866175
v4,return_20d,20日モメンタム,20営業日の騰落率,True,業種,証券、商品先物取引業,3d,3営業日,2,1,1,0.021943573667711602,0.021943573667711602,1.0,サンプル不足,-0.0070920885191967376
v4,return_20d,20日モメンタム,20営業日の騰落率,True,業種,証券、商品先物取引業,3d,3営業日,3,1,1,0.014851485148514865,0.014851485148514865,1.0,サンプル不足,-0.0070920885191967376
v4,return_20d,20日モメンタム,20営業日の騰落率,True,業種,証券、商品先物取引業,5d,5営業日,2,1,1,0.019435736677116067,0.019435736677116067,1.0,サンプル不足,-0.003523431160850077
v4,return_20d,20日モメンタム,20営業日の騰落率,True,業種,証券、商品先物取引業,5d,5営業日,3,1,1,0.01591230551626599,0.01591230551626599,1.0,サンプル不足,-0.003523431160850077
v4,return_20d,20日モメンタム,20営業日の騰落率,True,業種,輸送用機器,10d,10営業日,2,2,2,-0.03315062772427113,-0.03315062772427113,0.5,サンプル不足,-0.03187400281760078
v4,return_20d,20日モメンタム,20営業日の騰落率,True,業種,輸送用機器,10d,10営業日,5,1,1,-0.06502463054187191,-0.06502463054187191,0.0,サンプル不足,-0.03187400281760078
v4,return_20d,20日モメンタム,20営業日の騰落率,True,業種,輸送用機器,1d,1営業日,2,2,2,-0.014126768691798852,-0.014126768691798852,0.0,サンプル不足,-0.0026219997811075535
v4,return_20d,20日モメンタム,20営業日の騰落率,True,業種,輸送用機器,1d,1営業日,5,1,1,-0.016748768472906406,-0.016748768472906406,0.0,サンプル不足,-0.0026219997811075535
v4,return_20d,20日モメンタム,20営業日の騰落率,True,業種,輸送用機器,3d,3営業日,2,2,2,-0.03601939579545094,-0.03601939579545094,0.0,サンプル不足,0.0458716125442194
v4,return_20d,20日モメンタム,20営業日の騰落率,True,業種,輸送用機器,3d,3営業日,5,1,1,0.009852216748768461,0.009852216748768461,1.0,サンプル不足,0.0458716125442194
v4,return_20d,20日モメンタム,20営業日の騰落率,True,業種,輸送用機器,5d,5営業日,2,2,2,-0.04993293544111804,-0.04993293544111804,0.0,サンプル不足,0.14549943790417214
v4,return_20d,20日モメンタム,20営業日の騰落率,True,業種,輸送用機器,5d,5営業日,5,1,1,0.09556650246305409,0.09556650246305409,1.0,サンプル不足,0.14549943790417214
v4,return_20d,20日モメンタム,20営業日の騰落率,True,業種,金属製品,10d,10営業日,1,1,1,0.2351190476190476,0.2351190476190476,1.0,サンプル不足,-0.34336527293844366
v4,return_20d,20日モメンタム,20営業日の騰落率,True,業種,金属製品,10d,10営業日,4,1,1,0.3711201079622133,0.3711201079622133,1.0,サンプル不足,-0.34336527293844366
v4,return_20d,20日モメンタム,20営業日の騰落率,True,業種,金属製品,10d,10営業日,5,1,1,-0.1082462253193961,-0.1082462253193961,0.0,サンプル不足,-0.34336527293844366
v4,return_20d,20日モメンタム,20営業日の騰落率,True,業種,金属製品,1d,1営業日,1,1,1,0.1402529761904762,0.1402529761904762,1.0,サンプル不足,-0.1776240154979675
v4,return_20d,20日モメンタム,20営業日の騰落率,True,業種,金属製品,1d,1営業日,4,1,1,-0.03545541287112,-0.03545541287112,0.0,サンプル不足,-0.1776240154979675
v4,return_20d,20日モメンタム,20営業日の騰落率,True,業種,金属製品,1d,1営業日,5,1,1,-0.037371039307491305,-0.037371039307491305,0.0,サンプル不足,-0.1776240154979675
v4,return_20d,20日モメンタム,20営業日の騰落率,True,業種,金属製品,3d,3営業日,1,1,1,0.2332589285714286,0.2332589285714286,1.0,サンプル不足,-0.23240293354384445
v4,return_20d,20日モメンタム,20営業日の騰落率,True,業種,金属製品,3d,3営業日,4,1,1,0.1757488297064777,0.1757488297064777,1.0,サンプル不足,-0.23240293354384445
v4,return_20d,20日モメンタム,20営業日の騰落率,True,業種,金属製品,3d,3営業日,5,1,1,0.0008559950275841555,0.0008559950275841555,1.0,サンプル不足,-0.23240293354384445
v4,return_20d,20日モメンタム,20営業日の騰落率,True,業種,金属製品,5d,5営業日,1,1,1,0.3727678571428572,0.3727678571428572,1.0,サンプル不足,-0.39484815076945423
v4,return_20d,20日モメンタム,20営業日の騰落率,True,業種,金属製品,5d,5営業日,4,1,1,0.4178940251771255,0.4178940251771255,1.0,サンプル不足,-0.39484815076945423
v4,return_20d,20日モメンタム,20営業日の騰落率,True,業種,金属製品,5d,5営業日,5,1,1,-0.022080293626597025,-0.022080293626597025,0.0,サンプル不足,-0.39484815076945423
v4,return_20d,20日モメンタム,20営業日の騰落率,True,業種,鉄鋼,10d,10営業日,4,1,1,0.14146341463414625,0.14146341463414625,1.0,サンプル不足,0.0
v4,return_20d,20日モメンタム,20営業日の騰落率,True,業種,鉄鋼,1d,1営業日,4,1,1,-0.0060975609756097615,-0.0060975609756097615,0.0,サンプル不足,0.0
v4,return_20d,20日モメンタム,20営業日の騰落率,True,業種,鉄鋼,3d,3営業日,4,1,1,0.02987804878048772,0.02987804878048772,1.0,サンプル不足,0.0
v4,return_20d,20日モメンタム,20営業日の騰落率,True,業種,鉄鋼,5d,5営業日,4,1,1,0.18130081300813017,0.18130081300813017,1.0,サンプル不足,0.0
v4,return_20d,20日モメンタム,20営業日の騰落率,True,業種,銀行業,10d,10営業日,1,3,3,-0.02346594807148983,-0.023312393290677358,0.0,サンプル不足,0.005372787542810231
v4,return_20d,20日モメンタム,20営業日の騰落率,True,業種,銀行業,10d,10営業日,3,1,1,-0.026844608068722242,-0.026844608068722242,0.0,サンプル不足,0.005372787542810231
v4,return_20d,20日モメンタム,20営業日の騰落率,True,業種,銀行業,10d,10営業日,4,1,1,-0.018093160528679597,-0.018093160528679597,0.0,サンプル不足,0.005372787542810231
v4,return_20d,20日モメンタム,20営業日の騰落率,True,業種,銀行業,1d,1営業日,1,3,3,-0.006677578860705043,-0.006958942388566536,0.0,サンプル不足,0.002058048512957063
v4,return_20d,20日モメンタム,20営業日の騰落率,True,業種,銀行業,1d,1営業日,3,1,1,-0.016873753643196765,-0.016873753643196765,0.0,サンプル不足,0.002058048512957063
v4,return_20d,20日モメンタム,20営業日の騰落率,True,業種,銀行業,1d,1営業日,4,1,1,-0.00461953034774798,-0.00461953034774798,0.0,サンプル不足,0.002058048512957063
v4,return_20d,20日モメンタム,20営業日の騰落率,True,業種,銀行業,3d,3営業日,1,3,3,0.01961121423618147,0.03064415259537201,0.6666666666666666,サンプル不足,0.03890283683529287
v4,return_20d,20日モメンタム,20営業日の騰落率,True,業種,銀行業,3d,3営業日,3,1,1,0.03206013192207391,0.03206013192207391,1.0,サンプル不足,0.03890283683529287
v4,return_20d,20日モメンタム,20営業日の騰落率,True,業種,銀行業,3d,3営業日,4,1,1,0.05851405107147434,0.05851405107147434,1.0,サンプル不足,0.03890283683529287
v4,return_20d,20日モメンタム,20営業日の騰落率,True,業種,銀行業,5d,5営業日,1,3,3,0.005738497555532203,0.022201375859912442,0.6666666666666666,サンプル不足,0.026341574303828812
v4,return_20d,20日モメンタム,20営業日の騰落率,True,業種,銀行業,5d,5営業日,3,1,1,0.01932811780947996,0.01932811780947996,1.0,サンプル不足,0.026341574303828812
v4,return_20d,20日モメンタム,20営業日の騰落率,True,業種,銀行業,5d,5営業日,4,1,1,0.032080071859361015,0.032080071859361015,1.0,サンプル不足,0.026341574303828812
v4,return_20d,20日モメンタム,20営業日の騰落率,True,業種,電気機器,10d,10営業日,1,3,3,0.06923917469037932,0.09945750452079571,0.6666666666666666,サンプル不足,-0.04792355335976222
v4,return_20d,20日モメンタム,20営業日の騰落率,True,業種,電気機器,10d,10営業日,3,3,3,0.047591589483746304,0.08599592114208021,0.6666666666666666,サンプル不足,-0.04792355335976222
v4,return_20d,20日モメンタム,20営業日の騰落率,True,業種,電気機器,10d,10営業日,4,7,7,0.02945067408965572,0.01863354037267073,0.7142857142857143,サンプル不足,-0.04792355335976222
v4,return_20d,20日モメンタム,20営業日の騰落率,True,業種,電気機器,10d,10営業日,5,9,9,0.021315621330617103,0.026663001649257945,0.6666666666666666,サンプル不足,-0.04792355335976222
v4,return_20d,20日モメンタム,20営業日の騰落率,True,業種,電気機器,1d,1営業日,1,3,3,-0.004048520555257988,-0.001808318264014508,0.3333333333333333,サンプル不足,0.022203427674733503
v4,return_20d,20日モメンタム,20営業日の騰落率,True,業種,電気機器,1d,1営業日,3,3,3,-0.000860835441923336,0.0069625761531766,0.6666666666666666,サンプル不足,0.022203427674733503
v4,return_20d,20日モメンタム,20営業日の騰落率,True,業種,電気機器,1d,1営業日,4,7,7,-0.017625900826853606,-0.02662570404505893,0.2857142857142857,サンプル不足,0.022203427674733503
v4,return_20d,20日モメンタム,20営業日の騰落率,True,業種,電気機器,1d,1営業日,5,9,9,0.018154907119475514,-0.013406593406593448,0.4444444444444444,サンプル不足,0.022203427674733503
v4,return_20d,20日モメンタム,20営業日の騰落率,True,業種,電気機器,3d,3営業日,1,3,3,0.02527602042710253,0.01796187683284467,0.6666666666666666,サンプル不足,0.06697883487948127
v4,return_20d,20日モメンタム,20営業日の騰落率,True,業種,電気機器,3d,3営業日,3,3,3,0.03246866180454029,0.029911624745071475,0.6666666666666666,サンプル不足,0.06697883487948127
v4,return_20d,20日モメンタム,20営業日の騰落率,True,業種,電気機器,3d,3営業日,4,7,7,0.026197702078565373,0.013814616755793319,0.5714285714285714,サンプル不足,0.06697883487948127
v4,return_20d,20日モメンタム,20営業日の騰落率,True,業種,電気機器,3d,3営業日,5,9,9,0.0922548553065838,0.06588934110658884,0.7777777777777778,サンプル不足,0.06697883487948127
v4,return_20d,20日モメンタム,20営業日の騰落率,True,業種,電気機器,5d,5営業日,1,3,3,0.11432635578205204,0.14828209764918632,1.0,サンプル不足,-0.006735187227330491
v4,return_20d,20日モメンタム,20営業日の騰落率,True,業種,電気機器,5d,5営業日,3,3,3,0.09296160211378769,0.09347382732834797,1.0,サンプル不足,-0.006735187227330491
v4,return_20d,20日モメンタム,20営業日の騰落率,True,業種,電気機器,5d,5営業日,4,7,7,0.10579084088479743,0.09551122194513706,1.0,サンプル不足,-0.006735187227330491
v4,return_20d,20日モメンタム,20営業日の騰落率,True,業種,電気機器,5d,5営業日,5,9,9,0.10759116855472155,0.16153846153846163,0.7777777777777778,サンプル不足,-0.006735187227330491
v4,return_20d,20日モメンタム,20営業日の騰落率,True,業種,食料品,10d,10営業日,2,1,1,0.051290219815227855,0.051290219815227855,1.0,サンプル不足,0.0
v4,return_20d,20日モメンタム,20営業日の騰落率,True,業種,食料品,1d,1営業日,2,1,1,0.005734310289901234,0.005734310289901234,1.0,サンプル不足,0.0
v4,return_20d,20日モメンタム,20営業日の騰落率,True,業種,食料品,3d,3営業日,2,1,1,-0.014335775724753086,-0.014335775724753086,0.0,サンプル不足,0.0
v4,return_20d,20日モメンタム,20営業日の騰落率,True,業種,食料品,5d,5営業日,2,1,1,-0.005734310289901234,-0.005734310289901234,0.0,サンプル不足,0.0
v4,return_60d,60日モメンタム,60営業日の騰落率,True,全体,全体,10d,10営業日,1,20,20,-0.029879969287237296,-0.03308896235291353,0.35,サンプル不足,0.09295163682470207
v4,return_60d,60日モメンタム,60営業日の騰落率,True,全体,全体,10d,10営業日,2,20,20,0.013044369364702376,0.0026177240252547307,0.6,サンプル不足,0.09295163682470207
v4,return_60d,60日モメンタム,60営業日の騰落率,True,全体,全体,10d,10営業日,3,20,20,-0.009686059452775777,-0.02426785834533829,0.25,サンプル不足,0.09295163682470207
v4,return_60d,60日モメンタム,60営業日の騰落率,True,全体,全体,10d,10営業日,4,20,20,0.014216763407844234,0.005169417832238787,0.6,サンプル不足,0.09295163682470207
v4,return_60d,60日モメンタム,60営業日の騰落率,True,全体,全体,10d,10営業日,5,20,20,0.06307166753746478,0.03421062170374989,0.6,サンプル不足,0.09295163682470207
v4,return_60d,60日モメンタム,60営業日の騰落率,True,全体,全体,1d,1営業日,1,20,20,-0.015959879722049736,-0.014126768691798852,0.35,サンプル不足,0.035902995921102354
v4,return_60d,60日モメンタム,60営業日の騰落率,True,全体,全体,1d,1営業日,2,20,20,-0.012009368900627664,-0.004729654403567429,0.35,サンプル不足,0.035902995921102354
v4,return_60d,60日モメンタム,60営業日の騰落率,True,全体,全体,1d,1営業日,3,20,20,-0.0007702725063669098,-0.002705923083589523,0.45,サンプル不足,0.035902995921102354
v4,return_60d,60日モメンタム,60営業日の騰落率,True,全体,全体,1d,1営業日,4,20,20,0.0022890162358511603,-0.009672218241122854,0.4,サンプル不足,0.035902995921102354
v4,return_60d,60日モメンタム,60営業日の騰落率,True,全体,全体,1d,1営業日,5,20,20,0.019943116199052622,-0.0034955584876593115,0.4,サンプル不足,0.035902995921102354
v4,return_60d,60日モメンタム,60営業日の騰落率,True,全体,全体,3d,3営業日,1,20,20,-0.014807802297365493,-0.008858444072603298,0.35,サンプル不足,0.10416504712624833
v4,return_60d,60日モメンタム,60営業日の騰落率,True,全体,全体,3d,3営業日,2,20,20,0.022537031686991293,0.016406680990679767,0.6,サンプル不足,0.10416504712624833
v4,return_60d,60日モメンタム,60営業日の騰落率,True,全体,全体,3d,3営業日,3,20,20,0.04105249535972967,0.02371236367946894,0.85,サンプル不足,0.10416504712624833
v4,return_60d,60日モメンタム,60営業日の騰落率,True,全体,全体,3d,3営業日,4,20,20,0.05139126950339566,0.06286413180865147,0.75,サンプル不足,0.10416504712624833
v4,return_60d,60日モメンタム,60営業日の騰落率,True,全体,全体,3d,3営業日,5,20,20,0.08935724482888284,0.05174782559421498,0.75,サンプル不足,0.10416504712624833
v4,return_60d,60日モメンタム,60営業日の騰落率,True,全体,全体,5d,5営業日,1,20,20,-0.022151812758334305,-0.023404710858110432,0.35,サンプル不足,0.14958432920086112
v4,return_60d,60日モメンタム,60営業日の騰落率,True,全体,全体,5d,5営業日,2,20,20,0.049581958485151865,0.03297882810111419,0.65,サンプル不足,0.14958432920086112
v4,return_60d,60日モメンタム,60営業日の騰落率,True,全体,全体,5d,5営業日,3,20,20,0.05399920439265514,0.032509630524275135,0.85,サンプル不足,0.14958432920086112
v4,return_60d,60日モメンタム,60営業日の騰落率,True,全体,全体,5d,5営業日,4,20,20,0.10924375505363475,0.1012338601625149,0.85,サンプル不足,0.14958432920086112
v4,return_60d,60日モメンタム,60営業日の騰落率,True,全体,全体,5d,5営業日,5,20,20,0.12743251644252682,0.10693195578241144,0.85,サンプル不足,0.14958432920086112
v4,return_60d,60日モメンタム,60営業日の騰落率,True,業種,その他製品,10d,10営業日,1,1,1,0.0982274741506648,0.0982274741506648,1.0,サンプル不足,0.0
v4,return_60d,60日モメンタム,60営業日の騰落率,True,業種,その他製品,1d,1営業日,1,1,1,0.0723781388478581,0.0723781388478581,1.0,サンプル不足,0.0
v4,return_60d,60日モメンタム,60営業日の騰落率,True,業種,その他製品,3d,3営業日,1,1,1,-0.0088626292466764,-0.0088626292466764,0.0,サンプル不足,0.0
v4,return_60d,60日モメンタム,60営業日の騰落率,True,業種,その他製品,5d,5営業日,1,1,1,-0.0745937961595273,-0.0745937961595273,0.0,サンプル不足,0.0
v4,return_60d,60日モメンタム,60営業日の騰落率,True,業種,その他金融業,10d,10営業日,2,2,2,-0.03593253743194191,-0.03593253743194191,0.5,サンプル不足,0.0
v4,return_60d,60日モメンタム,60営業日の騰落率,True,業種,その他金融業,1d,1営業日,2,2,2,0.00453720508166966,0.00453720508166966,0.5,サンプル不足,0.0
v4,return_60d,60日モメンタム,60営業日の騰落率,True,業種,その他金融業,3d,3営業日,2,2,2,0.014317008847549939,0.014317008847549939,1.0,サンプル不足,0.0
v4,return_60d,60日モメンタム,60営業日の騰落率,True,業種,その他金融業,5d,5営業日,2,2,2,-0.011116152450090733,-0.011116152450090733,0.0,サンプル不足,0.0
v4,return_60d,60日モメンタム,60営業日の騰落率,True,業種,ガラス・土石製品,10d,10営業日,4,1,1,0.12147701582516945,0.12147701582516945,1.0,サンプル不足,-0.07750538461949576
v4,return_60d,60日モメンタム,60営業日の騰落率,True,業種,ガラス・土石製品,10d,10営業日,5,1,1,0.0439716312056737,0.0439716312056737,1.0,サンプル不足,-0.07750538461949576
v4,return_60d,60日モメンタム,60営業日の騰落率,True,業種,ガラス・土石製品,1d,1営業日,4,1,1,0.016880180859080607,0.016880180859080607,1.0,サンプル不足,-0.06227025178106631
v4,return_60d,60日モメンタム,60営業日の騰落率,True,業種,ガラス・土石製品,1d,1営業日,5,1,1,-0.0453900709219857,-0.0453900709219857,0.0,サンプル不足,-0.06227025178106631
v4,return_60d,60日モメンタム,60営業日の騰落率,True,業種,ガラス・土石製品,3d,3営業日,4,1,1,0.10143180105501126,0.10143180105501126,1.0,サンプル不足,0.21062493653364123
v4,return_60d,60日モメンタム,60営業日の騰落率,True,業種,ガラス・土石製品,3d,3営業日,5,1,1,0.3120567375886525,0.3120567375886525,1.0,サンプル不足,0.21062493653364123
v4,return_60d,60日モメンタム,60営業日の騰落率,True,業種,ガラス・土石製品,5d,5営業日,4,1,1,0.15975885455915595,0.15975885455915595,1.0,サンプル不足,0.07712057806495745
v4,return_60d,60日モメンタム,60営業日の騰落率,True,業種,ガラス・土石製品,5d,5営業日,5,1,1,0.2368794326241134,0.2368794326241134,1.0,サンプル不足,0.07712057806495745
v4,return_60d,60日モメンタム,60営業日の騰落率,True,業種,ゴム製品,10d,10営業日,1,1,1,-0.07069154774972553,-0.07069154774972553,0.0,サンプル不足,0.017150069230824738
v4,return_60d,60日モメンタム,60営業日の騰落率,True,業種,ゴム製品,10d,10営業日,3,1,1,-0.05354147851890079,-0.05354147851890079,0.0,サンプル不足,0.017150069230824738
v4,return_60d,60日モメンタム,60営業日の騰落率,True,業種,ゴム製品,1d,1営業日,1,1,1,-0.0231812997392975,-0.0231812997392975,0.0,サンプル不足,0.02495639831528762
v4,return_60d,60日モメンタム,60営業日の騰落率,True,業種,ゴム製品,1d,1営業日,3,1,1,0.0017750985759901194,0.0017750985759901194,1.0,サンプル不足,0.02495639831528762
v4,return_60d,60日モメンタム,60営業日の騰落率,True,業種,ゴム製品,3d,3営業日,1,1,1,-0.02662606767974751,-0.02662606767974751,0.0,サンプル不足,0.03825259167665107
v4,return_60d,60日モメンタム,60営業日の騰落率,True,業種,ゴム製品,3d,3営業日,3,1,1,0.01162652399690356,0.01162652399690356,1.0,サンプル不足,0.03825259167665107
v4,return_60d,60日モメンタム,60営業日の騰落率,True,業種,ゴム製品,5d,5営業日,1,1,1,-0.03136266379665198,-0.03136266379665198,0.0,サンプル不足,0.020855451017655735
v4,return_60d,60日モメンタム,60営業日の騰落率,True,業種,ゴム製品,5d,5営業日,3,1,1,-0.010507212778996244,-0.010507212778996244,0.0,サンプル不足,0.020855451017655735
v4,return_60d,60日モメンタム,60営業日の騰落率,True,業種,サービス業,10d,10営業日,1,2,2,-0.14624056291768356,-0.14624056291768356,0.5,サンプル不足,0.312450608579784
v4,return_60d,60日モメンタム,60営業日の騰落率,True,業種,サービス業,10d,10営業日,2,1,1,0.11259754738015615,0.11259754738015615,1.0,サンプル不足,0.312450608579784
v4,return_60d,60日モメンタム,60営業日の騰落率,True,業種,サービス業,10d,10営業日,3,2,2,-0.0016591573172535234,-0.0016591573172535234,0.5,サンプル不足,0.312450608579784
v4,return_60d,60日モメンタム,60営業日の騰落率,True,業種,サービス業,10d,10営業日,4,1,1,0.1662100456621005,0.1662100456621005,1.0,サンプル不足,0.312450608579784
v4,return_60d,60日モメンタム,60営業日の騰落率,True,業種,サービス業,1d,1営業日,1,2,2,-0.07908759665168902,-0.07908759665168902,0.5,サンプル不足,0.11059444596675752
v4,return_60d,60日モメンタム,60営業日の騰落率,True,業種,サービス業,1d,1営業日,2,1,1,-0.004459308807134854,-0.004459308807134854,0.0,サンプル不足,0.11059444596675752
v4,return_60d,60日モメンタム,60営業日の騰落率,True,業種,サービス業,1d,1営業日,3,2,2,-0.019573937789461315,-0.019573937789461315,0.0,サンプル不足,0.11059444596675752
v4,return_60d,60日モメンタム,60営業日の騰落率,True,業種,サービス業,1d,1営業日,4,1,1,0.0315068493150685,0.0315068493150685,1.0,サンプル不足,0.11059444596675752
v4,return_60d,60日モメンタム,60営業日の騰落率,True,業種,サービス業,3d,3営業日,1,2,2,-0.10172804096435006,-0.10172804096435006,0.5,サンプル不足,0.17022119164928157
v4,return_60d,60日モメンタム,60営業日の騰落率,True,業種,サービス業,3d,3営業日,2,1,1,0.021181716833890807,0.021181716833890807,1.0,サンプル不足,0.17022119164928157
v4,return_60d,60日モメンタム,60営業日の騰落率,True,業種,サービス業,3d,3営業日,3,2,2,-0.017137126595496877,-0.017137126595496877,0.0,サンプル不足,0.17022119164928157
v4,return_60d,60日モメンタム,60営業日の騰落率,True,業種,サービス業,3d,3営業日,4,1,1,0.0684931506849315,0.0684931506849315,1.0,サンプル不足,0.17022119164928157
v4,return_60d,60日モメンタム,60営業日の騰落率,True,業種,サービス業,5d,5営業日,1,2,2,-0.11196770294003605,-0.11196770294003605,0.5,サンプル不足,0.49781245179848355
v4,return_60d,60日モメンタム,60営業日の騰落率,True,業種,サービス業,5d,5営業日,2,1,1,0.08138238573021184,0.08138238573021184,1.0,サンプル不足,0.49781245179848355
v4,return_60d,60日モメンタム,60営業日の騰落率,True,業種,サービス業,5d,5営業日,3,2,2,0.02010483270255975,0.02010483270255975,0.5,サンプル不足,0.49781245179848355
v4,return_60d,60日モメンタム,60営業日の騰落率,True,業種,サービス業,5d,5営業日,4,1,1,0.3858447488584475,0.3858447488584475,1.0,サンプル不足,0.49781245179848355
v4,return_60d,60日モメンタム,60営業日の騰落率,True,業種,不動産業,10d,10営業日,3,1,1,0.14814814814814814,0.14814814814814814,1.0,サンプル不足,-0.01573957311662233
v4,return_60d,60日モメンタム,60営業日の騰落率,True,業種,不動産業,10d,10営業日,5,1,1,0.1324085750315258,0.1324085750315258,1.0,サンプル不足,-0.01573957311662233
v4,return_60d,60日モメンタム,60営業日の騰落率,True,業種,不動産業,1d,1営業日,3,1,1,0.012345679012345734,0.012345679012345734,1.0,サンプル不足,0.12006289601918008
v4,return_60d,60日モメンタム,60営業日の騰落率,True,業種,不動産業,1d,1営業日,5,1,1,0.1324085750315258,0.1324085750315258,1.0,サンプル不足,0.12006289601918008
v4,return_60d,60日モメンタム,60営業日の騰落率,True,業種,不動産業,3d,3営業日,3,1,1,0.1358024691358024,0.1358024691358024,1.0,サンプル不足,-0.0033938941042765958
v4,return_60d,60日モメンタム,60営業日の騰落率,True,業種,不動産業,3d,3営業日,5,1,1,0.1324085750315258,0.1324085750315258,1.0,サンプル不足,-0.0033938941042765958
v4,return_60d,60日モメンタム,60営業日の騰落率,True,業種,不動産業,5d,5営業日,3,1,1,0.11111111111111116,0.11111111111111116,1.0,サンプル不足,0.02003642987249532
v4,return_60d,60日モメンタム,60営業日の騰落率,True,業種,不動産業,5d,5営業日,5,1,1,0.13114754098360648,0.13114754098360648,1.0,サンプル不足,0.02003642987249532
v4,return_60d,60日モメンタム,60営業日の騰落率,True,業種,保険業,10d,10営業日,3,1,1,-0.02083333333333337,-0.02083333333333337,0.0,サンプル不足,0.0
v4,return_60d,60日モメンタム,60営業日の騰落率,True,業種,保険業,1d,1営業日,3,1,1,0.007601351351351315,0.007601351351351315,1.0,サンプル不足,0.0
v4,return_60d,60日モメンタム,60営業日の騰落率,True,業種,保険業,3d,3営業日,3,1,1,0.025056306306306286,0.025056306306306286,1.0,サンプル不足,0.0
v4,return_60d,60日モメンタム,60営業日の騰落率,True,業種,保険業,5d,5営業日,3,1,1,0.032939189189189255,0.032939189189189255,1.0,サンプル不足,0.0
v4,return_60d,60日モメンタム,60営業日の騰落率,True,業種,化学,10d,10営業日,1,1,1,0.022102578634173975,0.022102578634173975,1.0,サンプル不足,-0.06490489178835626
v4,return_60d,60日モメンタム,60営業日の騰落率,True,業種,化学,10d,10営業日,2,5,5,-0.017594734196207606,0.0013291980505094614,0.6,サンプル不足,-0.06490489178835626
v4,return_60d,60日モメンタム,60営業日の騰落率,True,業種,化学,10d,10営業日,3,4,4,-0.026521192480830846,-0.03851721333694769,0.25,サンプル不足,-0.06490489178835626
v4,return_60d,60日モメンタム,60営業日の騰落率,True,業種,化学,10d,10営業日,4,3,3,-0.042802313154182293,-0.02881217722207119,0.0,サンプル不足,-0.06490489178835626
v4,return_60d,60日モメンタム,60営業日の騰落率,True,業種,化学,1d,1営業日,1,1,1,-0.0017001983564749468,-0.0017001983564749468,0.0,サンプル不足,-0.01835530429914245
v4,return_60d,60日モメンタム,60営業日の騰落率,True,業種,化学,1d,1営業日,2,5,5,-0.004129805119841379,-0.014542570068746707,0.4,サンプル不足,-0.01835530429914245
v4,return_60d,60日モメンタム,60営業日の騰落率,True,業種,化学,1d,1営業日,3,4,4,0.011232977615642153,-0.0015617848970251313,0.5,サンプル不足,-0.01835530429914245
v4,return_60d,60日モメンタム,60営業日の騰落率,True,業種,化学,1d,1営業日,4,3,3,-0.020055502655617397,-0.02290836653386452,0.0,サンプル不足,-0.01835530429914245
v4,return_60d,60日モメンタム,60営業日の騰落率,True,業種,化学,3d,3営業日,1,1,1,0.011051289317087098,0.011051289317087098,1.0,サンプル不足,0.02626024251246828
v4,return_60d,60日モメンタム,60営業日の騰落率,True,業種,化学,3d,3営業日,2,5,5,0.033593122709160476,-0.004361733061936657,0.4,サンプル不足,0.02626024251246828
v4,return_60d,60日モメンタム,60営業日の騰落率,True,業種,化学,3d,3営業日,3,4,4,0.05576181269732372,0.047128910987145334,1.0,サンプル不足,0.02626024251246828
v4,return_60d,60日モメンタム,60営業日の騰落率,True,業種,化学,3d,3営業日,4,3,3,0.03731153182955538,0.010973936899862924,1.0,サンプル不足,0.02626024251246828
v4,return_60d,60日モメンタム,60営業日の騰落率,True,業種,化学,5d,5営業日,1,1,1,0.033437234344006805,0.033437234344006805,1.0,サンプル不足,0.010249762420007004
v4,return_60d,60日モメンタム,60営業日の騰落率,True,業種,化学,5d,5営業日,2,5,5,0.021538373300755993,-0.021808665309683062,0.4,サンプル不足,0.010249762420007004
v4,return_60d,60日モメンタム,60営業日の騰落率,True,業種,化学,5d,5営業日,3,4,4,0.08451574237135612,0.08178510793111804,1.0,サンプル不足,0.010249762420007004
v4,return_60d,60日モメンタム,60営業日の騰落率,True,業種,化学,5d,5営業日,4,3,3,0.04368699676401381,0.04663923182441709,1.0,サンプル不足,0.010249762420007004
v4,return_60d,60日モメンタム,60営業日の騰落率,True,業種,卸売業,10d,10営業日,2,1,1,-0.0768126346015792,-0.0768126346015792,0.0,サンプル不足,0.0
v4,return_60d,60日モメンタム,60営業日の騰落率,True,業種,卸売業,1d,1営業日,2,1,1,-0.1184493898061737,-0.1184493898061737,0.0,サンプル不足,0.0
v4,return_60d,60日モメンタム,60営業日の騰落率,True,業種,卸売業,3d,3営業日,2,1,1,-0.0760947595118449,-0.0760947595118449,0.0,サンプル不足,0.0
v4,return_60d,60日モメンタム,60営業日の騰落率,True,業種,卸売業,5d,5営業日,2,1,1,-0.0753768844221105,-0.0753768844221105,0.0,サンプル不足,0.0
v4,return_60d,60日モメンタム,60営業日の騰落率,True,業種,小売業,10d,10営業日,1,2,2,-0.058255272947955516,-0.058255272947955516,0.0,サンプル不足,0.033021489821978944
v4,return_60d,60日モメンタム,60営業日の騰落率,True,業種,小売業,10d,10営業日,3,1,1,-0.025233783125976572,-0.025233783125976572,0.0,サンプル不足,0.033021489821978944
v4,return_60d,60日モメンタム,60営業日の騰落率,True,業種,小売業,1d,1営業日,1,2,2,-0.02401017358206731,-0.02401017358206731,0.5,サンプル不足,0.014955644102232327
v4,return_60d,60日モメンタム,60営業日の騰落率,True,業種,小売業,1d,1営業日,3,1,1,-0.009054529479834983,-0.009054529479834983,0.0,サンプル不足,0.014955644102232327
v4,return_60d,60日モメンタム,60営業日の騰落率,True,業種,小売業,3d,3営業日,1,2,2,-0.016649656438745806,-0.016649656438745806,0.5,サンプル不足,-0.019271394130560806
v4,return_60d,60日モメンタム,60営業日の騰落率,True,業種,小売業,3d,3営業日,3,1,1,-0.03592105056930661,-0.03592105056930661,0.0,サンプル不足,-0.019271394130560806
v4,return_60d,60日モメンタム,60営業日の騰落率,True,業種,小売業,5d,5営業日,1,2,2,-0.04499640562263137,-0.04499640562263137,0.0,サンプル不足,0.016942339908506875
v4,return_60d,60日モメンタム,60営業日の騰落率,True,業種,小売業,5d,5営業日,3,1,1,-0.0280540657141245,-0.0280540657141245,0.0,サンプル不足,0.016942339908506875
v4,return_60d,60日モメンタム,60営業日の騰落率,True,業種,建設業,10d,10営業日,1,1,1,-0.042903752039151755,-0.042903752039151755,0.0,サンプル不足,0.18736904284590605
v4,return_60d,60日モメンタム,60営業日の騰落率,True,業種,建設業,10d,10営業日,2,1,1,0.1444652908067543,0.1444652908067543,1.0,サンプル不足,0.18736904284590605
v4,return_60d,60日モメンタム,60営業日の騰落率,True,業種,建設業,1d,1営業日,1,1,1,-0.037683523654159834,-0.037683523654159834,0.0,サンプル不足,0.009540934535960943
v4,return_60d,60日モメンタム,60営業日の騰落率,True,業種,建設業,1d,1営業日,2,1,1,-0.02814258911819889,-0.02814258911819889,0.0,サンプル不足,0.009540934535960943
v4,return_60d,60日モメンタム,60営業日の騰落率,True,業種,建設業,3d,3営業日,1,1,1,-0.021044045676998357,-0.021044045676998357,0.0,サンプル不足,0.12836111884773016
v4,return_60d,60日モメンタム,60営業日の騰落率,True,業種,建設業,3d,3営業日,2,1,1,0.1073170731707318,0.1073170731707318,1.0,サンプル不足,0.12836111884773016
v4,return_60d,60日モメンタム,60営業日の騰落率,True,業種,建設業,5d,5営業日,1,1,1,-0.02610114192495927,-0.02610114192495927,0.0,サンプル不足,0.19870902184991235
v4,return_60d,60日モメンタム,60営業日の騰落率,True,業種,建設業,5d,5営業日,2,1,1,0.17260787992495308,0.17260787992495308,1.0,サンプル不足,0.19870902184991235
v4,return_60d,60日モメンタム,60営業日の騰落率,True,業種,情報・通信業,10d,10営業日,4,1,1,-0.25,-0.25,0.0,サンプル不足,0.07946958023999628
v4,return_60d,60日モメンタム,60営業日の騰落率,True,業種,情報・通信業,10d,10営業日,5,2,2,-0.17053041976000372,-0.17053041976000372,0.0,サンプル不足,0.07946958023999628
v4,return_60d,60日モメンタム,60営業日の騰落率,True,業種,情報・通信業,1d,1営業日,4,1,1,-0.0902366863905325,-0.0902366863905325,0.0,サンプル不足,0.17097862036821382
v4,return_60d,60日モメンタム,60営業日の騰落率,True,業種,情報・通信業,1d,1営業日,5,2,2,0.0807419339776813,0.0807419339776813,0.5,サンプル不足,0.17097862036821382
v4,return_60d,60日モメンタム,60営業日の騰落率,True,業種,情報・通信業,3d,3営業日,4,1,1,-0.1624260355029585,-0.1624260355029585,0.0,サンプル不足,0.1325945931907766
v4,return_60d,60日モメンタム,60営業日の騰落率,True,業種,情報・通信業,3d,3営業日,5,2,2,-0.029831442312181905,-0.029831442312181905,0.5,サンプル不足,0.1325945931907766
v4,return_60d,60日モメンタム,60営業日の騰落率,True,業種,情報・通信業,5d,5営業日,4,1,1,-0.1568047337278106,-0.1568047337278106,0.0,サンプル不足,0.06582537153889523
v4,return_60d,60日モメンタム,60営業日の騰落率,True,業種,情報・通信業,5d,5営業日,5,2,2,-0.09097936218891536,-0.09097936218891536,0.5,サンプル不足,0.06582537153889523
v4,return_60d,60日モメンタム,60営業日の騰落率,True,業種,機械,10d,10営業日,1,3,3,-0.03974112354780723,-0.05308848080133555,0.3333333333333333,サンプル不足,0.31665316726347353
v4,return_60d,60日モメンタム,60営業日の騰落率,True,業種,機械,10d,10営業日,2,3,3,0.02862170087976532,0.046666666666666634,0.6666666666666666,サンプル不足,0.31665316726347353
v4,return_60d,60日モメンタム,60営業日の騰落率,True,業種,機械,10d,10営業日,3,6,6,-0.011504996214215498,-0.01487469341033193,0.16666666666666666,サンプル不足,0.31665316726347353
v4,return_60d,60日モメンタム,60営業日の騰落率,True,業種,機械,10d,10営業日,4,6,6,-0.01547828782819118,0.0016737876878656355,0.6666666666666666,サンプル不足,0.31665316726347353
v4,return_60d,60日モメンタム,60営業日の騰落率,True,業種,機械,10d,10営業日,5,3,3,0.2769120437156663,0.0672268907563025,0.6666666666666666,サンプル不足,0.31665316726347353
v4,return_60d,60日モメンタム,60営業日の騰落率,True,業種,機械,1d,1営業日,1,3,3,-0.0278532651550966,-0.0337228714524207,0.0,サンプル不足,0.12247544898620408
v4,return_60d,60日モメンタム,60営業日の騰落率,True,業種,機械,1d,1営業日,2,3,3,-0.02244705115672858,-0.0189393939393939,0.0,サンプル不足,0.12247544898620408
v4,return_60d,60日モメンタム,60営業日の騰落率,True,業種,機械,1d,1営業日,3,6,6,0.006001387569487127,0.0063733286151428275,0.6666666666666666,サンプル不足,0.12247544898620408
v4,return_60d,60日モメンタム,60営業日の騰落率,True,業種,機械,1d,1営業日,4,6,6,-0.016762116054917786,-0.013199882674260421,0.3333333333333333,サンプル不足,0.12247544898620408
v4,return_60d,60日モメンタム,60営業日の騰落率,True,業種,機械,1d,1営業日,5,3,3,0.09462218383110747,0.06710526315789478,1.0,サンプル不足,0.12247544898620408
v4,return_60d,60日モメンタム,60営業日の騰落率,True,業種,機械,3d,3営業日,1,3,3,0.008501177684012743,0.01001669449081799,0.6666666666666666,サンプル不足,0.22834817296197818
v4,return_60d,60日モメンタム,60営業日の騰落率,True,業種,機械,3d,3営業日,2,3,3,0.03438742261322913,-0.0030498533724340193,0.3333333333333333,サンプル不足,0.22834817296197818
v4,return_60d,60日モメンタム,60営業日の騰落率,True,業種,機械,3d,3営業日,3,6,6,0.035060351851791904,0.015730949504957792,1.0,サンプル不足,0.22834817296197818
v4,return_60d,60日モメンタム,60営業日の騰落率,True,業種,機械,3d,3営業日,4,6,6,0.0455097903668523,0.06651758157752852,0.8333333333333334,サンプル不足,0.22834817296197818
v4,return_60d,60日モメンタム,60営業日の騰落率,True,業種,機械,3d,3営業日,5,3,3,0.2368493506459909,0.07422969187675066,0.6666666666666666,サンプル不足,0.22834817296197818
v4,return_60d,60日モメンタム,60営業日の騰落率,True,業種,機械,5d,5営業日,1,3,3,0.026000140149089097,0.013355592654423987,1.0,サンプル不足,0.22830553064690803
v4,return_60d,60日モメンタム,60営業日の騰落率,True,業種,機械,5d,5営業日,2,3,3,0.10798305637015305,0.1060606060606059,1.0,サンプル不足,0.22830553064690803
v4,return_60d,60日モメンタム,60営業日の騰落率,True,業種,機械,5d,5営業日,3,6,6,0.05617223301765365,0.029110513997364196,1.0,サンプル不足,0.22830553064690803
v4,return_60d,60日モメンタム,60営業日の騰落率,True,業種,機械,5d,5営業日,4,6,6,0.09093997508653073,0.11060932147260827,0.8333333333333334,サンプル不足,0.22830553064690803
v4,return_60d,60日モメンタム,60営業日の騰落率,True,業種,機械,5d,5営業日,5,3,3,0.25430567079599714,0.0896358543417366,1.0,サンプル不足,0.22830553064690803
v4,return_60d,60日モメンタム,60営業日の騰落率,True,業種,海運業,10d,10営業日,1,1,1,-0.07318923018581724,-0.07318923018581724,0.0,サンプル不足,0.0
v4,return_60d,60日モメンタム,60営業日の騰落率,True,業種,海運業,1d,1営業日,1,1,1,-0.015927189988623414,-0.015927189988623414,0.0,サンプル不足,0.0
v4,return_60d,60日モメンタム,60営業日の騰落率,True,業種,海運業,3d,3営業日,1,1,1,-0.04702313234736444,-0.04702313234736444,0.0,サンプル不足,0.0
v4,return_60d,60日モメンタム,60営業日の騰落率,True,業種,海運業,5d,5営業日,1,1,1,-0.04323094425483509,-0.04323094425483509,0.0,サンプル不足,0.0
v4,return_60d,60日モメンタム,60営業日の騰落率,True,業種,空運業,10d,10営業日,1,2,2,0.005610334949848417,0.005610334949848417,0.5,サンプル不足,0.0
v4,return_60d,60日モメンタム,60営業日の騰落率,True,業種,空運業,1d,1営業日,1,2,2,0.008669260778221721,0.008669260778221721,1.0,サンプル不足,0.0
v4,return_60d,60日モメンタム,60営業日の騰落率,True,業種,空運業,3d,3営業日,1,2,2,-0.0067527108446139295,-0.0067527108446139295,0.0,サンプル不足,0.0
v4,return_60d,60日モメンタム,60営業日の騰落率,True,業種,空運業,5d,5営業日,1,2,2,-0.01811971134527668,-0.01811971134527668,0.0,サンプル不足,0.0
v4,return_60d,60日モメンタム,60営業日の騰落率,True,業種,繊維製品,10d,10営業日,1,1,1,-0.04926931106471821,-0.04926931106471821,0.0,サンプル不足,0.0
v4,return_60d,60日モメンタム,60営業日の騰落率,True,業種,繊維製品,1d,1営業日,1,1,1,-0.017118997912317302,-0.017118997912317302,0.0,サンプル不足,0.0
v4,return_60d,60日モメンタム,60営業日の騰落率,True,業種,繊維製品,3d,3営業日,1,1,1,-0.0041753653444676075,-0.0041753653444676075,0.0,サンプル不足,0.0
v4,return_60d,60日モメンタム,60営業日の騰落率,True,業種,繊維製品,5d,5営業日,1,1,1,-0.02171189979123178,-0.02171189979123178,0.0,サンプル不足,0.0
v4,return_60d,60日モメンタム,60営業日の騰落率,True,業種,証券、商品先物取引業,10d,10営業日,1,1,1,-0.004075235109717856,-0.004075235109717856,0.0,サンプル不足,0.004782448688218532
v4,return_60d,60日モメンタム,60営業日の騰落率,True,業種,証券、商品先物取引業,10d,10営業日,2,1,1,0.0007072135785006761,0.0007072135785006761,1.0,サンプル不足,0.004782448688218532
v4,return_60d,60日モメンタム,60営業日の騰落率,True,業種,証券、商品先物取引業,1d,1営業日,1,1,1,0.004702194357366851,0.004702194357366851,1.0,サンプル不足,-0.003994980778866175
v4,return_60d,60日モメンタム,60営業日の騰落率,True,業種,証券、商品先物取引業,1d,1営業日,2,1,1,0.0007072135785006761,0.0007072135785006761,1.0,サンプル不足,-0.003994980778866175
v4,return_60d,60日モメンタム,60営業日の騰落率,True,業種,証券、商品先物取引業,3d,3営業日,1,1,1,0.021943573667711602,0.021943573667711602,1.0,サンプル不足,-0.0070920885191967376
v4,return_60d,60日モメンタム,60営業日の騰落率,True,業種,証券、商品先物取引業,3d,3営業日,2,1,1,0.014851485148514865,0.014851485148514865,1.0,サンプル不足,-0.0070920885191967376
v4,return_60d,60日モメンタム,60営業日の騰落率,True,業種,証券、商品先物取引業,5d,5営業日,1,1,1,0.019435736677116067,0.019435736677116067,1.0,サンプル不足,-0.003523431160850077
v4,return_60d,60日モメンタム,60営業日の騰落率,True,業種,証券、商品先物取引業,5d,5営業日,2,1,1,0.01591230551626599,0.01591230551626599,1.0,サンプル不足,-0.003523431160850077
v4,return_60d,60日モメンタム,60営業日の騰落率,True,業種,輸送用機器,10d,10営業日,1,2,2,-0.03315062772427113,-0.03315062772427113,0.5,サンプル不足,-0.03187400281760078
v4,return_60d,60日モメンタム,60営業日の騰落率,True,業種,輸送用機器,10d,10営業日,4,1,1,-0.06502463054187191,-0.06502463054187191,0.0,サンプル不足,-0.03187400281760078
v4,return_60d,60日モメンタム,60営業日の騰落率,True,業種,輸送用機器,1d,1営業日,1,2,2,-0.014126768691798852,-0.014126768691798852,0.0,サンプル不足,-0.0026219997811075535
v4,return_60d,60日モメンタム,60営業日の騰落率,True,業種,輸送用機器,1d,1営業日,4,1,1,-0.016748768472906406,-0.016748768472906406,0.0,サンプル不足,-0.0026219997811075535
v4,return_60d,60日モメンタム,60営業日の騰落率,True,業種,輸送用機器,3d,3営業日,1,2,2,-0.03601939579545094,-0.03601939579545094,0.0,サンプル不足,0.0458716125442194
v4,return_60d,60日モメンタム,60営業日の騰落率,True,業種,輸送用機器,3d,3営業日,4,1,1,0.009852216748768461,0.009852216748768461,1.0,サンプル不足,0.0458716125442194
v4,return_60d,60日モメンタム,60営業日の騰落率,True,業種,輸送用機器,5d,5営業日,1,2,2,-0.04993293544111804,-0.04993293544111804,0.0,サンプル不足,0.14549943790417214
v4,return_60d,60日モメンタム,60営業日の騰落率,True,業種,輸送用機器,5d,5営業日,4,1,1,0.09556650246305409,0.09556650246305409,1.0,サンプル不足,0.14549943790417214
v4,return_60d,60日モメンタム,60営業日の騰落率,True,業種,金属製品,10d,10営業日,4,1,1,0.2351190476190476,0.2351190476190476,1.0,サンプル不足,-0.10368210629763899
v4,return_60d,60日モメンタム,60営業日の騰落率,True,業種,金属製品,10d,10営業日,5,2,2,0.1314369413214086,0.1314369413214086,0.5,サンプル不足,-0.10368210629763899
v4,return_60d,60日モメンタム,60営業日の騰落率,True,業種,金属製品,1d,1営業日,4,1,1,0.1402529761904762,0.1402529761904762,1.0,サンプル不足,-0.17666620227978186
v4,return_60d,60日モメンタム,60営業日の騰落率,True,業種,金属製品,1d,1営業日,5,2,2,-0.03641322608930565,-0.03641322608930565,0.0,サンプル不足,-0.17666620227978186
v4,return_60d,60日モメンタム,60営業日の騰落率,True,業種,金属製品,3d,3営業日,4,1,1,0.2332589285714286,0.2332589285714286,1.0,サンプル不足,-0.14495651620439767
v4,return_60d,60日モメンタム,60営業日の騰落率,True,業種,金属製品,3d,3営業日,5,2,2,0.08830241236703093,0.08830241236703093,1.0,サンプル不足,-0.14495651620439767
v4,return_60d,60日モメンタム,60営業日の騰落率,True,業種,金属製品,5d,5営業日,4,1,1,0.3727678571428572,0.3727678571428572,1.0,サンプル不足,-0.17486099136759298
v4,return_60d,60日モメンタム,60営業日の騰落率,True,業種,金属製品,5d,5営業日,5,2,2,0.19790686577526423,0.19790686577526423,0.5,サンプル不足,-0.17486099136759298
v4,return_60d,60日モメンタム,60営業日の騰落率,True,業種,鉄鋼,10d,10営業日,2,1,1,0.14146341463414625,0.14146341463414625,1.0,サンプル不足,0.0
v4,return_60d,60日モメンタム,60営業日の騰落率,True,業種,鉄鋼,1d,1営業日,2,1,1,-0.0060975609756097615,-0.0060975609756097615,0.0,サンプル不足,0.0
v4,return_60d,60日モメンタム,60営業日の騰落率,True,業種,鉄鋼,3d,3営業日,2,1,1,0.02987804878048772,0.02987804878048772,1.0,サンプル不足,0.0
v4,return_60d,60日モメンタム,60営業日の騰落率,True,業種,鉄鋼,5d,5営業日,2,1,1,0.18130081300813017,0.18130081300813017,1.0,サンプル不足,0.0
v4,return_60d,60日モメンタム,60営業日の騰落率,True,業種,銀行業,10d,10営業日,1,1,1,-0.023312393290677358,-0.023312393290677358,0.0,サンプル不足,-0.004174680294322736
v4,return_60d,60日モメンタム,60営業日の騰落率,True,業種,銀行業,10d,10営業日,2,1,1,-0.00956199876619368,-0.00956199876619368,0.0,サンプル不足,-0.004174680294322736
v4,return_60d,60日モメンタム,60営業日の騰落率,True,業種,銀行業,10d,10営業日,3,3,3,-0.027487073585000094,-0.026844608068722242,0.0,サンプル不足,-0.004174680294322736
v4,return_60d,60日モメンタム,60営業日の騰落率,True,業種,銀行業,1d,1営業日,1,1,1,-0.006958942388566536,-0.006958942388566536,0.0,サンプル不足,-0.0031239763317838145
v4,return_60d,60日モメンタム,60営業日の騰落率,True,業種,銀行業,1d,1営業日,2,1,1,-0.004318322023442289,-0.004318322023442289,0.0,サンプル不足,-0.0031239763317838145
v4,return_60d,60日モメンタム,60営業日の騰落率,True,業種,銀行業,1d,1営業日,3,3,3,-0.01008291872035035,-0.008755472170106304,0.0,サンプル不足,-0.0031239763317838145
v4,return_60d,60日モメンタム,60営業日の騰落率,True,業種,銀行業,3d,3営業日,1,1,1,-0.012526117536426518,-0.012526117536426518,0.0,サンプル不足,0.052932229399399934
v4,return_60d,60日モメンタム,60営業日の騰落率,True,業種,銀行業,3d,3営業日,2,1,1,0.04071560764959892,0.04071560764959892,1.0,サンプル不足,0.052932229399399934
v4,return_60d,60日モメンタム,60営業日の騰落率,True,業種,銀行業,3d,3営業日,3,3,3,0.040406111862973416,0.03206013192207391,1.0,サンプル不足,0.052932229399399934
v4,return_60d,60日モメンタム,60営業日の騰落率,True,業種,銀行業,5d,5営業日,1,1,1,-0.03305497634569088,-0.03305497634569088,0.0,サンプル不足,0.05759149818860869
v4,return_60d,60日モメンタム,60営業日の騰落率,True,業種,銀行業,5d,5営業日,2,1,1,0.028069093152375046,0.028069093152375046,1.0,サンプル不足,0.05759149818860869
v4,return_60d,60日モメンタム,60営業日の騰落率,True,業種,銀行業,5d,5営業日,3,3,3,0.024536521842917807,0.022201375859912442,1.0,サンプル不足,0.05759149818860869
v4,return_60d,60日モメンタム,60営業日の騰落率,True,業種,電気機器,10d,10営業日,1,1,1,0.1288076588337685,0.1288076588337685,1.0,サンプル不足,-0.09858002517537871
v4,return_60d,60日モメンタム,60営業日の騰落率,True,業種,電気機器,10d,10営業日,2,3,3,-0.009762674115779644,-0.043255131964809346,0.3333333333333333,サンプル不足,-0.09858002517537871
v4,return_60d,60日モメンタム,60営業日の騰落率,True,業種,電気機器,10d,10営業日,3,1,1,0.01863354037267073,0.01863354037267073,1.0,サンプル不足,-0.09858002517537871
v4,return_60d,60日モメンタム,60営業日の騰落率,True,業種,電気機器,10d,10営業日,4,6,6,0.049638409337355506,0.060629975452522356,0.8333333333333334,サンプル不足,-0.09858002517537871
v4,return_60d,60日モメンタム,60営業日の騰落率,True,業種,電気機器,10d,10営業日,5,11,11,0.030227633658389774,0.026663001649257945,0.6363636363636364,サンプル不足,-0.09858002517537871
v4,return_60d,60日モメンタム,60営業日の騰落率,True,業種,電気機器,1d,1営業日,1,1,1,0.0069625761531766,0.0069625761531766,1.0,サンプル不足,-0.012478953189409456
v4,return_60d,60日モメンタム,60営業日の騰落率,True,業種,電気機器,1d,1営業日,2,3,3,-0.0020819874147807982,0.0032991202346042137,0.6666666666666666,サンプル不足,-0.012478953189409456
v4,return_60d,60日モメンタム,60営業日の騰落率,True,業種,電気機器,1d,1営業日,3,1,1,-0.039616653726708084,-0.039616653726708084,0.0,サンプル不足,-0.012478953189409456
v4,return_60d,60日モメンタム,60営業日の騰落率,True,業種,電気機器,1d,1営業日,4,6,6,0.020810829585365953,0.0012404262404261956,0.5,サンプル不足,-0.012478953189409456
v4,return_60d,60日モメンタム,60営業日の騰落率,True,業種,電気機器,1d,1営業日,5,11,11,-0.005516377036232856,-0.013406593406593448,0.2727272727272727,サンプル不足,-0.012478953189409456
v4,return_60d,60日モメンタム,60営業日の騰落率,True,業種,電気機器,3d,3営業日,1,1,1,0.0879025239338555,0.0879025239338555,1.0,サンプル不足,-0.041067106487509344
v4,return_60d,60日モメンタム,60営業日の騰落率,True,業種,電気機器,3d,3営業日,2,3,3,0.009155112770870015,0.01796187683284467,0.6666666666666666,サンプル不足,-0.041067106487509344
v4,return_60d,60日モメンタム,60営業日の騰落率,True,業種,電気機器,3d,3営業日,3,1,1,0.16413221402691502,0.16413221402691502,1.0,サンプル不足,-0.041067106487509344
v4,return_60d,60日モメンタム,60営業日の騰落率,True,業種,電気機器,3d,3営業日,4,6,6,0.065370331803492,0.03241758241758241,0.5,サンプル不足,-0.041067106487509344
v4,return_60d,60日モメンタム,60営業日の騰落率,True,業種,電気機器,3d,3営業日,5,11,11,0.04683541744634616,0.04562946673996704,0.7272727272727273,サンプル不足,-0.041067106487509344
v4,return_60d,60日モメンタム,60営業日の騰落率,True,業種,電気機器,5d,5営業日,1,1,1,0.1061792863359443,0.1061792863359443,1.0,サンプル不足,0.003261744180612716
v4,return_60d,60日モメンタム,60営業日の騰落率,True,業種,電気機器,5d,5営業日,2,3,3,0.06135638545635175,0.0792316926770708,1.0,サンプル不足,0.003261744180612716
v4,return_60d,60日モメンタム,60営業日の騰落率,True,業種,電気機器,5d,5営業日,3,1,1,0.18557946752070387,0.18557946752070387,1.0,サンプル不足,0.003261744180612716
v4,return_60d,60日モメンタム,60営業日の騰落率,True,業種,電気機器,5d,5営業日,4,6,6,0.10850683849429409,0.1100266732436308,0.8333333333333334,サンプル不足,0.003261744180612716
v4,return_60d,60日モメンタム,60営業日の騰落率,True,業種,電気機器,5d,5営業日,5,11,11,0.10944103051655701,0.12321746880570417,0.9090909090909091,サンプル不足,0.003261744180612716
v4,return_60d,60日モメンタム,60営業日の騰落率,True,業種,食料品,10d,10営業日,2,1,1,0.051290219815227855,0.051290219815227855,1.0,サンプル不足,0.0
v4,return_60d,60日モメンタム,60営業日の騰落率,True,業種,食料品,1d,1営業日,2,1,1,0.005734310289901234,0.005734310289901234,1.0,サンプル不足,0.0
v4,return_60d,60日モメンタム,60営業日の騰落率,True,業種,食料品,3d,3営業日,2,1,1,-0.014335775724753086,-0.014335775724753086,0.0,サンプル不足,0.0
v4,return_60d,60日モメンタム,60営業日の騰落率,True,業種,食料品,5d,5営業日,2,1,1,-0.005734310289901234,-0.005734310289901234,0.0,サンプル不足,0.0
v4,score,総合スコア,現行の全評価要素を合成した順位スコア,True,全体,全体,10d,10営業日,1,20,20,-0.03680484327412433,-0.04626222151476378,0.3,サンプル不足,0.0022002205170858144
v4,score,総合スコア,現行の全評価要素を合成した順位スコア,True,全体,全体,10d,10営業日,2,20,20,0.06367208891524699,0.021810230869864,0.65,サンプル不足,0.0022002205170858144
v4,score,総合スコア,現行の全評価要素を合成した順位スコア,True,全体,全体,10d,10営業日,3,20,20,0.027912293376190056,-0.012373249194773284,0.45,サンプル不足,0.0022002205170858144
v4,score,総合スコア,現行の全評価要素を合成した順位スコア,True,全体,全体,10d,10営業日,4,20,20,0.030591855309724116,0.008623669049058202,0.55,サンプル不足,0.0022002205170858144
v4,score,総合スコア,現行の全評価要素を合成した順位スコア,True,全体,全体,10d,10営業日,5,20,20,-0.03460462275703852,-0.0269521687357141,0.45,サンプル不足,0.0022002205170858144
v4,score,総合スコア,現行の全評価要素を合成した順位スコア,True,全体,全体,1d,1営業日,1,20,20,-0.015462256832953972,-0.011121038192188293,0.35,サンプル不足,0.002067036086912567
v4,score,総合スコア,現行の全評価要素を合成した順位スコア,True,全体,全体,1d,1営業日,2,20,20,0.008699548473065135,-0.003133813535574681,0.4,サンプル不足,0.002067036086912567
v4,score,総合スコア,現行の全評価要素を合成した順位スコア,True,全体,全体,1d,1営業日,3,20,20,0.009197453183969228,-0.0022377925664017195,0.5,サンプル不足,0.002067036086912567
v4,score,総合スコア,現行の全評価要素を合成した順位スコア,True,全体,全体,1d,1営業日,4,20,20,0.004453087227820484,-0.002604793810295103,0.4,サンプル不足,0.002067036086912567
v4,score,総合スコア,現行の全評価要素を合成した順位スコア,True,全体,全体,1d,1営業日,5,20,20,-0.013395220746041405,-0.02375154317733158,0.3,サンプル不足,0.002067036086912567
v4,score,総合スコア,現行の全評価要素を合成した順位スコア,True,全体,全体,3d,3営業日,1,20,20,0.003502264186088869,0.0037147221814445,0.55,サンプル不足,0.04062724646377018
v4,score,総合スコア,現行の全評価要素を合成した順位スコア,True,全体,全体,3d,3営業日,2,20,20,0.04825256663485734,0.005525644658543549,0.5,サンプル不足,0.04062724646377018
v4,score,総合スコア,現行の全評価要素を合成した順位スコア,True,全体,全体,3d,3営業日,3,20,20,0.049074053857227046,0.016385897178093578,0.8,サンプル不足,0.04062724646377018
v4,score,総合スコア,現行の全評価要素を合成した順位スコア,True,全体,全体,3d,3営業日,4,20,20,0.044571843753601674,0.03529682821504332,0.8,サンプル不足,0.04062724646377018
v4,score,総合スコア,現行の全評価要素を合成した順位スコア,True,全体,全体,3d,3営業日,5,20,20,0.04412951064985905,0.030938025515094503,0.65,サンプル不足,0.04062724646377018
v4,score,総合スコア,現行の全評価要素を合成した順位スコア,True,全体,全体,5d,5営業日,1,20,20,0.011323224329834727,0.008701508564764926,0.55,サンプル不足,0.05086593366130923
v4,score,総合スコア,現行の全評価要素を合成した順位スコア,True,全体,全体,5d,5営業日,2,20,20,0.07050943476357327,0.02443402126328953,0.6,サンプル不足,0.05086593366130923
v4,score,総合スコア,現行の全評価要素を合成した順位スコア,True,全体,全体,5d,5営業日,3,20,20,0.10099285029498958,0.05244200745699899,0.8,サンプル不足,0.05086593366130923
v4,score,総合スコア,現行の全評価要素を合成した順位スコア,True,全体,全体,5d,5営業日,4,20,20,0.07309095423609269,0.08355711007980693,0.85,サンプル不足,0.05086593366130923
v4,score,総合スコア,現行の全評価要素を合成した順位スコア,True,全体,全体,5d,5営業日,5,20,20,0.06218915799114396,0.043416902138527,0.75,サンプル不足,0.05086593366130923
v4,score,総合スコア,現行の全評価要素を合成した順位スコア,True,業種,その他製品,10d,10営業日,2,1,1,0.0982274741506648,0.0982274741506648,1.0,サンプル不足,0.0
v4,score,総合スコア,現行の全評価要素を合成した順位スコア,True,業種,その他製品,1d,1営業日,2,1,1,0.0723781388478581,0.0723781388478581,1.0,サンプル不足,0.0
v4,score,総合スコア,現行の全評価要素を合成した順位スコア,True,業種,その他製品,3d,3営業日,2,1,1,-0.0088626292466764,-0.0088626292466764,0.0,サンプル不足,0.0
v4,score,総合スコア,現行の全評価要素を合成した順位スコア,True,業種,その他製品,5d,5営業日,2,1,1,-0.0745937961595273,-0.0745937961595273,0.0,サンプル不足,0.0
v4,score,総合スコア,現行の全評価要素を合成した順位スコア,True,業種,その他金融業,10d,10営業日,1,1,1,0.00390625,0.00390625,1.0,サンプル不足,-0.07967757486388383
v4,score,総合スコア,現行の全評価要素を合成した順位スコア,True,業種,その他金融業,10d,10営業日,4,1,1,-0.07577132486388383,-0.07577132486388383,0.0,サンプル不足,-0.07967757486388383
v4,score,総合スコア,現行の全評価要素を合成した順位スコア,True,業種,その他金融業,1d,1営業日,1,1,1,0.0,0.0,0.0,サンプル不足,0.00907441016333932
v4,score,総合スコア,現行の全評価要素を合成した順位スコア,True,業種,その他金融業,1d,1営業日,4,1,1,0.00907441016333932,0.00907441016333932,1.0,サンプル不足,0.00907441016333932
v4,score,総合スコア,現行の全評価要素を合成した順位スコア,True,業種,その他金融業,3d,3営業日,1,1,1,0.00390625,0.00390625,1.0,サンプル不足,0.020821517695099878
v4,score,総合スコア,現行の全評価要素を合成した順位スコア,True,業種,その他金融業,3d,3営業日,4,1,1,0.024727767695099878,0.024727767695099878,1.0,サンプル不足,0.020821517695099878
v4,score,総合スコア,現行の全評価要素を合成した順位スコア,True,業種,その他金融業,5d,5営業日,1,1,1,0.0,0.0,0.0,サンプル不足,-0.022232304900181465
v4,score,総合スコア,現行の全評価要素を合成した順位スコア,True,業種,その他金融業,5d,5営業日,4,1,1,-0.022232304900181465,-0.022232304900181465,0.0,サンプル不足,-0.022232304900181465
v4,score,総合スコア,現行の全評価要素を合成した順位スコア,True,業種,ガラス・土石製品,10d,10営業日,4,1,1,0.12147701582516945,0.12147701582516945,1.0,サンプル不足,-0.07750538461949576
v4,score,総合スコア,現行の全評価要素を合成した順位スコア,True,業種,ガラス・土石製品,10d,10営業日,5,1,1,0.0439716312056737,0.0439716312056737,1.0,サンプル不足,-0.07750538461949576
v4,score,総合スコア,現行の全評価要素を合成した順位スコア,True,業種,ガラス・土石製品,1d,1営業日,4,1,1,0.016880180859080607,0.016880180859080607,1.0,サンプル不足,-0.06227025178106631
v4,score,総合スコア,現行の全評価要素を合成した順位スコア,True,業種,ガラス・土石製品,1d,1営業日,5,1,1,-0.0453900709219857,-0.0453900709219857,0.0,サンプル不足,-0.06227025178106631
v4,score,総合スコア,現行の全評価要素を合成した順位スコア,True,業種,ガラス・土石製品,3d,3営業日,4,1,1,0.10143180105501126,0.10143180105501126,1.0,サンプル不足,0.21062493653364123
v4,score,総合スコア,現行の全評価要素を合成した順位スコア,True,業種,ガラス・土石製品,3d,3営業日,5,1,1,0.3120567375886525,0.3120567375886525,1.0,サンプル不足,0.21062493653364123
v4,score,総合スコア,現行の全評価要素を合成した順位スコア,True,業種,ガラス・土石製品,5d,5営業日,4,1,1,0.15975885455915595,0.15975885455915595,1.0,サンプル不足,0.07712057806495745
v4,score,総合スコア,現行の全評価要素を合成した順位スコア,True,業種,ガラス・土石製品,5d,5営業日,5,1,1,0.2368794326241134,0.2368794326241134,1.0,サンプル不足,0.07712057806495745
v4,score,総合スコア,現行の全評価要素を合成した順位スコア,True,業種,ゴム製品,10d,10営業日,2,1,1,-0.07069154774972553,-0.07069154774972553,0.0,サンプル不足,0.017150069230824738
v4,score,総合スコア,現行の全評価要素を合成した順位スコア,True,業種,ゴム製品,10d,10営業日,3,1,1,-0.05354147851890079,-0.05354147851890079,0.0,サンプル不足,0.017150069230824738
v4,score,総合スコア,現行の全評価要素を合成した順位スコア,True,業種,ゴム製品,1d,1営業日,2,1,1,-0.0231812997392975,-0.0231812997392975,0.0,サンプル不足,0.02495639831528762
v4,score,総合スコア,現行の全評価要素を合成した順位スコア,True,業種,ゴム製品,1d,1営業日,3,1,1,0.0017750985759901194,0.0017750985759901194,1.0,サンプル不足,0.02495639831528762
v4,score,総合スコア,現行の全評価要素を合成した順位スコア,True,業種,ゴム製品,3d,3営業日,2,1,1,-0.02662606767974751,-0.02662606767974751,0.0,サンプル不足,0.03825259167665107
v4,score,総合スコア,現行の全評価要素を合成した順位スコア,True,業種,ゴム製品,3d,3営業日,3,1,1,0.01162652399690356,0.01162652399690356,1.0,サンプル不足,0.03825259167665107
v4,score,総合スコア,現行の全評価要素を合成した順位スコア,True,業種,ゴム製品,5d,5営業日,2,1,1,-0.03136266379665198,-0.03136266379665198,0.0,サンプル不足,0.020855451017655735
v4,score,総合スコア,現行の全評価要素を合成した順位スコア,True,業種,ゴム製品,5d,5営業日,3,1,1,-0.010507212778996244,-0.010507212778996244,0.0,サンプル不足,0.020855451017655735
v4,score,総合スコア,現行の全評価要素を合成した順位スコア,True,業種,サービス業,10d,10営業日,1,1,1,-0.3382352941176471,-0.3382352941176471,0.0,サンプル不足,0.3928911645629912
v4,score,総合スコア,現行の全評価要素を合成した順位スコア,True,業種,サービス業,10d,10営業日,2,2,2,0.07917585783121805,0.07917585783121805,1.0,サンプル不足,0.3928911645629912
v4,score,総合スコア,現行の全評価要素を合成した順位スコア,True,業種,サービス業,10d,10営業日,3,2,2,0.05411793029112465,0.05411793029112465,0.5,サンプル不足,0.3928911645629912
v4,score,総合スコア,現行の全評価要素を合成した順位スコア,True,業種,サービス業,10d,10営業日,4,1,1,0.054655870445344146,0.054655870445344146,1.0,サンプル不足,0.3928911645629912
v4,score,総合スコア,現行の全評価要素を合成した順位スコア,True,業種,サービス業,1d,1営業日,1,1,1,-0.21323529411764708,-0.21323529411764708,0.0,サンプル不足,0.18327577994760658
v4,score,総合スコア,現行の全評価要素を合成した順位スコア,True,業種,サービス業,1d,1営業日,2,2,2,0.025300396003567094,0.025300396003567094,0.5,サンプル不足,0.18327577994760658
v4,score,総合スコア,現行の全評価要素を合成した順位スコア,True,業種,サービス業,1d,1営業日,3,2,2,0.011159243953093187,0.011159243953093187,0.5,サンプル不足,0.18327577994760658
v4,score,総合スコア,現行の全評価要素を合成した順位スコア,True,業種,サービス業,1d,1営業日,4,1,1,-0.029959514170040502,-0.029959514170040502,0.0,サンプル不足,0.18327577994760658
v4,score,総合スコア,現行の全評価要素を合成した順位スコア,True,業種,サービス業,3d,3営業日,1,1,1,-0.25735294117647056,-0.25735294117647056,0.0,サンプル不足,0.24561205048821144
v4,score,総合スコア,現行の全評価要素を合成した順位スコア,True,業種,サービス業,3d,3営業日,2,2,2,0.03753928804083062,0.03753928804083062,1.0,サンプル不足,0.24561205048821144
v4,score,総合スコア,現行の全評価要素を合成した順位スコア,True,業種,サービス業,3d,3営業日,3,2,2,0.022979894091098435,0.022979894091098435,0.5,サンプル不足,0.24561205048821144
v4,score,総合スコア,現行の全評価要素を合成した順位スコア,True,業種,サービス業,3d,3営業日,4,1,1,-0.01174089068825912,-0.01174089068825912,0.0,サンプル不足,0.24561205048821144
v4,score,総合スコア,現行の全評価要素を合成した順位スコア,True,業種,サービス業,5d,5営業日,1,1,1,-0.2941176470588235,-0.2941176470588235,0.0,サンプル不足,0.35970469159323637
v4,score,総合スコア,現行の全評価要素を合成した順位スコア,True,業種,サービス業,5d,5営業日,2,2,2,0.07578231345448161,0.07578231345448161,1.0,サンプル不足,0.35970469159323637
v4,score,総合スコア,現行の全評価要素を合成した順位スコア,True,業種,サービス業,5d,5営業日,3,2,2,0.18023368486457705,0.18023368486457705,0.5,サンプル不足,0.35970469159323637
v4,score,総合スコア,現行の全評価要素を合成した順位スコア,True,業種,サービス業,5d,5営業日,4,1,1,0.06558704453441289,0.06558704453441289,1.0,サンプル不足,0.35970469159323637
v4,score,総合スコア,現行の全評価要素を合成した順位スコア,True,業種,不動産業,10d,10営業日,4,2,2,0.14027836158983698,0.14027836158983698,1.0,サンプル不足,0.0
v4,score,総合スコア,現行の全評価要素を合成した順位スコア,True,業種,不動産業,1d,1営業日,4,2,2,0.07237712702193577,0.07237712702193577,1.0,サンプル不足,0.0
v4,score,総合スコア,現行の全評価要素を合成した順位スコア,True,業種,不動産業,3d,3営業日,4,2,2,0.1341055220836641,0.1341055220836641,1.0,サンプル不足,0.0
v4,score,総合スコア,現行の全評価要素を合成した順位スコア,True,業種,不動産業,5d,5営業日,4,2,2,0.12112932604735882,0.12112932604735882,1.0,サンプル不足,0.0
v4,score,総合スコア,現行の全評価要素を合成した順位スコア,True,業種,保険業,10d,10営業日,4,1,1,-0.02083333333333337,-0.02083333333333337,0.0,サンプル不足,0.0
v4,score,総合スコア,現行の全評価要素を合成した順位スコア,True,業種,保険業,1d,1営業日,4,1,1,0.007601351351351315,0.007601351351351315,1.0,サンプル不足,0.0
v4,score,総合スコア,現行の全評価要素を合成した順位スコア,True,業種,保険業,3d,3営業日,4,1,1,0.025056306306306286,0.025056306306306286,1.0,サンプル不足,0.0
v4,score,総合スコア,現行の全評価要素を合成した順位スコア,True,業種,保険業,5d,5営業日,4,1,1,0.032939189189189255,0.032939189189189255,1.0,サンプル不足,0.0
v4,score,総合スコア,現行の全評価要素を合成した順位スコア,True,業種,化学,10d,10営業日,1,3,3,-0.06498916133878434,-0.0530259365994236,0.0,サンプル不足,-0.0077131706228069224
v4,score,総合スコア,現行の全評価要素を合成した順位スコア,True,業種,化学,10d,10営業日,2,6,6,-0.0002375310326328169,0.011423540578031743,0.6666666666666666,サンプル不足,-0.0077131706228069224
v4,score,総合スコア,現行の全評価要素を合成した順位スコア,True,業種,化学,10d,10営業日,3,2,2,-0.0012278111684609697,-0.0012278111684609697,0.5,サンプル不足,-0.0077131706228069224
v4,score,総合スコア,現行の全評価要素を合成した順位スコア,True,業種,化学,10d,10営業日,4,1,1,-0.02881217722207119,-0.02881217722207119,0.0,サンプル不足,-0.0077131706228069224
v4,score,総合スコア,現行の全評価要素を合成した順位スコア,True,業種,化学,10d,10営業日,5,1,1,-0.07270233196159126,-0.07270233196159126,0.0,サンプル不足,-0.0077131706228069224
v4,score,総合スコア,現行の全評価要素を合成した順位スコア,True,業種,化学,1d,1営業日,1,3,3,0.026965194663706792,0.024207492795389,0.6666666666666666,サンプル不足,-0.058515263250812424
v4,score,総合スコア,現行の全評価要素を合成した順位スコア,True,業種,化学,1d,1営業日,2,6,6,-0.011118841702380533,-0.015994751158246556,0.16666666666666666,サンプル不足,-0.058515263250812424
v4,score,総合スコア,現行の全評価要素を合成した順位スコア,True,業種,化学,1d,1営業日,3,2,2,-0.007254106901907461,-0.007254106901907461,0.5,サンプル不足,-0.058515263250812424
v4,score,総合スコア,現行の全評価要素を合成した順位スコア,True,業種,化学,1d,1営業日,4,1,1,-0.0057080728458820396,-0.0057080728458820396,0.0,サンプル不足,-0.058515263250812424
v4,score,総合スコア,現行の全評価要素を合成した順位スコア,True,業種,化学,1d,1営業日,5,1,1,-0.03155006858710563,-0.03155006858710563,0.0,サンプル不足,-0.058515263250812424
v4,score,総合スコア,現行の全評価要素を合成した順位スコア,True,業種,化学,3d,3営業日,1,3,3,0.08406096467346676,0.07188940092165907,1.0,サンプル不足,-0.07308702777360383
v4,score,総合スコア,現行の全評価要素を合成した順位スコア,True,業種,化学,3d,3営業日,2,6,6,0.0193801081185976,0.003344778127575221,0.5,サンプル不足,-0.07308702777360383
v4,score,総合スコア,現行の全評価要素を合成した順位スコア,True,業種,化学,3d,3営業日,3,2,2,0.06660110227284821,0.06660110227284821,1.0,サンプル不足,-0.07308702777360383
v4,score,総合スコア,現行の全評価要素を合成した順位スコア,True,業種,化学,3d,3営業日,4,1,1,0.0013590649633052898,0.0013590649633052898,1.0,サンプル不足,-0.07308702777360383
v4,score,総合スコア,現行の全評価要素を合成した順位スコア,True,業種,化学,3d,3営業日,5,1,1,0.010973936899862924,0.010973936899862924,1.0,サンプル不足,-0.07308702777360383
v4,score,総合スコア,現行の全評価要素を合成した順位スコア,True,業種,化学,5d,5営業日,1,3,3,0.09390861181959263,0.1181556195965418,1.0,サンプル不足,-0.04726937999517554
v4,score,総合スコア,現行の全評価要素を合成した順位スコア,True,業種,化学,5d,5営業日,2,6,6,0.021074460298850777,0.0024290006784917773,0.5,サンプル不足,-0.04726937999517554
v4,score,総合スコア,現行の全評価要素を合成した順位スコア,True,業種,化学,5d,5営業日,3,2,2,0.05244200745699899,0.05244200745699899,1.0,サンプル不足,-0.04726937999517554
v4,score,総合スコア,現行の全評価要素を合成した順位スコア,True,業種,化学,5d,5営業日,4,1,1,0.05055721663495505,0.05055721663495505,1.0,サンプル不足,-0.04726937999517554
v4,score,総合スコア,現行の全評価要素を合成した順位スコア,True,業種,化学,5d,5営業日,5,1,1,0.04663923182441709,0.04663923182441709,1.0,サンプル不足,-0.04726937999517554
v4,score,総合スコア,現行の全評価要素を合成した順位スコア,True,業種,卸売業,10d,10営業日,4,1,1,-0.0768126346015792,-0.0768126346015792,0.0,サンプル不足,0.0
v4,score,総合スコア,現行の全評価要素を合成した順位スコア,True,業種,卸売業,1d,1営業日,4,1,1,-0.1184493898061737,-0.1184493898061737,0.0,サンプル不足,0.0
v4,score,総合スコア,現行の全評価要素を合成した順位スコア,True,業種,卸売業,3d,3営業日,4,1,1,-0.0760947595118449,-0.0760947595118449,0.0,サンプル不足,0.0
v4,score,総合スコア,現行の全評価要素を合成した順位スコア,True,業種,卸売業,5d,5営業日,4,1,1,-0.0753768844221105,-0.0753768844221105,0.0,サンプル不足,0.0
v4,score,総合スコア,現行の全評価要素を合成した順位スコア,True,業種,小売業,10d,10営業日,1,1,1,-0.0428655314151497,-0.0428655314151497,0.0,サンプル不足,-0.0065738673882192525
v4,score,総合スコア,現行の全評価要素を合成した順位スコア,True,業種,小売業,10d,10営業日,3,2,2,-0.04943939880336895,-0.04943939880336895,0.0,サンプル不足,-0.0065738673882192525
v4,score,総合スコア,現行の全評価要素を合成した順位スコア,True,業種,小売業,1d,1営業日,1,1,1,0.0041103934233706,0.0041103934233706,1.0,サンプル不足,-0.0347030284570407
v4,score,総合スコア,現行の全評価要素を合成した順位スコア,True,業種,小売業,1d,1営業日,3,2,2,-0.0305926350336701,-0.0305926350336701,0.0,サンプル不足,-0.0347030284570407
v4,score,総合スコア,現行の全評価要素を合成した順位スコア,True,業種,小売業,3d,3営業日,1,1,1,0.003523194362889,0.003523194362889,1.0,サンプル不足,-0.03989497326773261
v4,score,総合スコア,現行の全評価要素を合成した順位スコア,True,業種,小売業,3d,3営業日,3,2,2,-0.03637177890484361,-0.03637177890484361,0.0,サンプル不足,-0.03989497326773261
v4,score,総合スコア,現行の全評価要素を合成した順位スコア,True,業種,小売業,5d,5営業日,1,1,1,-0.0217263652378155,-0.0217263652378155,0.0,サンプル不足,-0.02643389062297037
v4,score,総合スコア,現行の全評価要素を合成した順位スコア,True,業種,小売業,5d,5営業日,3,2,2,-0.04816025586078587,-0.04816025586078587,0.0,サンプル不足,-0.02643389062297037
v4,score,総合スコア,現行の全評価要素を合成した順位スコア,True,業種,建設業,10d,10営業日,1,1,1,-0.042903752039151755,-0.042903752039151755,0.0,サンプル不足,0.18736904284590605
v4,score,総合スコア,現行の全評価要素を合成した順位スコア,True,業種,建設業,10d,10営業日,3,1,1,0.1444652908067543,0.1444652908067543,1.0,サンプル不足,0.18736904284590605
v4,score,総合スコア,現行の全評価要素を合成した順位スコア,True,業種,建設業,1d,1営業日,1,1,1,-0.037683523654159834,-0.037683523654159834,0.0,サンプル不足,0.009540934535960943
v4,score,総合スコア,現行の全評価要素を合成した順位スコア,True,業種,建設業,1d,1営業日,3,1,1,-0.02814258911819889,-0.02814258911819889,0.0,サンプル不足,0.009540934535960943
v4,score,総合スコア,現行の全評価要素を合成した順位スコア,True,業種,建設業,3d,3営業日,1,1,1,-0.021044045676998357,-0.021044045676998357,0.0,サンプル不足,0.12836111884773016
v4,score,総合スコア,現行の全評価要素を合成した順位スコア,True,業種,建設業,3d,3営業日,3,1,1,0.1073170731707318,0.1073170731707318,1.0,サンプル不足,0.12836111884773016
v4,score,総合スコア,現行の全評価要素を合成した順位スコア,True,業種,建設業,5d,5営業日,1,1,1,-0.02610114192495927,-0.02610114192495927,0.0,サンプル不足,0.19870902184991235
v4,score,総合スコア,現行の全評価要素を合成した順位スコア,True,業種,建設業,5d,5営業日,3,1,1,0.17260787992495308,0.17260787992495308,1.0,サンプル不足,0.19870902184991235
v4,score,総合スコア,現行の全評価要素を合成した順位スコア,True,業種,情報・通信業,10d,10営業日,3,1,1,-0.1743941728533408,-0.1743941728533408,0.0,サンプル不足,-0.0756058271466592
v4,score,総合スコア,現行の全評価要素を合成した順位スコア,True,業種,情報・通信業,10d,10営業日,4,1,1,-0.1666666666666666,-0.1666666666666666,0.0,サンプル不足,-0.0756058271466592
v4,score,総合スコア,現行の全評価要素を合成した順位スコア,True,業種,情報・通信業,10d,10営業日,5,1,1,-0.25,-0.25,0.0,サンプル不足,-0.0756058271466592
v4,score,総合スコア,現行の全評価要素を合成した順位スコア,True,業種,情報・通信業,1d,1営業日,3,1,1,-0.005182798711304115,-0.005182798711304115,0.0,サンプル不足,-0.08505388767922839
v4,score,総合スコア,現行の全評価要素を合成した順位スコア,True,業種,情報・通信業,1d,1営業日,4,1,1,0.1666666666666667,0.1666666666666667,1.0,サンプル不足,-0.08505388767922839
v4,score,総合スコア,現行の全評価要素を合成した順位スコア,True,業種,情報・通信業,1d,1営業日,5,1,1,-0.0902366863905325,-0.0902366863905325,0.0,サンプル不足,-0.08505388767922839
v4,score,総合スコア,現行の全評価要素を合成した順位スコア,True,業種,情報・通信業,3d,3営業日,3,1,1,0.007003782042302786,0.007003782042302786,1.0,サンプル不足,-0.1694298175452613
v4,score,総合スコア,現行の全評価要素を合成した順位スコア,True,業種,情報・通信業,3d,3営業日,4,1,1,-0.0666666666666666,-0.0666666666666666,0.0,サンプル不足,-0.1694298175452613
v4,score,総合スコア,現行の全評価要素を合成した順位スコア,True,業種,情報・通信業,3d,3営業日,5,1,1,-0.1624260355029585,-0.1624260355029585,0.0,サンプル不足,-0.1694298175452613
v4,score,総合スコア,現行の全評価要素を合成した順位スコア,True,業種,情報・通信業,5d,5営業日,3,1,1,0.014707942288835874,0.014707942288835874,1.0,サンプル不足,-0.17151267601664646
v4,score,総合スコア,現行の全評価要素を合成した順位スコア,True,業種,情報・通信業,5d,5営業日,4,1,1,-0.1966666666666666,-0.1966666666666666,0.0,サンプル不足,-0.17151267601664646
v4,score,総合スコア,現行の全評価要素を合成した順位スコア,True,業種,情報・通信業,5d,5営業日,5,1,1,-0.1568047337278106,-0.1568047337278106,0.0,サンプル不足,-0.17151267601664646
v4,score,総合スコア,現行の全評価要素を合成した順位スコア,True,業種,機械,10d,10営業日,1,6,6,0.0009147682044351411,-0.02426276314414416,0.5,サンプル不足,-0.061447121984296596
v4,score,総合スコア,現行の全評価要素を合成した順位スコア,True,業種,機械,10d,10営業日,2,2,2,0.44456163773920787,0.44456163773920787,1.0,サンプル不足,-0.061447121984296596
v4,score,総合スコア,現行の全評価要素を合成した順位スコア,True,業種,機械,10d,10営業日,3,3,3,-0.037639419463156375,-0.03404563563926111,0.0,サンプル不足,-0.061447121984296596
v4,score,総合スコア,現行の全評価要素を合成した順位スコア,True,業種,機械,10d,10営業日,4,5,5,0.03128926029443659,0.002219755826859071,0.6,サンプル不足,-0.061447121984296596
v4,score,総合スコア,現行の全評価要素を合成した順位スコア,True,業種,機械,10d,10営業日,5,5,5,-0.06053235377986146,-0.06686217008797657,0.4,サンプル不足,-0.061447121984296596
v4,score,総合スコア,現行の全評価要素を合成した順位スコア,True,業種,機械,1d,1営業日,1,6,6,-0.014222554169406562,-0.017312275038996836,0.3333333333333333,サンプル不足,0.0029310639082108254
v4,score,総合スコア,現行の全評価要素を合成した順位スコア,True,業種,機械,1d,1営業日,2,2,2,0.08907392147863814,0.08907392147863814,0.5,サンプル不足,0.0029310639082108254
v4,score,総合スコア,現行の全評価要素を合成した順位スコア,True,業種,機械,1d,1営業日,3,3,3,0.009987906537343383,0.010484213791371655,0.6666666666666666,サンプル不足,0.0029310639082108254
v4,score,総合スコア,現行の全評価要素を合成した順位スコア,True,業種,機械,1d,1営業日,4,5,5,0.0004164890796749088,-0.0007923158194310664,0.4,サンプル不足,0.0029310639082108254
v4,score,総合スコア,現行の全評価要素を合成した順位スコア,True,業種,機械,1d,1営業日,5,5,5,-0.011291490261195736,-0.03497135712258792,0.4,サンプル不足,0.0029310639082108254
v4,score,総合スコア,現行の全評価要素を合成した順位スコア,True,業種,機械,3d,3営業日,1,6,6,0.019788156374069544,0.009020268270228726,0.6666666666666666,サンプル不足,-0.0015207981051786439
v4,score,総合スコア,現行の全評価要素を合成した順位スコア,True,業種,機械,3d,3営業日,2,2,2,0.37348812739903214,0.37348812739903214,1.0,サンプル不足,-0.0015207981051786439
v4,score,総合スコア,現行の全評価要素を合成した順位スコア,True,業種,機械,3d,3営業日,3,3,3,0.009002556687659554,0.008604444037728198,1.0,サンプル不足,-0.0015207981051786439
v4,score,総合スコア,現行の全評価要素を合成した順位スコア,True,業種,機械,3d,3営業日,4,5,5,0.06771701033832978,0.07328248408284987,1.0,サンプル不足,-0.0015207981051786439
v4,score,総合スコア,現行の全評価要素を合成した順位スコア,True,業種,機械,3d,3営業日,5,5,5,0.0182673582688909,-0.0006578947368420796,0.4,サンプル不足,-0.0015207981051786439
v4,score,総合スコア,現行の全評価要素を合成した順位スコア,True,業種,機械,5d,5営業日,1,6,6,0.06116742898898799,0.03744116389316898,1.0,サンプル不足,-0.01057315556185729
v4,score,総合スコア,現行の全評価要素を合成した順位スコア,True,業種,機械,5d,5営業日,2,2,2,0.41381163165470625,0.41381163165470625,1.0,サンプル不足,-0.01057315556185729
v4,score,総合スコア,現行の全評価要素を合成した順位スコア,True,業種,機械,5d,5営業日,3,3,3,0.017800776685008495,0.015317745930945259,1.0,サンプル不足,-0.01057315556185729
v4,score,総合スコア,現行の全評価要素を合成した順位スコア,True,業種,機械,5d,5営業日,4,5,5,0.10930766322736093,0.0896358543417366,1.0,サンプル不足,-0.01057315556185729
v4,score,総合スコア,現行の全評価要素を合成した順位スコア,True,業種,機械,5d,5営業日,5,5,5,0.0505942734271307,0.03788856304985333,0.8,サンプル不足,-0.01057315556185729
v4,score,総合スコア,現行の全評価要素を合成した順位スコア,True,業種,海運業,10d,10営業日,1,1,1,-0.07318923018581724,-0.07318923018581724,0.0,サンプル不足,0.0
v4,score,総合スコア,現行の全評価要素を合成した順位スコア,True,業種,海運業,1d,1営業日,1,1,1,-0.015927189988623414,-0.015927189988623414,0.0,サンプル不足,0.0
v4,score,総合スコア,現行の全評価要素を合成した順位スコア,True,業種,海運業,3d,3営業日,1,1,1,-0.04702313234736444,-0.04702313234736444,0.0,サンプル不足,0.0
v4,score,総合スコア,現行の全評価要素を合成した順位スコア,True,業種,海運業,5d,5営業日,1,1,1,-0.04323094425483509,-0.04323094425483509,0.0,サンプル不足,0.0
v4,score,総合スコア,現行の全評価要素を合成した順位スコア,True,業種,空運業,10d,10営業日,2,2,2,0.005610334949848417,0.005610334949848417,0.5,サンプル不足,0.0
v4,score,総合スコア,現行の全評価要素を合成した順位スコア,True,業種,空運業,1d,1営業日,2,2,2,0.008669260778221721,0.008669260778221721,1.0,サンプル不足,0.0
v4,score,総合スコア,現行の全評価要素を合成した順位スコア,True,業種,空運業,3d,3営業日,2,2,2,-0.0067527108446139295,-0.0067527108446139295,0.0,サンプル不足,0.0
v4,score,総合スコア,現行の全評価要素を合成した順位スコア,True,業種,空運業,5d,5営業日,2,2,2,-0.01811971134527668,-0.01811971134527668,0.0,サンプル不足,0.0
v4,score,総合スコア,現行の全評価要素を合成した順位スコア,True,業種,繊維製品,10d,10営業日,1,1,1,-0.04926931106471821,-0.04926931106471821,0.0,サンプル不足,0.0
v4,score,総合スコア,現行の全評価要素を合成した順位スコア,True,業種,繊維製品,1d,1営業日,1,1,1,-0.017118997912317302,-0.017118997912317302,0.0,サンプル不足,0.0
v4,score,総合スコア,現行の全評価要素を合成した順位スコア,True,業種,繊維製品,3d,3営業日,1,1,1,-0.0041753653444676075,-0.0041753653444676075,0.0,サンプル不足,0.0
v4,score,総合スコア,現行の全評価要素を合成した順位スコア,True,業種,繊維製品,5d,5営業日,1,1,1,-0.02171189979123178,-0.02171189979123178,0.0,サンプル不足,0.0
v4,score,総合スコア,現行の全評価要素を合成した順位スコア,True,業種,証券、商品先物取引業,10d,10営業日,2,1,1,-0.004075235109717856,-0.004075235109717856,0.0,サンプル不足,0.004782448688218532
v4,score,総合スコア,現行の全評価要素を合成した順位スコア,True,業種,証券、商品先物取引業,10d,10営業日,3,1,1,0.0007072135785006761,0.0007072135785006761,1.0,サンプル不足,0.004782448688218532
v4,score,総合スコア,現行の全評価要素を合成した順位スコア,True,業種,証券、商品先物取引業,1d,1営業日,2,1,1,0.004702194357366851,0.004702194357366851,1.0,サンプル不足,-0.003994980778866175
v4,score,総合スコア,現行の全評価要素を合成した順位スコア,True,業種,証券、商品先物取引業,1d,1営業日,3,1,1,0.0007072135785006761,0.0007072135785006761,1.0,サンプル不足,-0.003994980778866175
v4,score,総合スコア,現行の全評価要素を合成した順位スコア,True,業種,証券、商品先物取引業,3d,3営業日,2,1,1,0.021943573667711602,0.021943573667711602,1.0,サンプル不足,-0.0070920885191967376
v4,score,総合スコア,現行の全評価要素を合成した順位スコア,True,業種,証券、商品先物取引業,3d,3営業日,3,1,1,0.014851485148514865,0.014851485148514865,1.0,サンプル不足,-0.0070920885191967376
v4,score,総合スコア,現行の全評価要素を合成した順位スコア,True,業種,証券、商品先物取引業,5d,5営業日,2,1,1,0.019435736677116067,0.019435736677116067,1.0,サンプル不足,-0.003523431160850077
v4,score,総合スコア,現行の全評価要素を合成した順位スコア,True,業種,証券、商品先物取引業,5d,5営業日,3,1,1,0.01591230551626599,0.01591230551626599,1.0,サンプル不足,-0.003523431160850077
v4,score,総合スコア,現行の全評価要素を合成した順位スコア,True,業種,輸送用機器,10d,10営業日,1,2,2,-0.03315062772427113,-0.03315062772427113,0.5,サンプル不足,-0.03187400281760078
v4,score,総合スコア,現行の全評価要素を合成した順位スコア,True,業種,輸送用機器,10d,10営業日,3,1,1,-0.06502463054187191,-0.06502463054187191,0.0,サンプル不足,-0.03187400281760078
v4,score,総合スコア,現行の全評価要素を合成した順位スコア,True,業種,輸送用機器,1d,1営業日,1,2,2,-0.014126768691798852,-0.014126768691798852,0.0,サンプル不足,-0.0026219997811075535
v4,score,総合スコア,現行の全評価要素を合成した順位スコア,True,業種,輸送用機器,1d,1営業日,3,1,1,-0.016748768472906406,-0.016748768472906406,0.0,サンプル不足,-0.0026219997811075535
v4,score,総合スコア,現行の全評価要素を合成した順位スコア,True,業種,輸送用機器,3d,3営業日,1,2,2,-0.03601939579545094,-0.03601939579545094,0.0,サンプル不足,0.0458716125442194
v4,score,総合スコア,現行の全評価要素を合成した順位スコア,True,業種,輸送用機器,3d,3営業日,3,1,1,0.009852216748768461,0.009852216748768461,1.0,サンプル不足,0.0458716125442194
v4,score,総合スコア,現行の全評価要素を合成した順位スコア,True,業種,輸送用機器,5d,5営業日,1,2,2,-0.04993293544111804,-0.04993293544111804,0.0,サンプル不足,0.14549943790417214
v4,score,総合スコア,現行の全評価要素を合成した順位スコア,True,業種,輸送用機器,5d,5営業日,3,1,1,0.09556650246305409,0.09556650246305409,1.0,サンプル不足,0.14549943790417214
v4,score,総合スコア,現行の全評価要素を合成した順位スコア,True,業種,金属製品,10d,10営業日,3,2,2,0.3031195777906304,0.3031195777906304,1.0,サンプル不足,-0.4113658031100265
v4,score,総合スコア,現行の全評価要素を合成した順位スコア,True,業種,金属製品,10d,10営業日,5,1,1,-0.1082462253193961,-0.1082462253193961,0.0,サンプル不足,-0.4113658031100265
v4,score,総合スコア,現行の全評価要素を合成した順位スコア,True,業種,金属製品,1d,1営業日,3,2,2,0.052398781659678095,0.052398781659678095,0.5,サンプル不足,-0.0897698209671694
v4,score,総合スコア,現行の全評価要素を合成した順位スコア,True,業種,金属製品,1d,1営業日,5,1,1,-0.037371039307491305,-0.037371039307491305,0.0,サンプル不足,-0.0897698209671694
v4,score,総合スコア,現行の全評価要素を合成した順位スコア,True,業種,金属製品,3d,3営業日,3,2,2,0.20450387913895315,0.20450387913895315,1.0,サンプル不足,-0.203647884111369
v4,score,総合スコア,現行の全評価要素を合成した順位スコア,True,業種,金属製品,3d,3営業日,5,1,1,0.0008559950275841555,0.0008559950275841555,1.0,サンプル不足,-0.203647884111369
v4,score,総合スコア,現行の全評価要素を合成した順位スコア,True,業種,金属製品,5d,5営業日,3,2,2,0.39533094115999134,0.39533094115999134,1.0,サンプル不足,-0.41741123478658837
v4,score,総合スコア,現行の全評価要素を合成した順位スコア,True,業種,金属製品,5d,5営業日,5,1,1,-0.022080293626597025,-0.022080293626597025,0.0,サンプル不足,-0.41741123478658837
v4,score,総合スコア,現行の全評価要素を合成した順位スコア,True,業種,鉄鋼,10d,10営業日,4,1,1,0.14146341463414625,0.14146341463414625,1.0,サンプル不足,0.0
v4,score,総合スコア,現行の全評価要素を合成した順位スコア,True,業種,鉄鋼,1d,1営業日,4,1,1,-0.0060975609756097615,-0.0060975609756097615,0.0,サンプル不足,0.0
v4,score,総合スコア,現行の全評価要素を合成した順位スコア,True,業種,鉄鋼,3d,3営業日,4,1,1,0.02987804878048772,0.02987804878048772,1.0,サンプル不足,0.0
v4,score,総合スコア,現行の全評価要素を合成した順位スコア,True,業種,鉄鋼,5d,5営業日,4,1,1,0.18130081300813017,0.18130081300813017,1.0,サンプル不足,0.0
v4,score,総合スコア,現行の全評価要素を合成した順位スコア,True,業種,銀行業,10d,10営業日,1,1,1,-0.023312393290677358,-0.023312393290677358,0.0,サンプル不足,-0.0035322147780448843
v4,score,総合スコア,現行の全評価要素を合成した順位スコア,True,業種,銀行業,10d,10営業日,2,1,1,-0.03752345215759845,-0.03752345215759845,0.0,サンプル不足,-0.0035322147780448843
v4,score,総合スコア,現行の全評価要素を合成した順位スコア,True,業種,銀行業,10d,10営業日,4,2,2,-0.013827579647436639,-0.013827579647436639,0.0,サンプル不足,-0.0035322147780448843
v4,score,総合スコア,現行の全評価要素を合成した順位スコア,True,業種,銀行業,10d,10営業日,5,1,1,-0.026844608068722242,-0.026844608068722242,0.0,サンプル不足,-0.0035322147780448843
v4,score,総合スコア,現行の全評価要素を合成した順位スコア,True,業種,銀行業,1d,1営業日,1,1,1,-0.006958942388566536,-0.006958942388566536,0.0,サンプル不足,-0.00991481125463023
v4,score,総合スコア,現行の全評価要素を合成した順位スコア,True,業種,銀行業,1d,1営業日,2,1,1,-0.008755472170106304,-0.008755472170106304,0.0,サンプル不足,-0.00991481125463023
v4,score,総合スコア,現行の全評価要素を合成した順位スコア,True,業種,銀行業,1d,1営業日,4,2,2,-0.0044689261855951345,-0.0044689261855951345,0.0,サンプル不足,-0.00991481125463023
v4,score,総合スコア,現行の全評価要素を合成した順位スコア,True,業種,銀行業,1d,1営業日,5,1,1,-0.016873753643196765,-0.016873753643196765,0.0,サンプル不足,-0.00991481125463023
v4,score,総合スコア,現行の全評価要素を合成した順位スコア,True,業種,銀行業,3d,3営業日,1,1,1,-0.012526117536426518,-0.012526117536426518,0.0,サンプル不足,0.04458624945850043
v4,score,総合スコア,現行の全評価要素を合成した順位スコア,True,業種,銀行業,3d,3営業日,2,1,1,0.03064415259537201,0.03064415259537201,1.0,サンプル不足,0.04458624945850043
v4,score,総合スコア,現行の全評価要素を合成した順位スコア,True,業種,銀行業,3d,3営業日,4,2,2,0.04961482936053663,0.04961482936053663,1.0,サンプル不足,0.04458624945850043
v4,score,総合スコア,現行の全評価要素を合成した順位スコア,True,業種,銀行業,3d,3営業日,5,1,1,0.03206013192207391,0.03206013192207391,1.0,サンプル不足,0.04458624945850043
v4,score,総合スコア,現行の全評価要素を合成した順位スコア,True,業種,銀行業,5d,5営業日,1,1,1,-0.03305497634569088,-0.03305497634569088,0.0,サンプル不足,0.05238309415517084
v4,score,総合スコア,現行の全評価要素を合成した順位スコア,True,業種,銀行業,5d,5営業日,2,1,1,0.022201375859912442,0.022201375859912442,1.0,サンプル不足,0.05238309415517084
v4,score,総合スコア,現行の全評価要素を合成した順位スコア,True,業種,銀行業,5d,5営業日,4,2,2,0.03007458250586803,0.03007458250586803,1.0,サンプル不足,0.05238309415517084
v4,score,総合スコア,現行の全評価要素を合成した順位スコア,True,業種,銀行業,5d,5営業日,5,1,1,0.01932811780947996,0.01932811780947996,1.0,サンプル不足,0.05238309415517084
v4,score,総合スコア,現行の全評価要素を合成した順位スコア,True,業種,電気機器,10d,10営業日,1,2,2,0.04277626343447957,0.04277626343447957,0.5,サンプル不足,-0.04033717864422229
v4,score,総合スコア,現行の全評価要素を合成した順位スコア,True,業種,電気機器,10d,10営業日,2,3,3,0.05964794817044584,0.09945750452079571,0.6666666666666666,サンプル不足,-0.04033717864422229
v4,score,総合スコア,現行の全評価要素を合成した順位スコア,True,業種,電気機器,10d,10営業日,3,4,4,0.05145282680556959,0.0602213426169691,0.75,サンプル不足,-0.04033717864422229
v4,score,総合スコア,現行の全評価要素を合成した順位スコア,True,業種,電気機器,10d,10営業日,4,3,3,0.08459635887345766,0.07174688057041001,1.0,サンプル不足,-0.04033717864422229
v4,score,総合スコア,現行の全評価要素を合成した順位スコア,True,業種,電気機器,10d,10営業日,5,10,10,0.0024390847902572843,0.010270777015015775,0.6,サンプル不足,-0.04033717864422229
v4,score,総合スコア,現行の全評価要素を合成した順位スコア,True,業種,電気機器,1d,1営業日,1,2,2,0.005130848193890407,0.005130848193890407,1.0,サンプル不足,-0.004133382670344158
v4,score,総合スコア,現行の全評価要素を合成した順位スコア,True,業種,電気機器,1d,1営業日,2,3,3,-0.018753669476996793,-0.013636363636363669,0.0,サンプル不足,-0.004133382670344158
v4,score,総合スコア,現行の全評価要素を合成した順位スコア,True,業種,電気機器,1d,1営業日,3,4,4,0.0375386552152214,0.023694230084440826,0.75,サンプル不足,-0.004133382670344158
v4,score,総合スコア,現行の全評価要素を合成した順位スコア,True,業種,電気機器,1d,1営業日,4,3,3,-0.029615057919126036,-0.03576184135438465,0.0,サンプル不足,-0.004133382670344158
v4,score,総合スコア,現行の全評価要素を合成した順位スコア,True,業種,電気機器,1d,1営業日,5,10,10,0.0009974655235462481,-0.014521904991021517,0.4,サンプル不足,-0.004133382670344158
v4,score,総合スコア,現行の全評価要素を合成した順位スコア,True,業種,電気機器,3d,3営業日,1,2,2,0.052932200383350086,0.052932200383350086,1.0,サンプル不足,0.006841065188401066
v4,score,総合スコア,現行の全評価要素を合成した順位スコア,True,業種,電気機器,3d,3営業日,2,3,3,0.012486007061052273,0.0,0.3333333333333333,サンプル不足,0.006841065188401066
v4,score,総合スコア,現行の全評価要素を合成した順位スコア,True,業種,電気機器,3d,3営業日,3,4,4,0.0720990331945571,0.04737339479011815,0.75,サンプル不足,0.006841065188401066
v4,score,総合スコア,現行の全評価要素を合成した順位スコア,True,業種,電気機器,3d,3営業日,4,3,3,0.05248681618618112,0.013814616755793319,0.6666666666666666,サンプル不足,0.006841065188401066
v4,score,総合スコア,現行の全評価要素を合成した順位スコア,True,業種,電気機器,3d,3営業日,5,10,10,0.05977326557175115,0.05575940392327794,0.7,サンプル不足,0.006841065188401066
v4,score,総合スコア,現行の全評価要素を合成した順位スコア,True,業種,電気機器,5d,5営業日,1,2,2,0.05877146134979038,0.05877146134979038,1.0,サンプル不足,0.027913542428571907
v4,score,総合スコア,現行の全評価要素を合成した順位スコア,True,業種,電気機器,5d,5営業日,2,3,3,0.13694904121986348,0.14828209764918632,1.0,サンプル不足,0.027913542428571907
v4,score,総合スコア,現行の全評価要素を合成した順位スコア,True,業種,電気機器,5d,5営業日,3,4,4,0.12961862579727257,0.10900797593523626,1.0,サンプル不足,0.027913542428571907
v4,score,総合スコア,現行の全評価要素を合成した順位スコア,True,業種,電気機器,5d,5営業日,4,3,3,0.13900189651390357,0.12321746880570417,1.0,サンプル不足,0.027913542428571907
v4,score,総合スコア,現行の全評価要素を合成した順位スコア,True,業種,電気機器,5d,5営業日,5,10,10,0.08668500377836229,0.08239002548603747,0.8,サンプル不足,0.027913542428571907
v4,score,総合スコア,現行の全評価要素を合成した順位スコア,True,業種,食料品,10d,10営業日,2,1,1,0.051290219815227855,0.051290219815227855,1.0,サンプル不足,0.0
v4,score,総合スコア,現行の全評価要素を合成した順位スコア,True,業種,食料品,1d,1営業日,2,1,1,0.005734310289901234,0.005734310289901234,1.0,サンプル不足,0.0
v4,score,総合スコア,現行の全評価要素を合成した順位スコア,True,業種,食料品,3d,3営業日,2,1,1,-0.014335775724753086,-0.014335775724753086,0.0,サンプル不足,0.0
v4,score,総合スコア,現行の全評価要素を合成した順位スコア,True,業種,食料品,5d,5営業日,2,1,1,-0.005734310289901234,-0.005734310289901234,0.0,サンプル不足,0.0
v4,volatility_20d,20日変動率,低いほど望ましい年率換算変動率,False,全体,全体,10d,10営業日,1,20,20,-0.0032110538507248683,-0.03094686331159674,0.4,サンプル不足,-0.01154211372313044
v4,volatility_20d,20日変動率,低いほど望ましい年率換算変動率,False,全体,全体,10d,10営業日,2,20,20,0.04923419674725031,0.022648271010964338,0.65,サンプル不足,-0.01154211372313044
v4,volatility_20d,20日変動率,低いほど望ましい年率換算変動率,False,全体,全体,10d,10営業日,3,20,20,0.02777050994438383,0.037672985296960504,0.6,サンプル不足,-0.01154211372313044
v4,volatility_20d,20日変動率,低いほど望ましい年率換算変動率,False,全体,全体,10d,10営業日,4,20,20,-0.008273713697055651,-0.04626222151476378,0.4,サンプル不足,-0.01154211372313044
v4,volatility_20d,20日変動率,低いほど望ましい年率換算変動率,False,全体,全体,10d,10営業日,5,20,20,-0.014753167573855308,-0.013827579647436639,0.35,サンプル不足,-0.01154211372313044
v4,volatility_20d,20日変動率,低いほど望ましい年率換算変動率,False,全体,全体,1d,1営業日,1,20,20,0.006071509246464527,-0.009294696058948781,0.45,サンプル不足,-0.010216648490528793
v4,volatility_20d,20日変動率,低いほど望ましい年率換算変動率,False,全体,全体,1d,1営業日,2,20,20,-0.0041796172827818145,-0.011423444976076558,0.25,サンプル不足,-0.010216648490528793
v4,volatility_20d,20日変動率,低いほど望ましい年率換算変動率,False,全体,全体,1d,1営業日,3,20,20,0.004207748042261031,0.00022706258744974606,0.5,サンプル不足,-0.010216648490528793
v4,volatility_20d,20日変動率,低いほど望ましい年率換算変動率,False,全体,全体,1d,1営業日,4,20,20,-0.008461889456020008,-0.015089893322098147,0.4,サンプル不足,-0.010216648490528793
v4,volatility_20d,20日変動率,低いほど望ましい年率換算変動率,False,全体,全体,1d,1営業日,5,20,20,-0.004145139244064266,-0.0044689261855951345,0.35,サンプル不足,-0.010216648490528793
v4,volatility_20d,20日変動率,低いほど望ましい年率換算変動率,False,全体,全体,3d,3営業日,1,20,20,0.07367425180135533,0.050852660014887086,0.65,サンプル不足,-0.0726732189504365
v4,volatility_20d,20日変動率,低いほど望ましい年率換算変動率,False,全体,全体,3d,3営業日,2,20,20,0.0560337746207028,0.033998943896299316,0.7,サンプル不足,-0.0726732189504365
v4,volatility_20d,20日変動率,低いほど望ましい年率換算変動率,False,全体,全体,3d,3営業日,3,20,20,0.043960100158317486,0.0438889045967672,0.9,サンプル不足,-0.0726732189504365
v4,volatility_20d,20日変動率,低いほど望ましい年率換算変動率,False,全体,全体,3d,3営業日,4,20,20,0.01486107965033955,0.00831414304368383,0.55,サンプル不足,-0.0726732189504365
v4,volatility_20d,20日変動率,低いほど望ましい年率換算変動率,False,全体,全体,3d,3営業日,5,20,20,0.0010010328509188176,-0.0004192693495238284,0.5,サンプル不足,-0.0726732189504365
v4,volatility_20d,20日変動率,低いほど望ましい年率換算変動率,False,全体,全体,5d,5営業日,1,20,20,0.06769691018818802,0.062255492295894,0.65,サンプル不足,-0.07328135396050935
v4,volatility_20d,20日変動率,低いほど望ましい年率換算変動率,False,全体,全体,5d,5営業日,2,20,20,0.1447846808333662,0.1008728943994992,1.0,サンプル不足,-0.07328135396050935
v4,volatility_20d,20日変動率,低いほど望ましい年率換算変動率,False,全体,全体,5d,5営業日,3,20,20,0.08435714238813471,0.09155484083504228,0.95,サンプル不足,-0.07328135396050935
v4,volatility_20d,20日変動率,低いほど望ましい年率換算変動率,False,全体,全体,5d,5営業日,4,20,20,0.026851331978266585,0.008701508564764926,0.55,サンプル不足,-0.07328135396050935
v4,volatility_20d,20日変動率,低いほど望ましい年率換算変動率,False,全体,全体,5d,5営業日,5,20,20,-0.0055844437723213255,-0.008445338251024614,0.4,サンプル不足,-0.07328135396050935
v4,volatility_20d,20日変動率,低いほど望ましい年率換算変動率,False,業種,その他製品,10d,10営業日,1,1,1,0.0982274741506648,0.0982274741506648,1.0,サンプル不足,0.0
v4,volatility_20d,20日変動率,低いほど望ましい年率換算変動率,False,業種,その他製品,1d,1営業日,1,1,1,0.0723781388478581,0.0723781388478581,1.0,サンプル不足,0.0
v4,volatility_20d,20日変動率,低いほど望ましい年率換算変動率,False,業種,その他製品,3d,3営業日,1,1,1,-0.0088626292466764,-0.0088626292466764,0.0,サンプル不足,0.0
v4,volatility_20d,20日変動率,低いほど望ましい年率換算変動率,False,業種,その他製品,5d,5営業日,1,1,1,-0.0745937961595273,-0.0745937961595273,0.0,サンプル不足,0.0
v4,volatility_20d,20日変動率,低いほど望ましい年率換算変動率,False,業種,その他金融業,10d,10営業日,4,1,1,-0.07577132486388383,-0.07577132486388383,0.0,サンプル不足,0.07967757486388383
v4,volatility_20d,20日変動率,低いほど望ましい年率換算変動率,False,業種,その他金融業,10d,10営業日,5,1,1,0.00390625,0.00390625,1.0,サンプル不足,0.07967757486388383
v4,volatility_20d,20日変動率,低いほど望ましい年率換算変動率,False,業種,その他金融業,1d,1営業日,4,1,1,0.00907441016333932,0.00907441016333932,1.0,サンプル不足,-0.00907441016333932
v4,volatility_20d,20日変動率,低いほど望ましい年率換算変動率,False,業種,その他金融業,1d,1営業日,5,1,1,0.0,0.0,0.0,サンプル不足,-0.00907441016333932
v4,volatility_20d,20日変動率,低いほど望ましい年率換算変動率,False,業種,その他金融業,3d,3営業日,4,1,1,0.024727767695099878,0.024727767695099878,1.0,サンプル不足,-0.020821517695099878
v4,volatility_20d,20日変動率,低いほど望ましい年率換算変動率,False,業種,その他金融業,3d,3営業日,5,1,1,0.00390625,0.00390625,1.0,サンプル不足,-0.020821517695099878
v4,volatility_20d,20日変動率,低いほど望ましい年率換算変動率,False,業種,その他金融業,5d,5営業日,4,1,1,-0.022232304900181465,-0.022232304900181465,0.0,サンプル不足,0.022232304900181465
v4,volatility_20d,20日変動率,低いほど望ましい年率換算変動率,False,業種,その他金融業,5d,5営業日,5,1,1,0.0,0.0,0.0,サンプル不足,0.022232304900181465
v4,volatility_20d,20日変動率,低いほど望ましい年率換算変動率,False,業種,ガラス・土石製品,10d,10営業日,1,1,1,0.0439716312056737,0.0439716312056737,1.0,サンプル不足,0.07750538461949576
v4,volatility_20d,20日変動率,低いほど望ましい年率換算変動率,False,業種,ガラス・土石製品,10d,10営業日,3,1,1,0.12147701582516945,0.12147701582516945,1.0,サンプル不足,0.07750538461949576
v4,volatility_20d,20日変動率,低いほど望ましい年率換算変動率,False,業種,ガラス・土石製品,1d,1営業日,1,1,1,-0.0453900709219857,-0.0453900709219857,0.0,サンプル不足,0.06227025178106631
v4,volatility_20d,20日変動率,低いほど望ましい年率換算変動率,False,業種,ガラス・土石製品,1d,1営業日,3,1,1,0.016880180859080607,0.016880180859080607,1.0,サンプル不足,0.06227025178106631
v4,volatility_20d,20日変動率,低いほど望ましい年率換算変動率,False,業種,ガラス・土石製品,3d,3営業日,1,1,1,0.3120567375886525,0.3120567375886525,1.0,サンプル不足,-0.21062493653364123
v4,volatility_20d,20日変動率,低いほど望ましい年率換算変動率,False,業種,ガラス・土石製品,3d,3営業日,3,1,1,0.10143180105501126,0.10143180105501126,1.0,サンプル不足,-0.21062493653364123
v4,volatility_20d,20日変動率,低いほど望ましい年率換算変動率,False,業種,ガラス・土石製品,5d,5営業日,1,1,1,0.2368794326241134,0.2368794326241134,1.0,サンプル不足,-0.07712057806495745
v4,volatility_20d,20日変動率,低いほど望ましい年率換算変動率,False,業種,ガラス・土石製品,5d,5営業日,3,1,1,0.15975885455915595,0.15975885455915595,1.0,サンプル不足,-0.07712057806495745
v4,volatility_20d,20日変動率,低いほど望ましい年率換算変動率,False,業種,ゴム製品,10d,10営業日,4,2,2,-0.062116513134313156,-0.062116513134313156,0.0,サンプル不足,0.0
v4,volatility_20d,20日変動率,低いほど望ましい年率換算変動率,False,業種,ゴム製品,1d,1営業日,4,2,2,-0.01070310058165369,-0.01070310058165369,0.5,サンプル不足,0.0
v4,volatility_20d,20日変動率,低いほど望ましい年率換算変動率,False,業種,ゴム製品,3d,3営業日,4,2,2,-0.007499771841421976,-0.007499771841421976,0.5,サンプル不足,0.0
v4,volatility_20d,20日変動率,低いほど望ましい年率換算変動率,False,業種,ゴム製品,5d,5営業日,4,2,2,-0.020934938287824112,-0.020934938287824112,0.0,サンプル不足,0.0
v4,volatility_20d,20日変動率,低いほど望ましい年率換算変動率,False,業種,サービス業,10d,10営業日,1,1,1,-0.3382352941176471,-0.3382352941176471,0.0,サンプル不足,0.2802611090377959
v4,volatility_20d,20日変動率,低いほど望ましい年率換算変動率,False,業種,サービス業,10d,10営業日,2,2,2,0.11043295805372232,0.11043295805372232,1.0,サンプル不足,0.2802611090377959
v4,volatility_20d,20日変動率,低いほど望ましい年率換算変動率,False,業種,サービス業,10d,10営業日,3,1,1,0.11259754738015615,0.11259754738015615,1.0,サンプル不足,0.2802611090377959
v4,volatility_20d,20日変動率,低いほど望ましい年率換算変動率,False,業種,サービス業,10d,10営業日,4,1,1,0.04575416828227996,0.04575416828227996,1.0,サンプル不足,0.2802611090377959
v4,volatility_20d,20日変動率,低いほど望ましい年率換算変動率,False,業種,サービス業,10d,10営業日,5,1,1,-0.05797418507985119,-0.05797418507985119,0.0,サンプル不足,0.2802611090377959
v4,volatility_20d,20日変動率,低いほど望ましい年率換算変動率,False,業種,サービス業,1d,1営業日,1,1,1,-0.21323529411764708,-0.21323529411764708,0.0,サンプル不足,0.20404693270876495
v4,volatility_20d,20日変動率,低いほど望ましい年率換算変動率,False,業種,サービス業,1d,1営業日,2,2,2,0.0007736675725140002,0.0007736675725140002,0.5,サンプル不足,0.20404693270876495
v4,volatility_20d,20日変動率,低いほど望ましい年率換算変動率,False,業種,サービス業,1d,1営業日,3,1,1,-0.004459308807134854,-0.004459308807134854,0.0,サンプル不足,0.20404693270876495
v4,volatility_20d,20日変動率,低いほど望ましい年率換算変動率,False,業種,サービス業,1d,1営業日,4,1,1,0.05506010081426904,0.05506010081426904,1.0,サンプル不足,0.20404693270876495
v4,volatility_20d,20日変動率,低いほど望ましい年率換算変動率,False,業種,サービス業,1d,1営業日,5,1,1,-0.009188361408882129,-0.009188361408882129,0.0,サンプル不足,0.20404693270876495
v4,volatility_20d,20日変動率,低いほど望ましい年率換算変動率,False,業種,サービス業,3d,3営業日,1,1,1,-0.25735294117647056,-0.25735294117647056,0.0,サンプル不足,0.23481957867373593
v4,volatility_20d,20日変動率,低いほど望ましい年率換算変動率,False,業種,サービス業,3d,3営業日,2,2,2,0.02837612999833619,0.02837612999833619,0.5,サンプル不足,0.23481957867373593
v4,volatility_20d,20日変動率,低いほど望ましい年率換算変動率,False,業種,サービス業,3d,3営業日,3,1,1,0.021181716833890807,0.021181716833890807,1.0,サンプル不足,0.23481957867373593
v4,volatility_20d,20日変動率,低いほど望ましい年率換算変動率,False,業種,サービス業,3d,3営業日,4,1,1,0.053896859247770434,0.053896859247770434,1.0,サンプル不足,0.23481957867373593
v4,volatility_20d,20日変動率,低いほど望ましい年率換算変動率,False,業種,サービス業,3d,3営業日,5,1,1,-0.022533362502734633,-0.022533362502734633,0.0,サンプル不足,0.23481957867373593
v4,volatility_20d,20日変動率,低いほど望ましい年率換算変動率,False,業種,サービス業,5d,5営業日,1,1,1,-0.2941176470588235,-0.2941176470588235,0.0,サンプル不足,0.2687402679295301
v4,volatility_20d,20日変動率,低いほど望ましい年率換算変動率,False,業種,サービス業,5d,5営業日,2,2,2,0.2257158966964302,0.2257158966964302,1.0,サンプル不足,0.2687402679295301
v4,volatility_20d,20日変動率,低いほど望ましい年率換算変動率,False,業種,サービス業,5d,5営業日,3,1,1,0.08138238573021184,0.08138238573021184,1.0,サンプル不足,0.2687402679295301
v4,volatility_20d,20日変動率,低いほど望ましい年率換算変動率,False,業種,サービス業,5d,5営業日,4,1,1,0.07018224117875138,0.07018224117875138,1.0,サンプル不足,0.2687402679295301
v4,volatility_20d,20日変動率,低いほど望ましい年率換算変動率,False,業種,サービス業,5d,5営業日,5,1,1,-0.025377379129293387,-0.025377379129293387,0.0,サンプル不足,0.2687402679295301
v4,volatility_20d,20日変動率,低いほど望ましい年率換算変動率,False,業種,不動産業,10d,10営業日,3,1,1,0.1324085750315258,0.1324085750315258,1.0,サンプル不足,0.01573957311662233
v4,volatility_20d,20日変動率,低いほど望ましい年率換算変動率,False,業種,不動産業,10d,10営業日,4,1,1,0.14814814814814814,0.14814814814814814,1.0,サンプル不足,0.01573957311662233
v4,volatility_20d,20日変動率,低いほど望ましい年率換算変動率,False,業種,不動産業,1d,1営業日,3,1,1,0.1324085750315258,0.1324085750315258,1.0,サンプル不足,-0.12006289601918008
v4,volatility_20d,20日変動率,低いほど望ましい年率換算変動率,False,業種,不動産業,1d,1営業日,4,1,1,0.012345679012345734,0.012345679012345734,1.0,サンプル不足,-0.12006289601918008
v4,volatility_20d,20日変動率,低いほど望ましい年率換算変動率,False,業種,不動産業,3d,3営業日,3,1,1,0.1324085750315258,0.1324085750315258,1.0,サンプル不足,0.0033938941042765958
v4,volatility_20d,20日変動率,低いほど望ましい年率換算変動率,False,業種,不動産業,3d,3営業日,4,1,1,0.1358024691358024,0.1358024691358024,1.0,サンプル不足,0.0033938941042765958
v4,volatility_20d,20日変動率,低いほど望ましい年率換算変動率,False,業種,不動産業,5d,5営業日,3,1,1,0.13114754098360648,0.13114754098360648,1.0,サンプル不足,-0.02003642987249532
v4,volatility_20d,20日変動率,低いほど望ましい年率換算変動率,False,業種,不動産業,5d,5営業日,4,1,1,0.11111111111111116,0.11111111111111116,1.0,サンプル不足,-0.02003642987249532
v4,volatility_20d,20日変動率,低いほど望ましい年率換算変動率,False,業種,保険業,10d,10営業日,5,1,1,-0.02083333333333337,-0.02083333333333337,0.0,サンプル不足,0.0
v4,volatility_20d,20日変動率,低いほど望ましい年率換算変動率,False,業種,保険業,1d,1営業日,5,1,1,0.007601351351351315,0.007601351351351315,1.0,サンプル不足,0.0
v4,volatility_20d,20日変動率,低いほど望ましい年率換算変動率,False,業種,保険業,3d,3営業日,5,1,1,0.025056306306306286,0.025056306306306286,1.0,サンプル不足,0.0
v4,volatility_20d,20日変動率,低いほど望ましい年率換算変動率,False,業種,保険業,5d,5営業日,5,1,1,0.032939189189189255,0.032939189189189255,1.0,サンプル不足,0.0
v4,volatility_20d,20日変動率,低いほど望ましい年率換算変動率,False,業種,化学,10d,10営業日,1,3,3,-0.04369014687034231,-0.051152073732718906,0.0,サンプル不足,0.06550037774020631
v4,volatility_20d,20日変動率,低いほど望ましい年率換算変動率,False,業種,化学,10d,10営業日,2,3,3,-0.019287506823833067,-0.02881217722207119,0.3333333333333333,サンプル不足,0.06550037774020631
v4,volatility_20d,20日変動率,低いほど望ましい年率換算変動率,False,業種,化学,10d,10営業日,3,2,2,-0.049292342451383864,-0.049292342451383864,0.0,サンプル不足,0.06550037774020631
v4,volatility_20d,20日変動率,低いほど望ましい年率換算変動率,False,業種,化学,10d,10営業日,4,3,3,-0.018821872495722817,0.0013291980505094614,0.6666666666666666,サンプル不足,0.06550037774020631
v4,volatility_20d,20日変動率,低いほど望ましい年率換算変動率,False,業種,化学,10d,10営業日,5,2,2,0.021810230869864,0.021810230869864,1.0,サンプル不足,0.06550037774020631
v4,volatility_20d,20日変動率,低いほど望ましい年率換算変動率,False,業種,化学,1d,1営業日,1,3,3,0.02239924792434843,0.024207492795389,0.6666666666666666,サンプル不足,-0.031972813226459104
v4,volatility_20d,20日変動率,低いほど望ましい年率換算変動率,False,業種,化学,1d,1営業日,2,3,3,-0.002943880879977434,-0.0057080728458820396,0.3333333333333333,サンプル不足,-0.031972813226459104
v4,volatility_20d,20日変動率,低いほど望ましい年率換算変動率,False,業種,化学,1d,1営業日,3,2,2,-0.024696602921003785,-0.024696602921003785,0.0,サンプル不足,-0.031972813226459104
v4,volatility_20d,20日変動率,低いほど望ましい年率換算変動率,False,業種,化学,1d,1営業日,4,3,3,-0.009136528715616496,-0.014542570068746707,0.3333333333333333,サンプル不足,-0.031972813226459104
v4,volatility_20d,20日変動率,低いほど望ましい年率換算変動率,False,業種,化学,1d,1営業日,5,2,2,-0.009573565302110676,-0.009573565302110676,0.0,サンプル不足,-0.031972813226459104
v4,volatility_20d,20日変動率,低いほど望ましい年率換算変動率,False,業種,化学,3d,3営業日,1,3,3,0.10980535553108887,0.09960159362549792,1.0,サンプル不足,-0.10646057740351365
v4,volatility_20d,20日変動率,低いほど望ましい年率換算変動率,False,業種,化学,3d,3営業日,2,3,3,0.04645988664299342,0.022368421052631593,1.0,サンプル不足,-0.10646057740351365
v4,volatility_20d,20日変動率,低いほど望ましい年率換算変動率,False,業種,化学,3d,3営業日,3,2,2,0.012055595900911875,0.012055595900911875,1.0,サンプル不足,-0.10646057740351365
v4,volatility_20d,20日変動率,低いほど望ましい年率換算変動率,False,業種,化学,3d,3営業日,4,3,3,0.004800758187209817,-0.005316792202038068,0.3333333333333333,サンプル不足,-0.10646057740351365
v4,volatility_20d,20日変動率,低いほど望ましい年率換算変動率,False,業種,化学,3d,3営業日,5,2,2,0.003344778127575221,0.003344778127575221,0.5,サンプル不足,-0.10646057740351365
v4,volatility_20d,20日変動率,低いほど望ましい年率換算変動率,False,業種,化学,5d,5営業日,1,3,3,0.09291609067609646,0.1181556195965418,1.0,サンプル不足,-0.08710180615893459
v4,volatility_20d,20日変動率,低いほど望ましい年率換算変動率,False,業種,化学,5d,5営業日,2,3,3,0.07840846961821153,0.05055721663495505,1.0,サンプル不足,-0.08710180615893459
v4,volatility_20d,20日変動率,低いほど望ましい年率換算変動率,False,業種,化学,5d,5営業日,3,2,2,0.036652949245541855,0.036652949245541855,1.0,サンプル不足,-0.08710180615893459
v4,volatility_20d,20日変動率,低いほど望ましい年率換算変動率,False,業種,化学,5d,5営業日,4,3,3,0.0037816374056404054,-0.02569782897651751,0.3333333333333333,サンプル不足,-0.08710180615893459
v4,volatility_20d,20日変動率,低いほど望ましい年率換算変動率,False,業種,化学,5d,5営業日,5,2,2,0.005814284517161872,0.005814284517161872,0.5,サンプル不足,-0.08710180615893459
v4,volatility_20d,20日変動率,低いほど望ましい年率換算変動率,False,業種,卸売業,10d,10営業日,1,1,1,-0.0768126346015792,-0.0768126346015792,0.0,サンプル不足,0.0
v4,volatility_20d,20日変動率,低いほど望ましい年率換算変動率,False,業種,卸売業,1d,1営業日,1,1,1,-0.1184493898061737,-0.1184493898061737,0.0,サンプル不足,0.0
v4,volatility_20d,20日変動率,低いほど望ましい年率換算変動率,False,業種,卸売業,3d,3営業日,1,1,1,-0.0760947595118449,-0.0760947595118449,0.0,サンプル不足,0.0
v4,volatility_20d,20日変動率,低いほど望ましい年率換算変動率,False,業種,卸売業,5d,5営業日,1,1,1,-0.0753768844221105,-0.0753768844221105,0.0,サンプル不足,0.0
v4,volatility_20d,20日変動率,低いほど望ましい年率換算変動率,False,業種,小売業,10d,10営業日,4,1,1,-0.07364501448076133,-0.07364501448076133,0.0,サンプル不足,0.03959535721019819
v4,volatility_20d,20日変動率,低いほど望ましい年率換算変動率,False,業種,小売業,10d,10営業日,5,2,2,-0.03404965727056314,-0.03404965727056314,0.0,サンプル不足,0.03959535721019819
v4,volatility_20d,20日変動率,低いほど望ましい年率換算変動率,False,業種,小売業,1d,1営業日,4,1,1,-0.05213074058750522,-0.05213074058750522,0.0,サンプル不足,0.04965867255927303
v4,volatility_20d,20日変動率,低いほど望ましい年率換算変動率,False,業種,小売業,1d,1営業日,5,2,2,-0.0024720680282321913,-0.0024720680282321913,0.5,サンプル不足,0.04965867255927303
v4,volatility_20d,20日変動率,低いほど望ましい年率換算変動率,False,業種,小売業,3d,3営業日,4,1,1,-0.03682250724038061,-0.03682250724038061,0.0,サンプル不足,0.0206235791371718
v4,volatility_20d,20日変動率,低いほど望ましい年率換算変動率,False,業種,小売業,3d,3営業日,5,2,2,-0.016198928103208807,-0.016198928103208807,0.5,サンプル不足,0.0206235791371718
v4,volatility_20d,20日変動率,低いほど望ましい年率換算変動率,False,業種,小売業,5d,5営業日,4,1,1,-0.06826644600744725,-0.06826644600744725,0.0,サンプル不足,0.043376230531477246
v4,volatility_20d,20日変動率,低いほど望ましい年率換算変動率,False,業種,小売業,5d,5営業日,5,2,2,-0.02489021547597,-0.02489021547597,0.0,サンプル不足,0.043376230531477246
v4,volatility_20d,20日変動率,低いほど望ましい年率換算変動率,False,業種,建設業,10d,10営業日,4,2,2,0.05078076938380127,0.05078076938380127,0.5,サンプル不足,0.0
v4,volatility_20d,20日変動率,低いほど望ましい年率換算変動率,False,業種,建設業,1d,1営業日,4,2,2,-0.03291305638617936,-0.03291305638617936,0.0,サンプル不足,0.0
v4,volatility_20d,20日変動率,低いほど望ましい年率換算変動率,False,業種,建設業,3d,3営業日,4,2,2,0.04313651374686672,0.04313651374686672,0.5,サンプル不足,0.0
v4,volatility_20d,20日変動率,低いほど望ましい年率換算変動率,False,業種,建設業,5d,5営業日,4,2,2,0.0732533689999969,0.0732533689999969,0.5,サンプル不足,0.0
v4,volatility_20d,20日変動率,低いほど望ましい年率換算変動率,False,業種,情報・通信業,10d,10営業日,1,3,3,-0.19702027984000248,-0.1743941728533408,0.0,サンプル不足,0.0
v4,volatility_20d,20日変動率,低いほど望ましい年率換算変動率,False,業種,情報・通信業,1d,1営業日,1,3,3,0.023749060521610032,-0.005182798711304115,0.3333333333333333,サンプル不足,0.0
v4,volatility_20d,20日変動率,低いほど望ましい年率換算変動率,False,業種,情報・通信業,3d,3営業日,1,3,3,-0.07402964004244077,-0.0666666666666666,0.3333333333333333,サンプル不足,0.0
v4,volatility_20d,20日変動率,低いほど望ましい年率換算変動率,False,業種,情報・通信業,5d,5営業日,1,3,3,-0.11292115270188045,-0.1568047337278106,0.3333333333333333,サンプル不足,0.0
v4,volatility_20d,20日変動率,低いほど望ましい年率換算変動率,False,業種,機械,10d,10営業日,1,3,3,0.25487901997985624,0.0011278195488721998,0.6666666666666666,サンプル不足,-0.2737347533860292
v4,volatility_20d,20日変動率,低いほど望ましい年率換算変動率,False,業種,機械,10d,10営業日,2,3,3,-0.008880985559091262,-0.006447453255963853,0.3333333333333333,サンプル不足,-0.2737347533860292
v4,volatility_20d,20日変動率,低いほど望ましい年率換算変動率,False,業種,機械,10d,10営業日,3,10,10,-0.0008237277342996909,-7.075963084435255e-05,0.5,サンプル不足,-0.2737347533860292
v4,volatility_20d,20日変動率,低いほど望ましい年率換算変動率,False,業種,機械,10d,10営業日,4,5,5,-0.018855733406172963,-0.055570689185508004,0.4,サンプル不足,-0.2737347533860292
v4,volatility_20d,20日変動率,低いほど望ましい年率換算変動率,False,業種,機械,1d,1営業日,1,3,3,0.06474602284039536,0.06710526315789478,0.6666666666666666,サンプル不足,-0.07342415948270757
v4,volatility_20d,20日変動率,低いほど望ましい年率換算変動率,False,業種,機械,1d,1営業日,2,3,3,-0.01639802511674097,-0.0050000000000000044,0.0,サンプル不足,-0.07342415948270757
v4,volatility_20d,20日変動率,低いほど望ましい年率換算変動率,False,業種,機械,1d,1営業日,3,10,10,-0.0033252078314139253,-0.0015248207772229445,0.5,サンプル不足,-0.07342415948270757
v4,volatility_20d,20日変動率,低いほど望ましい年率換算変動率,False,業種,機械,1d,1営業日,4,5,5,-0.008678136642312201,-0.015685156138599776,0.4,サンプル不足,-0.07342415948270757
v4,volatility_20d,20日変動率,低いほど望ましい年率換算変動率,False,業種,機械,3d,3営業日,1,3,3,0.23992566889258785,0.08345864661654145,0.6666666666666666,サンプル不足,-0.234260219720446
v4,volatility_20d,20日変動率,低いほど望ましい年率換算変動率,False,業種,機械,3d,3営業日,2,3,3,0.06007754357013865,0.07328248408284987,0.6666666666666666,サンプル不足,-0.234260219720446
v4,volatility_20d,20日変動率,低いほど望ましい年率換算変動率,False,業種,機械,3d,3営業日,3,10,10,0.03942978228926749,0.0394067039949052,0.9,サンプル不足,-0.234260219720446
v4,volatility_20d,20日変動率,低いほど望ましい年率換算変動率,False,業種,機械,3d,3営業日,4,5,5,0.00566544917214184,0.008023842049639462,0.6,サンプル不足,-0.234260219720446
v4,volatility_20d,20日変動率,低いほど望ましい年率換算変動率,False,業種,機械,5d,5営業日,1,3,3,0.28019146370965387,0.16729323308270683,1.0,サンプル不足,-0.23973145160089737
v4,volatility_20d,20日変動率,低いほど望ましい年率換算変動率,False,業種,機械,5d,5営業日,2,3,3,0.10138606501377012,0.0862696319914571,1.0,サンプル不足,-0.23973145160089737
v4,volatility_20d,20日変動率,低いほど望ましい年率換算変動率,False,業種,機械,5d,5営業日,3,10,10,0.07005072038567697,0.06579000078853847,0.9,サンプル不足,-0.23973145160089737
v4,volatility_20d,20日変動率,低いほど望ましい年率換算変動率,False,業種,機械,5d,5営業日,4,5,5,0.04046001210875651,0.016276880759388046,1.0,サンプル不足,-0.23973145160089737
v4,volatility_20d,20日変動率,低いほど望ましい年率換算変動率,False,業種,海運業,10d,10営業日,5,1,1,-0.07318923018581724,-0.07318923018581724,0.0,サンプル不足,0.0
v4,volatility_20d,20日変動率,低いほど望ましい年率換算変動率,False,業種,海運業,1d,1営業日,5,1,1,-0.015927189988623414,-0.015927189988623414,0.0,サンプル不足,0.0
v4,volatility_20d,20日変動率,低いほど望ましい年率換算変動率,False,業種,海運業,3d,3営業日,5,1,1,-0.04702313234736444,-0.04702313234736444,0.0,サンプル不足,0.0
v4,volatility_20d,20日変動率,低いほど望ましい年率換算変動率,False,業種,海運業,5d,5営業日,5,1,1,-0.04323094425483509,-0.04323094425483509,0.0,サンプル不足,0.0
v4,volatility_20d,20日変動率,低いほど望ましい年率換算変動率,False,業種,空運業,10d,10営業日,5,2,2,0.005610334949848417,0.005610334949848417,0.5,サンプル不足,0.0
v4,volatility_20d,20日変動率,低いほど望ましい年率換算変動率,False,業種,空運業,1d,1営業日,5,2,2,0.008669260778221721,0.008669260778221721,1.0,サンプル不足,0.0
v4,volatility_20d,20日変動率,低いほど望ましい年率換算変動率,False,業種,空運業,3d,3営業日,5,2,2,-0.0067527108446139295,-0.0067527108446139295,0.0,サンプル不足,0.0
v4,volatility_20d,20日変動率,低いほど望ましい年率換算変動率,False,業種,空運業,5d,5営業日,5,2,2,-0.01811971134527668,-0.01811971134527668,0.0,サンプル不足,0.0
v4,volatility_20d,20日変動率,低いほど望ましい年率換算変動率,False,業種,繊維製品,10d,10営業日,4,1,1,-0.04926931106471821,-0.04926931106471821,0.0,サンプル不足,0.0
v4,volatility_20d,20日変動率,低いほど望ましい年率換算変動率,False,業種,繊維製品,1d,1営業日,4,1,1,-0.017118997912317302,-0.017118997912317302,0.0,サンプル不足,0.0
v4,volatility_20d,20日変動率,低いほど望ましい年率換算変動率,False,業種,繊維製品,3d,3営業日,4,1,1,-0.0041753653444676075,-0.0041753653444676075,0.0,サンプル不足,0.0
v4,volatility_20d,20日変動率,低いほど望ましい年率換算変動率,False,業種,繊維製品,5d,5営業日,4,1,1,-0.02171189979123178,-0.02171189979123178,0.0,サンプル不足,0.0
v4,volatility_20d,20日変動率,低いほど望ましい年率換算変動率,False,業種,証券、商品先物取引業,10d,10営業日,5,2,2,-0.00168401076560859,-0.00168401076560859,0.5,サンプル不足,0.0
v4,volatility_20d,20日変動率,低いほど望ましい年率換算変動率,False,業種,証券、商品先物取引業,1d,1営業日,5,2,2,0.0027047039679337637,0.0027047039679337637,1.0,サンプル不足,0.0
v4,volatility_20d,20日変動率,低いほど望ましい年率換算変動率,False,業種,証券、商品先物取引業,3d,3営業日,5,2,2,0.018397529408113233,0.018397529408113233,1.0,サンプル不足,0.0
v4,volatility_20d,20日変動率,低いほど望ましい年率換算変動率,False,業種,証券、商品先物取引業,5d,5営業日,5,2,2,0.01767402109669103,0.01767402109669103,1.0,サンプル不足,0.0
v4,volatility_20d,20日変動率,低いほど望ましい年率換算変動率,False,業種,輸送用機器,10d,10営業日,2,1,1,-0.06502463054187191,-0.06502463054187191,0.0,サンプル不足,0.03187400281760078
v4,volatility_20d,20日変動率,低いほど望ましい年率換算変動率,False,業種,輸送用機器,10d,10営業日,5,2,2,-0.03315062772427113,-0.03315062772427113,0.5,サンプル不足,0.03187400281760078
v4,volatility_20d,20日変動率,低いほど望ましい年率換算変動率,False,業種,輸送用機器,1d,1営業日,2,1,1,-0.016748768472906406,-0.016748768472906406,0.0,サンプル不足,0.0026219997811075535
v4,volatility_20d,20日変動率,低いほど望ましい年率換算変動率,False,業種,輸送用機器,1d,1営業日,5,2,2,-0.014126768691798852,-0.014126768691798852,0.0,サンプル不足,0.0026219997811075535
v4,volatility_20d,20日変動率,低いほど望ましい年率換算変動率,False,業種,輸送用機器,3d,3営業日,2,1,1,0.009852216748768461,0.009852216748768461,1.0,サンプル不足,-0.0458716125442194
v4,volatility_20d,20日変動率,低いほど望ましい年率換算変動率,False,業種,輸送用機器,3d,3営業日,5,2,2,-0.03601939579545094,-0.03601939579545094,0.0,サンプル不足,-0.0458716125442194
v4,volatility_20d,20日変動率,低いほど望ましい年率換算変動率,False,業種,輸送用機器,5d,5営業日,2,1,1,0.09556650246305409,0.09556650246305409,1.0,サンプル不足,-0.14549943790417214
v4,volatility_20d,20日変動率,低いほど望ましい年率換算変動率,False,業種,輸送用機器,5d,5営業日,5,2,2,-0.04993293544111804,-0.04993293544111804,0.0,サンプル不足,-0.14549943790417214
v4,volatility_20d,20日変動率,低いほど望ましい年率換算変動率,False,業種,金属製品,10d,10営業日,1,1,1,-0.1082462253193961,-0.1082462253193961,0.0,サンプル不足,0.4113658031100265
v4,volatility_20d,20日変動率,低いほど望ましい年率換算変動率,False,業種,金属製品,10d,10営業日,2,2,2,0.3031195777906304,0.3031195777906304,1.0,サンプル不足,0.4113658031100265
v4,volatility_20d,20日変動率,低いほど望ましい年率換算変動率,False,業種,金属製品,1d,1営業日,1,1,1,-0.037371039307491305,-0.037371039307491305,0.0,サンプル不足,0.0897698209671694
v4,volatility_20d,20日変動率,低いほど望ましい年率換算変動率,False,業種,金属製品,1d,1営業日,2,2,2,0.052398781659678095,0.052398781659678095,0.5,サンプル不足,0.0897698209671694
v4,volatility_20d,20日変動率,低いほど望ましい年率換算変動率,False,業種,金属製品,3d,3営業日,1,1,1,0.0008559950275841555,0.0008559950275841555,1.0,サンプル不足,0.203647884111369
v4,volatility_20d,20日変動率,低いほど望ましい年率換算変動率,False,業種,金属製品,3d,3営業日,2,2,2,0.20450387913895315,0.20450387913895315,1.0,サンプル不足,0.203647884111369
v4,volatility_20d,20日変動率,低いほど望ましい年率換算変動率,False,業種,金属製品,5d,5営業日,1,1,1,-0.022080293626597025,-0.022080293626597025,0.0,サンプル不足,0.41741123478658837
v4,volatility_20d,20日変動率,低いほど望ましい年率換算変動率,False,業種,金属製品,5d,5営業日,2,2,2,0.39533094115999134,0.39533094115999134,1.0,サンプル不足,0.41741123478658837
v4,volatility_20d,20日変動率,低いほど望ましい年率換算変動率,False,業種,鉄鋼,10d,10営業日,4,1,1,0.14146341463414625,0.14146341463414625,1.0,サンプル不足,0.0
v4,volatility_20d,20日変動率,低いほど望ましい年率換算変動率,False,業種,鉄鋼,1d,1営業日,4,1,1,-0.0060975609756097615,-0.0060975609756097615,0.0,サンプル不足,0.0
v4,volatility_20d,20日変動率,低いほど望ましい年率換算変動率,False,業種,鉄鋼,3d,3営業日,4,1,1,0.02987804878048772,0.02987804878048772,1.0,サンプル不足,0.0
v4,volatility_20d,20日変動率,低いほど望ましい年率換算変動率,False,業種,鉄鋼,5d,5営業日,4,1,1,0.18130081300813017,0.18130081300813017,1.0,サンプル不足,0.0
v4,volatility_20d,20日変動率,低いほど望ましい年率換算変動率,False,業種,銀行業,10d,10営業日,5,5,5,-0.023067122562374264,-0.023312393290677358,0.0,サンプル不足,0.0
v4,volatility_20d,20日変動率,低いほど望ましい年率換算変動率,False,業種,銀行業,1d,1営業日,5,5,5,-0.008305204114611974,-0.006958942388566536,0.0,サンプル不足,0.0
v4,volatility_20d,20日変動率,低いほど望ましい年率換算変動率,False,業種,銀行業,3d,3営業日,5,5,5,0.02988156514041853,0.03206013192207391,0.8,サンプル不足,0.0
v4,volatility_20d,20日変動率,低いほど望ましい年率換算変動率,False,業種,銀行業,5d,5営業日,5,5,5,0.013724736467087518,0.022201375859912442,0.8,サンプル不足,0.0
v4,volatility_20d,20日変動率,低いほど望ましい年率換算変動率,False,業種,電気機器,10d,10営業日,1,6,6,0.04572803197654204,0.03810250292504991,0.6666666666666666,サンプル不足,-0.11009732326517555
v4,volatility_20d,20日変動率,低いほど望ましい年率換算変動率,False,業種,電気機器,10d,10営業日,2,9,9,0.03412321899410508,0.01863354037267073,0.7777777777777778,サンプル不足,-0.11009732326517555
v4,volatility_20d,20日変動率,低いほど望ましい年率換算変動率,False,業種,電気機器,10d,10営業日,3,5,5,0.059149804579317976,0.08681318681318673,0.8,サンプル不足,-0.11009732326517555
v4,volatility_20d,20日変動率,低いほど望ましい年率換算変動率,False,業種,電気機器,10d,10営業日,4,2,2,-0.0643692912886335,-0.0643692912886335,0.0,サンプル不足,-0.11009732326517555
v4,volatility_20d,20日変動率,低いほど望ましい年率換算変動率,False,業種,電気機器,1d,1営業日,1,6,6,0.021802474395944793,0.016656544250977623,0.5,サンプル不足,-0.02797152256636748
v4,volatility_20d,20日変動率,低いほど望ましい年率換算変動率,False,業種,電気機器,1d,1営業日,2,9,9,-0.012795861961884319,-0.021389837316730276,0.2222222222222222,サンプル不足,-0.02797152256636748
v4,volatility_20d,20日変動率,低いほど望ましい年率換算変動率,False,業種,電気機器,1d,1営業日,3,5,5,0.004394159583579178,0.01611721611721606,0.6,サンプル不足,-0.02797152256636748
v4,volatility_20d,20日変動率,低いほど望ましい年率換算変動率,False,業種,電気機器,1d,1営業日,4,2,2,-0.006169048170422686,-0.006169048170422686,0.5,サンプル不足,-0.02797152256636748
v4,volatility_20d,20日変動率,低いほど望ましい年率換算変動率,False,業種,電気機器,3d,3営業日,1,6,6,0.11262974670035898,0.14240909403748658,0.8333333333333334,サンプル不足,-0.12267408845073365
v4,volatility_20d,20日変動率,低いほど望ましい年率換算変動率,False,業種,電気機器,3d,3営業日,2,9,9,0.03616121852792362,0.013814616755793319,0.5555555555555556,サンプル不足,-0.12267408845073365
v4,volatility_20d,20日変動率,低いほど望ましい年率換算変動率,False,業種,電気機器,3d,3営業日,3,5,5,0.041154179110284614,0.05786618444846292,0.8,サンプル不足,-0.12267408845073365
v4,volatility_20d,20日変動率,低いほど望ましい年率換算変動率,False,業種,電気機器,3d,3営業日,4,2,2,-0.010044341750374663,-0.010044341750374663,0.5,サンプル不足,-0.12267408845073365
v4,volatility_20d,20日変動率,低いほど望ましい年率換算変動率,False,業種,電気機器,5d,5営業日,1,6,6,0.13377803122584928,0.18567528504898034,0.8333333333333334,サンプル不足,-0.14959738583527418
v4,volatility_20d,20日変動率,低いほど望ましい年率換算変動率,False,業種,電気機器,5d,5営業日,2,9,9,0.11318331495505363,0.1061792863359443,1.0,サンプル不足,-0.14959738583527418
v4,volatility_20d,20日変動率,低いほど望ましい年率換算変動率,False,業種,電気機器,5d,5営業日,3,5,5,0.10820819282837332,0.09551122194513706,1.0,サンプル不足,-0.14959738583527418
v4,volatility_20d,20日変動率,低いほど望ましい年率換算変動率,False,業種,電気機器,5d,5営業日,4,2,2,-0.015819354609424907,-0.015819354609424907,0.5,サンプル不足,-0.14959738583527418
v4,volatility_20d,20日変動率,低いほど望ましい年率換算変動率,False,業種,食料品,10d,10営業日,5,1,1,0.051290219815227855,0.051290219815227855,1.0,サンプル不足,0.0
v4,volatility_20d,20日変動率,低いほど望ましい年率換算変動率,False,業種,食料品,1d,1営業日,5,1,1,0.005734310289901234,0.005734310289901234,1.0,サンプル不足,0.0
v4,volatility_20d,20日変動率,低いほど望ましい年率換算変動率,False,業種,食料品,3d,3営業日,5,1,1,-0.014335775724753086,-0.014335775724753086,0.0,サンプル不足,0.0
v4,volatility_20d,20日変動率,低いほど望ましい年率換算変動率,False,業種,食料品,5d,5営業日,5,1,1,-0.005734310289901234,-0.005734310289901234,0.0,サンプル不足,0.0
v4,volume_ratio_20d,出来高比,当日出来高と20日平均出来高の比率,True,全体,全体,10d,10営業日,1,20,20,0.06427064194454397,0.013686630641801534,0.55,サンプル不足,-0.07403672423987981
v4,volume_ratio_20d,出来高比,当日出来高と20日平均出来高の比率,True,全体,全体,10d,10営業日,2,20,20,-0.007046454220033469,-0.022067633449016688,0.4,サンプル不足,-0.07403672423987981
v4,volume_ratio_20d,出来高比,当日出来高と20日平均出来高の比率,True,全体,全体,10d,10営業日,3,20,20,0.0012282978867672156,-0.0250785006796998,0.45,サンプル不足,-0.07403672423987981
v4,volume_ratio_20d,出来高比,当日出来高と20日平均出来高の比率,True,全体,全体,10d,10営業日,4,20,20,0.002080368254056439,-0.0008732356962365406,0.5,サンプル不足,-0.07403672423987981
v4,volume_ratio_20d,出来高比,当日出来高と20日平均出来高の比率,True,全体,全体,10d,10営業日,5,20,20,-0.009766082295335836,-0.0006167277698377882,0.5,サンプル不足,-0.07403672423987981
v4,volume_ratio_20d,出来高比,当日出来高と20日平均出来高の比率,True,全体,全体,1d,1営業日,1,20,20,0.029039381903192264,-0.0013497919305812123,0.45,サンプル不足,-0.04212622920854378
v4,volume_ratio_20d,出来高比,当日出来高と20日平均出来高の比率,True,全体,全体,1d,1営業日,2,20,20,-0.002466127876981465,-0.007118664095569549,0.4,サンプル不足,-0.04212622920854378
v4,volume_ratio_20d,出来高比,当日出来高と20日平均出来高の比率,True,全体,全体,1d,1営業日,3,20,20,-0.00704555705328295,-0.010297653012465102,0.4,サンプル不足,-0.04212622920854378
v4,volume_ratio_20d,出来高比,当日出来高と20日平均出来高の比率,True,全体,全体,1d,1営業日,4,20,20,-0.01294823836171686,-0.005548780487804883,0.3,サンプル不足,-0.04212622920854378
v4,volume_ratio_20d,出来高比,当日出来高と20日平均出来高の比率,True,全体,全体,1d,1営業日,5,20,20,-0.013086847305351517,-0.010049168282207699,0.4,サンプル不足,-0.04212622920854378
v4,volume_ratio_20d,出来高比,当日出来高と20日平均出来高の比率,True,全体,全体,3d,3営業日,1,20,20,0.08355867463833022,0.044255168521917465,0.75,サンプル不足,-0.06427671178216252
v4,volume_ratio_20d,出来高比,当日出来高と20日平均出来高の比率,True,全体,全体,3d,3営業日,2,20,20,0.026018334901513923,0.013994370025237846,0.7,サンプル不足,-0.06427671178216252
v4,volume_ratio_20d,出来高比,当日出来高と20日平均出来高の比率,True,全体,全体,3d,3営業日,3,20,20,0.02449514169944883,0.006063819200308599,0.6,サンプル不足,-0.06427671178216252
v4,volume_ratio_20d,出来高比,当日出来高と20日平均出来高の比率,True,全体,全体,3d,3営業日,4,20,20,0.036176124986173286,0.01678504883230758,0.7,サンプル不足,-0.06427671178216252
v4,volume_ratio_20d,出来高比,当日出来高と20日平均出来高の比率,True,全体,全体,3d,3営業日,5,20,20,0.019281962856167713,0.007440093449931462,0.55,サンプル不足,-0.06427671178216252
v4,volume_ratio_20d,出来高比,当日出来高と20日平均出来高の比率,True,全体,全体,5d,5営業日,1,20,20,0.11727451523051466,0.10693195578241144,0.85,サンプル不足,-0.07847721452340624
v4,volume_ratio_20d,出来高比,当日出来高と20日平均出来高の比率,True,全体,全体,5d,5営業日,2,20,20,0.048141798142268925,0.029373369263013815,0.75,サンプル不足,-0.07847721452340624
v4,volume_ratio_20d,出来高比,当日出来高と20日平均出来高の比率,True,全体,全体,5d,5営業日,3,20,20,0.051198646670854976,0.04537589454379598,0.65,サンプル不足,-0.07847721452340624
v4,volume_ratio_20d,出来高比,当日出来高と20日平均出来高の比率,True,全体,全体,5d,5営業日,4,20,20,0.06269336086488723,0.03389074008825166,0.75,サンプル不足,-0.07847721452340624
v4,volume_ratio_20d,出来高比,当日出来高と20日平均出来高の比率,True,全体,全体,5d,5営業日,5,20,20,0.03879730070710842,0.03177322889334777,0.55,サンプル不足,-0.07847721452340624
v4,volume_ratio_20d,出来高比,当日出来高と20日平均出来高の比率,True,業種,その他製品,10d,10営業日,5,1,1,0.0982274741506648,0.0982274741506648,1.0,サンプル不足,0.0
v4,volume_ratio_20d,出来高比,当日出来高と20日平均出来高の比率,True,業種,その他製品,1d,1営業日,5,1,1,0.0723781388478581,0.0723781388478581,1.0,サンプル不足,0.0
v4,volume_ratio_20d,出来高比,当日出来高と20日平均出来高の比率,True,業種,その他製品,3d,3営業日,5,1,1,-0.0088626292466764,-0.0088626292466764,0.0,サンプル不足,0.0
v4,volume_ratio_20d,出来高比,当日出来高と20日平均出来高の比率,True,業種,その他製品,5d,5営業日,5,1,1,-0.0745937961595273,-0.0745937961595273,0.0,サンプル不足,0.0
v4,volume_ratio_20d,出来高比,当日出来高と20日平均出来高の比率,True,業種,その他金融業,10d,10営業日,3,1,1,-0.07577132486388383,-0.07577132486388383,0.0,サンプル不足,0.07967757486388383
v4,volume_ratio_20d,出来高比,当日出来高と20日平均出来高の比率,True,業種,その他金融業,10d,10営業日,5,1,1,0.00390625,0.00390625,1.0,サンプル不足,0.07967757486388383
v4,volume_ratio_20d,出来高比,当日出来高と20日平均出来高の比率,True,業種,その他金融業,1d,1営業日,3,1,1,0.00907441016333932,0.00907441016333932,1.0,サンプル不足,-0.00907441016333932
v4,volume_ratio_20d,出来高比,当日出来高と20日平均出来高の比率,True,業種,その他金融業,1d,1営業日,5,1,1,0.0,0.0,0.0,サンプル不足,-0.00907441016333932
v4,volume_ratio_20d,出来高比,当日出来高と20日平均出来高の比率,True,業種,その他金融業,3d,3営業日,3,1,1,0.024727767695099878,0.024727767695099878,1.0,サンプル不足,-0.020821517695099878
v4,volume_ratio_20d,出来高比,当日出来高と20日平均出来高の比率,True,業種,その他金融業,3d,3営業日,5,1,1,0.00390625,0.00390625,1.0,サンプル不足,-0.020821517695099878
v4,volume_ratio_20d,出来高比,当日出来高と20日平均出来高の比率,True,業種,その他金融業,5d,5営業日,3,1,1,-0.022232304900181465,-0.022232304900181465,0.0,サンプル不足,0.022232304900181465
v4,volume_ratio_20d,出来高比,当日出来高と20日平均出来高の比率,True,業種,その他金融業,5d,5営業日,5,1,1,0.0,0.0,0.0,サンプル不足,0.022232304900181465
v4,volume_ratio_20d,出来高比,当日出来高と20日平均出来高の比率,True,業種,ガラス・土石製品,10d,10営業日,2,1,1,0.12147701582516945,0.12147701582516945,1.0,サンプル不足,-0.07750538461949576
v4,volume_ratio_20d,出来高比,当日出来高と20日平均出来高の比率,True,業種,ガラス・土石製品,10d,10営業日,5,1,1,0.0439716312056737,0.0439716312056737,1.0,サンプル不足,-0.07750538461949576
v4,volume_ratio_20d,出来高比,当日出来高と20日平均出来高の比率,True,業種,ガラス・土石製品,1d,1営業日,2,1,1,0.016880180859080607,0.016880180859080607,1.0,サンプル不足,-0.06227025178106631
v4,volume_ratio_20d,出来高比,当日出来高と20日平均出来高の比率,True,業種,ガラス・土石製品,1d,1営業日,5,1,1,-0.0453900709219857,-0.0453900709219857,0.0,サンプル不足,-0.06227025178106631
v4,volume_ratio_20d,出来高比,当日出来高と20日平均出来高の比率,True,業種,ガラス・土石製品,3d,3営業日,2,1,1,0.10143180105501126,0.10143180105501126,1.0,サンプル不足,0.21062493653364123
v4,volume_ratio_20d,出来高比,当日出来高と20日平均出来高の比率,True,業種,ガラス・土石製品,3d,3営業日,5,1,1,0.3120567375886525,0.3120567375886525,1.0,サンプル不足,0.21062493653364123
v4,volume_ratio_20d,出来高比,当日出来高と20日平均出来高の比率,True,業種,ガラス・土石製品,5d,5営業日,2,1,1,0.15975885455915595,0.15975885455915595,1.0,サンプル不足,0.07712057806495745
v4,volume_ratio_20d,出来高比,当日出来高と20日平均出来高の比率,True,業種,ガラス・土石製品,5d,5営業日,5,1,1,0.2368794326241134,0.2368794326241134,1.0,サンプル不足,0.07712057806495745
v4,volume_ratio_20d,出来高比,当日出来高と20日平均出来高の比率,True,業種,ゴム製品,10d,10営業日,4,1,1,-0.05354147851890079,-0.05354147851890079,0.0,サンプル不足,-0.017150069230824738
v4,volume_ratio_20d,出来高比,当日出来高と20日平均出来高の比率,True,業種,ゴム製品,10d,10営業日,5,1,1,-0.07069154774972553,-0.07069154774972553,0.0,サンプル不足,-0.017150069230824738
v4,volume_ratio_20d,出来高比,当日出来高と20日平均出来高の比率,True,業種,ゴム製品,1d,1営業日,4,1,1,0.0017750985759901194,0.0017750985759901194,1.0,サンプル不足,-0.02495639831528762
v4,volume_ratio_20d,出来高比,当日出来高と20日平均出来高の比率,True,業種,ゴム製品,1d,1営業日,5,1,1,-0.0231812997392975,-0.0231812997392975,0.0,サンプル不足,-0.02495639831528762
v4,volume_ratio_20d,出来高比,当日出来高と20日平均出来高の比率,True,業種,ゴム製品,3d,3営業日,4,1,1,0.01162652399690356,0.01162652399690356,1.0,サンプル不足,-0.03825259167665107
v4,volume_ratio_20d,出来高比,当日出来高と20日平均出来高の比率,True,業種,ゴム製品,3d,3営業日,5,1,1,-0.02662606767974751,-0.02662606767974751,0.0,サンプル不足,-0.03825259167665107
v4,volume_ratio_20d,出来高比,当日出来高と20日平均出来高の比率,True,業種,ゴム製品,5d,5営業日,4,1,1,-0.010507212778996244,-0.010507212778996244,0.0,サンプル不足,-0.020855451017655735
v4,volume_ratio_20d,出来高比,当日出来高と20日平均出来高の比率,True,業種,ゴム製品,5d,5営業日,5,1,1,-0.03136266379665198,-0.03136266379665198,0.0,サンプル不足,-0.020855451017655735
v4,volume_ratio_20d,出来高比,当日出来高と20日平均出来高の比率,True,業種,サービス業,10d,10営業日,1,1,1,-0.05797418507985119,-0.05797418507985119,0.0,サンプル不足,0.05455580188157358
v4,volume_ratio_20d,出来高比,当日出来高と20日平均出来高の比率,True,業種,サービス業,10d,10営業日,4,1,1,0.054655870445344146,0.054655870445344146,1.0,サンプル不足,0.05455580188157358
v4,volume_ratio_20d,出来高比,当日出来高と20日平均出来高の比率,True,業種,サービス業,10d,10営業日,5,4,4,-0.0034183831982776136,0.07917585783121805,0.75,サンプル不足,0.05455580188157358
v4,volume_ratio_20d,出来高比,当日出来高と20日平均出来高の比率,True,業種,サービス業,1d,1営業日,1,1,1,-0.009188361408882129,-0.009188361408882129,0.0,サンプル不足,-0.02359355178997897
v4,volume_ratio_20d,出来高比,当日出来高と20日平均出来高の比率,True,業種,サービス業,1d,1営業日,4,1,1,-0.029959514170040502,-0.029959514170040502,0.0,サンプル不足,-0.02359355178997897
v4,volume_ratio_20d,出来高比,当日出来高と20日平均出来高の比率,True,業種,サービス業,1d,1営業日,5,4,4,-0.0327819131988611,0.013523770253966824,0.5,サンプル不足,-0.02359355178997897
v4,volume_ratio_20d,出来高比,当日出来高と20日平均出来高の比率,True,業種,サービス業,3d,3営業日,1,1,1,-0.022533362502734633,-0.022533362502734633,0.0,サンプル不足,-0.0059119410997348215
v4,volume_ratio_20d,出来高比,当日出来高と20日平均出来高の比率,True,業種,サービス業,3d,3営業日,4,1,1,-0.01174089068825912,-0.01174089068825912,0.0,サンプル不足,-0.0059119410997348215
v4,volume_ratio_20d,出来高比,当日出来高と20日平均出来高の比率,True,業種,サービス業,3d,3営業日,5,4,4,-0.028445303602469454,0.03753928804083062,0.75,サンプル不足,-0.0059119410997348215
v4,volume_ratio_20d,出来高比,当日出来高と20日平均出来高の比率,True,業種,サービス業,5d,5営業日,1,1,1,-0.025377379129293387,-0.025377379129293387,0.0,サンプル不足,0.08620031130644021
v4,volume_ratio_20d,出来高比,当日出来高と20日平均出来高の比率,True,業種,サービス業,5d,5営業日,4,1,1,0.06558704453441289,0.06558704453441289,1.0,サンプル不足,0.08620031130644021
v4,volume_ratio_20d,出来高比,当日出来高と20日平均出来高の比率,True,業種,サービス業,5d,5営業日,5,4,4,0.06082293217714682,0.07578231345448161,0.75,サンプル不足,0.08620031130644021
v4,volume_ratio_20d,出来高比,当日出来高と20日平均出来高の比率,True,業種,不動産業,10d,10営業日,1,1,1,0.1324085750315258,0.1324085750315258,1.0,サンプル不足,0.01573957311662233
v4,volume_ratio_20d,出来高比,当日出来高と20日平均出来高の比率,True,業種,不動産業,10d,10営業日,5,1,1,0.14814814814814814,0.14814814814814814,1.0,サンプル不足,0.01573957311662233
v4,volume_ratio_20d,出来高比,当日出来高と20日平均出来高の比率,True,業種,不動産業,1d,1営業日,1,1,1,0.1324085750315258,0.1324085750315258,1.0,サンプル不足,-0.12006289601918008
v4,volume_ratio_20d,出来高比,当日出来高と20日平均出来高の比率,True,業種,不動産業,1d,1営業日,5,1,1,0.012345679012345734,0.012345679012345734,1.0,サンプル不足,-0.12006289601918008
v4,volume_ratio_20d,出来高比,当日出来高と20日平均出来高の比率,True,業種,不動産業,3d,3営業日,1,1,1,0.1324085750315258,0.1324085750315258,1.0,サンプル不足,0.0033938941042765958
v4,volume_ratio_20d,出来高比,当日出来高と20日平均出来高の比率,True,業種,不動産業,3d,3営業日,5,1,1,0.1358024691358024,0.1358024691358024,1.0,サンプル不足,0.0033938941042765958
v4,volume_ratio_20d,出来高比,当日出来高と20日平均出来高の比率,True,業種,不動産業,5d,5営業日,1,1,1,0.13114754098360648,0.13114754098360648,1.0,サンプル不足,-0.02003642987249532
v4,volume_ratio_20d,出来高比,当日出来高と20日平均出来高の比率,True,業種,不動産業,5d,5営業日,5,1,1,0.11111111111111116,0.11111111111111116,1.0,サンプル不足,-0.02003642987249532
v4,volume_ratio_20d,出来高比,当日出来高と20日平均出来高の比率,True,業種,保険業,10d,10営業日,2,1,1,-0.02083333333333337,-0.02083333333333337,0.0,サンプル不足,0.0
v4,volume_ratio_20d,出来高比,当日出来高と20日平均出来高の比率,True,業種,保険業,1d,1営業日,2,1,1,0.007601351351351315,0.007601351351351315,1.0,サンプル不足,0.0
v4,volume_ratio_20d,出来高比,当日出来高と20日平均出来高の比率,True,業種,保険業,3d,3営業日,2,1,1,0.025056306306306286,0.025056306306306286,1.0,サンプル不足,0.0
v4,volume_ratio_20d,出来高比,当日出来高と20日平均出来高の比率,True,業種,保険業,5d,5営業日,2,1,1,0.032939189189189255,0.032939189189189255,1.0,サンプル不足,0.0
v4,volume_ratio_20d,出来高比,当日出来高と20日平均出来高の比率,True,業種,化学,10d,10営業日,1,4,4,-0.02677371181525784,-0.03902225200580167,0.25,サンプル不足,-0.04592862014633342
v4,volume_ratio_20d,出来高比,当日出来高と20日平均出来高の比率,True,業種,化学,10d,10営業日,2,3,3,-0.03559492612343581,-0.025882352941176467,0.3333333333333333,サンプル不足,-0.04592862014633342
v4,volume_ratio_20d,出来高比,当日出来高と20日平均出来高の比率,True,業種,化学,10d,10営業日,3,4,4,-0.008970855693494565,-0.003647147058258582,0.5,サンプル不足,-0.04592862014633342
v4,volume_ratio_20d,出来高比,当日出来高と20日平均出来高の比率,True,業種,化学,10d,10営業日,4,1,1,0.022102578634173975,0.022102578634173975,1.0,サンプル不足,-0.04592862014633342
v4,volume_ratio_20d,出来高比,当日出来高と20日平均出来高の比率,True,業種,化学,10d,10営業日,5,1,1,-0.07270233196159126,-0.07270233196159126,0.0,サンプル不足,-0.04592862014633342
v4,volume_ratio_20d,出来高比,当日出来高と20日平均出来高の比率,True,業種,化学,1d,1営業日,1,4,4,0.009966670295901509,-0.0015617848970251313,0.5,サンプル不足,-0.04151673888300714
v4,volume_ratio_20d,出来高比,当日出来高と20日平均出来高の比率,True,業種,化学,1d,1営業日,2,3,3,-0.017884292043933676,-0.017843137254901942,0.0,サンプル不足,-0.04151673888300714
v4,volume_ratio_20d,出来高比,当日出来高と20日平均出来高の比率,True,業種,化学,1d,1営業日,3,4,4,0.0023631601079525384,0.0013460399420837802,0.5,サンプル不足,-0.04151673888300714
v4,volume_ratio_20d,出来高比,当日出来高と20日平均出来高の比率,True,業種,化学,1d,1営業日,4,1,1,-0.0017001983564749468,-0.0017001983564749468,0.0,サンプル不足,-0.04151673888300714
v4,volume_ratio_20d,出来高比,当日出来高と20日平均出来高の比率,True,業種,化学,1d,1営業日,5,1,1,-0.03155006858710563,-0.03155006858710563,0.0,サンプル不足,-0.04151673888300714
v4,volume_ratio_20d,出来高比,当日出来高と20日平均出来高の比率,True,業種,化学,3d,3営業日,1,4,4,0.077377897378208,0.0857454972735785,1.0,サンプル不足,-0.06640396047834507
v4,volume_ratio_20d,出来高比,当日出来高と20日平均出来高の比率,True,業種,化学,3d,3営業日,2,3,3,-0.0020203604855360733,-0.005316792202038068,0.3333333333333333,サンプル不足,-0.06640396047834507
v4,volume_ratio_20d,出来高比,当日出来高と20日平均出来高の比率,True,業種,化学,3d,3営業日,3,4,4,0.04713075371691918,0.017479837941751893,0.75,サンプル不足,-0.06640396047834507
v4,volume_ratio_20d,出来高比,当日出来高と20日平均出来高の比率,True,業種,化学,3d,3営業日,4,1,1,0.011051289317087098,0.011051289317087098,1.0,サンプル不足,-0.06640396047834507
v4,volume_ratio_20d,出来高比,当日出来高と20日平均出来高の比率,True,業種,化学,3d,3営業日,5,1,1,0.010973936899862924,0.010973936899862924,1.0,サンプル不足,-0.06640396047834507
v4,volume_ratio_20d,出来高比,当日出来高と20日平均出来高の比率,True,業種,化学,5d,5営業日,1,4,4,0.08631521116285679,0.08178510793111804,1.0,サンプル不足,-0.03967597933843969
v4,volume_ratio_20d,出来高比,当日出来高と20日平均出来高の比率,True,業種,化学,5d,5営業日,2,3,3,-0.011002631399246954,-0.02569782897651751,0.3333333333333333,サンプル不足,-0.03967597933843969
v4,volume_ratio_20d,出来高比,当日出来高と20日平均出来高の比率,True,業種,化学,5d,5営業日,3,4,4,0.05448091100078562,0.06078834485814187,0.75,サンプル不足,-0.03967597933843969
v4,volume_ratio_20d,出来高比,当日出来高と20日平均出来高の比率,True,業種,化学,5d,5営業日,4,1,1,0.033437234344006805,0.033437234344006805,1.0,サンプル不足,-0.03967597933843969
v4,volume_ratio_20d,出来高比,当日出来高と20日平均出来高の比率,True,業種,化学,5d,5営業日,5,1,1,0.04663923182441709,0.04663923182441709,1.0,サンプル不足,-0.03967597933843969
v4,volume_ratio_20d,出来高比,当日出来高と20日平均出来高の比率,True,業種,卸売業,10d,10営業日,5,1,1,-0.0768126346015792,-0.0768126346015792,0.0,サンプル不足,0.0
v4,volume_ratio_20d,出来高比,当日出来高と20日平均出来高の比率,True,業種,卸売業,1d,1営業日,5,1,1,-0.1184493898061737,-0.1184493898061737,0.0,サンプル不足,0.0
v4,volume_ratio_20d,出来高比,当日出来高と20日平均出来高の比率,True,業種,卸売業,3d,3営業日,5,1,1,-0.0760947595118449,-0.0760947595118449,0.0,サンプル不足,0.0
v4,volume_ratio_20d,出来高比,当日出来高と20日平均出来高の比率,True,業種,卸売業,5d,5営業日,5,1,1,-0.0753768844221105,-0.0753768844221105,0.0,サンプル不足,0.0
v4,volume_ratio_20d,出来高比,当日出来高と20日平均出来高の比率,True,業種,小売業,10d,10営業日,2,1,1,-0.025233783125976572,-0.025233783125976572,0.0,サンプル不足,-0.048411231354784756
v4,volume_ratio_20d,出来高比,当日出来高と20日平均出来高の比率,True,業種,小売業,10d,10営業日,3,1,1,-0.0428655314151497,-0.0428655314151497,0.0,サンプル不足,-0.048411231354784756
v4,volume_ratio_20d,出来高比,当日出来高と20日平均出来高の比率,True,業種,小売業,10d,10営業日,5,1,1,-0.07364501448076133,-0.07364501448076133,0.0,サンプル不足,-0.048411231354784756
v4,volume_ratio_20d,出来高比,当日出来高と20日平均出来高の比率,True,業種,小売業,1d,1営業日,2,1,1,-0.009054529479834983,-0.009054529479834983,0.0,サンプル不足,-0.04307621110767024
v4,volume_ratio_20d,出来高比,当日出来高と20日平均出来高の比率,True,業種,小売業,1d,1営業日,3,1,1,0.0041103934233706,0.0041103934233706,1.0,サンプル不足,-0.04307621110767024
v4,volume_ratio_20d,出来高比,当日出来高と20日平均出来高の比率,True,業種,小売業,1d,1営業日,5,1,1,-0.05213074058750522,-0.05213074058750522,0.0,サンプル不足,-0.04307621110767024
v4,volume_ratio_20d,出来高比,当日出来高と20日平均出来高の比率,True,業種,小売業,3d,3営業日,2,1,1,-0.03592105056930661,-0.03592105056930661,0.0,サンプル不足,-0.0009014566710739969
v4,volume_ratio_20d,出来高比,当日出来高と20日平均出来高の比率,True,業種,小売業,3d,3営業日,3,1,1,0.003523194362889,0.003523194362889,1.0,サンプル不足,-0.0009014566710739969
v4,volume_ratio_20d,出来高比,当日出来高と20日平均出来高の比率,True,業種,小売業,3d,3営業日,5,1,1,-0.03682250724038061,-0.03682250724038061,0.0,サンプル不足,-0.0009014566710739969
v4,volume_ratio_20d,出来高比,当日出来高と20日平均出来高の比率,True,業種,小売業,5d,5営業日,2,1,1,-0.0280540657141245,-0.0280540657141245,0.0,サンプル不足,-0.04021238029332275
v4,volume_ratio_20d,出来高比,当日出来高と20日平均出来高の比率,True,業種,小売業,5d,5営業日,3,1,1,-0.0217263652378155,-0.0217263652378155,0.0,サンプル不足,-0.04021238029332275
v4,volume_ratio_20d,出来高比,当日出来高と20日平均出来高の比率,True,業種,小売業,5d,5営業日,5,1,1,-0.06826644600744725,-0.06826644600744725,0.0,サンプル不足,-0.04021238029332275
v4,volume_ratio_20d,出来高比,当日出来高と20日平均出来高の比率,True,業種,建設業,10d,10営業日,3,1,1,0.1444652908067543,0.1444652908067543,1.0,サンプル不足,-0.18736904284590605
v4,volume_ratio_20d,出来高比,当日出来高と20日平均出来高の比率,True,業種,建設業,10d,10営業日,4,1,1,-0.042903752039151755,-0.042903752039151755,0.0,サンプル不足,-0.18736904284590605
v4,volume_ratio_20d,出来高比,当日出来高と20日平均出来高の比率,True,業種,建設業,1d,1営業日,3,1,1,-0.02814258911819889,-0.02814258911819889,0.0,サンプル不足,-0.009540934535960943
v4,volume_ratio_20d,出来高比,当日出来高と20日平均出来高の比率,True,業種,建設業,1d,1営業日,4,1,1,-0.037683523654159834,-0.037683523654159834,0.0,サンプル不足,-0.009540934535960943
v4,volume_ratio_20d,出来高比,当日出来高と20日平均出来高の比率,True,業種,建設業,3d,3営業日,3,1,1,0.1073170731707318,0.1073170731707318,1.0,サンプル不足,-0.12836111884773016
v4,volume_ratio_20d,出来高比,当日出来高と20日平均出来高の比率,True,業種,建設業,3d,3営業日,4,1,1,-0.021044045676998357,-0.021044045676998357,0.0,サンプル不足,-0.12836111884773016
v4,volume_ratio_20d,出来高比,当日出来高と20日平均出来高の比率,True,業種,建設業,5d,5営業日,3,1,1,0.17260787992495308,0.17260787992495308,1.0,サンプル不足,-0.19870902184991235
v4,volume_ratio_20d,出来高比,当日出来高と20日平均出来高の比率,True,業種,建設業,5d,5営業日,4,1,1,-0.02610114192495927,-0.02610114192495927,0.0,サンプル不足,-0.19870902184991235
v4,volume_ratio_20d,出来高比,当日出来高と20日平均出来高の比率,True,業種,情報・通信業,10d,10営業日,1,1,1,-0.1666666666666666,-0.1666666666666666,0.0,サンプル不足,-0.0833333333333334
v4,volume_ratio_20d,出来高比,当日出来高と20日平均出来高の比率,True,業種,情報・通信業,10d,10営業日,2,1,1,-0.1743941728533408,-0.1743941728533408,0.0,サンプル不足,-0.0833333333333334
v4,volume_ratio_20d,出来高比,当日出来高と20日平均出来高の比率,True,業種,情報・通信業,10d,10営業日,5,1,1,-0.25,-0.25,0.0,サンプル不足,-0.0833333333333334
v4,volume_ratio_20d,出来高比,当日出来高と20日平均出来高の比率,True,業種,情報・通信業,1d,1営業日,1,1,1,0.1666666666666667,0.1666666666666667,1.0,サンプル不足,-0.25690335305719925
v4,volume_ratio_20d,出来高比,当日出来高と20日平均出来高の比率,True,業種,情報・通信業,1d,1営業日,2,1,1,-0.005182798711304115,-0.005182798711304115,0.0,サンプル不足,-0.25690335305719925
v4,volume_ratio_20d,出来高比,当日出来高と20日平均出来高の比率,True,業種,情報・通信業,1d,1営業日,5,1,1,-0.0902366863905325,-0.0902366863905325,0.0,サンプル不足,-0.25690335305719925
v4,volume_ratio_20d,出来高比,当日出来高と20日平均出来高の比率,True,業種,情報・通信業,3d,3営業日,1,1,1,-0.0666666666666666,-0.0666666666666666,0.0,サンプル不足,-0.09575936883629191
v4,volume_ratio_20d,出来高比,当日出来高と20日平均出来高の比率,True,業種,情報・通信業,3d,3営業日,2,1,1,0.007003782042302786,0.007003782042302786,1.0,サンプル不足,-0.09575936883629191
v4,volume_ratio_20d,出来高比,当日出来高と20日平均出来高の比率,True,業種,情報・通信業,3d,3営業日,5,1,1,-0.1624260355029585,-0.1624260355029585,0.0,サンプル不足,-0.09575936883629191
v4,volume_ratio_20d,出来高比,当日出来高と20日平均出来高の比率,True,業種,情報・通信業,5d,5営業日,1,1,1,-0.1966666666666666,-0.1966666666666666,0.0,サンプル不足,0.03986193293885601
v4,volume_ratio_20d,出来高比,当日出来高と20日平均出来高の比率,True,業種,情報・通信業,5d,5営業日,2,1,1,0.014707942288835874,0.014707942288835874,1.0,サンプル不足,0.03986193293885601
v4,volume_ratio_20d,出来高比,当日出来高と20日平均出来高の比率,True,業種,情報・通信業,5d,5営業日,5,1,1,-0.1568047337278106,-0.1568047337278106,0.0,サンプル不足,0.03986193293885601
v4,volume_ratio_20d,出来高比,当日出来高と20日平均出来高の比率,True,業種,機械,10d,10営業日,1,2,2,0.404205486586244,0.404205486586244,0.5,サンプル不足,-0.4409662350984202
v4,volume_ratio_20d,出来高比,当日出来高と20日平均出来高の比率,True,業種,機械,10d,10営業日,2,5,5,0.015182964740275815,0.004562954513047224,0.6,サンプル不足,-0.4409662350984202
v4,volume_ratio_20d,出来高比,当日出来高と20日平均出来高の比率,True,業種,機械,10d,10営業日,3,3,3,0.014644711504884755,0.002219755826859071,0.6666666666666666,サンプル不足,-0.4409662350984202
v4,volume_ratio_20d,出来高比,当日出来高と20日平均出来高の比率,True,業種,機械,10d,10営業日,4,7,7,-0.02081982549305477,-0.006447453255963853,0.42857142857142855,サンプル不足,-0.4409662350984202
v4,volume_ratio_20d,出来高比,当日出来高と20日平均出来高の比率,True,業種,機械,10d,10営業日,5,4,4,-0.0367607485121762,-0.03461172258826217,0.25,サンプル不足,-0.4409662350984202
v4,volume_ratio_20d,出来高比,当日出来高と20日平均出来高の比率,True,業種,機械,1d,1営業日,1,2,2,0.0889178789819582,0.0889178789819582,0.5,サンプル不足,-0.10090551941299884
v4,volume_ratio_20d,出来高比,当日出来高と20日平均出来高の比率,True,業種,機械,1d,1営業日,2,5,5,0.007736381412701282,0.014901420949330335,0.6,サンプル不足,-0.10090551941299884
v4,volume_ratio_20d,出来高比,当日出来高と20日平均出来高の比率,True,業種,機械,1d,1営業日,3,3,3,-0.0027803410416250996,0.002262443438914,0.6666666666666666,サンプル不足,-0.10090551941299884
v4,volume_ratio_20d,出来高比,当日出来高と20日平均出来高の比率,True,業種,機械,1d,1営業日,4,7,7,-0.013117835504731714,-0.0050000000000000044,0.2857142857142857,サンプル不足,-0.10090551941299884
v4,volume_ratio_20d,出来高比,当日出来高と20日平均出来高の比率,True,業種,機械,1d,1営業日,5,4,4,-0.011987640431040641,-0.02952039364403619,0.25,サンプル不足,-0.10090551941299884
v4,volume_ratio_20d,出来高比,当日出来高と20日平均出来高の比率,True,業種,機械,3d,3営業日,1,2,2,0.3187295858078212,0.3187295858078212,1.0,サンプル不足,-0.295406463730444
v4,volume_ratio_20d,出来高比,当日出来高と20日平均出来高の比率,True,業種,機械,3d,3営業日,2,5,5,0.026321253898753345,0.01792030920767229,0.8,サンプル不足,-0.295406463730444
v4,volume_ratio_20d,出来高比,当日出来高と20日平均出来高の比率,True,業種,機械,3d,3営業日,3,3,3,0.056578650113755145,0.07214206437291892,1.0,サンプル不足,-0.295406463730444
v4,volume_ratio_20d,出来高比,当日出来高と20日平均出来高の比率,True,業種,機械,3d,3営業日,4,7,7,0.04150583234019721,0.06089309878213811,0.7142857142857143,サンプル不足,-0.295406463730444
v4,volume_ratio_20d,出来高比,当日出来高と20日平均出来高の比率,True,業種,機械,3d,3営業日,5,4,4,0.023323122077377162,0.006441847532700606,0.5,サンプル不足,-0.295406463730444
v4,volume_ratio_20d,出来高比,当日出来高と20日平均出来高の比率,True,業種,機械,5d,5営業日,1,2,2,0.33757476095568417,0.33757476095568417,1.0,サンプル不足,-0.2693788014294985
v4,volume_ratio_20d,出来高比,当日出来高と20日平均出来高の比率,True,業種,機械,5d,5営業日,2,5,5,0.056227422742160985,0.05860544702694992,1.0,サンプル不足,-0.2693788014294985
v4,volume_ratio_20d,出来高比,当日出来高と20日平均出来高の比率,True,業種,機械,5d,5営業日,3,3,3,0.09876727922695094,0.11431742508324083,1.0,サンプル不足,-0.2693788014294985
v4,volume_ratio_20d,出来高比,当日出来高と20日平均出来高の比率,True,業種,機械,5d,5営業日,4,7,7,0.07459536273757934,0.0862696319914571,0.8571428571428571,サンプル不足,-0.2693788014294985
v4,volume_ratio_20d,出来高比,当日出来高と20日平均出来高の比率,True,業種,機械,5d,5営業日,5,4,4,0.06819595952618568,0.03991635514259684,1.0,サンプル不足,-0.2693788014294985
v4,volume_ratio_20d,出来高比,当日出来高と20日平均出来高の比率,True,業種,海運業,10d,10営業日,3,1,1,-0.07318923018581724,-0.07318923018581724,0.0,サンプル不足,0.0
v4,volume_ratio_20d,出来高比,当日出来高と20日平均出来高の比率,True,業種,海運業,1d,1営業日,3,1,1,-0.015927189988623414,-0.015927189988623414,0.0,サンプル不足,0.0
v4,volume_ratio_20d,出来高比,当日出来高と20日平均出来高の比率,True,業種,海運業,3d,3営業日,3,1,1,-0.04702313234736444,-0.04702313234736444,0.0,サンプル不足,0.0
v4,volume_ratio_20d,出来高比,当日出来高と20日平均出来高の比率,True,業種,海運業,5d,5営業日,3,1,1,-0.04323094425483509,-0.04323094425483509,0.0,サンプル不足,0.0
v4,volume_ratio_20d,出来高比,当日出来高と20日平均出来高の比率,True,業種,空運業,10d,10営業日,4,1,1,-0.0036544850498339,-0.0036544850498339,0.0,サンプル不足,0.018529639999364633
v4,volume_ratio_20d,出来高比,当日出来高と20日平均出来高の比率,True,業種,空運業,10d,10営業日,5,1,1,0.014875154949530733,0.014875154949530733,1.0,サンプル不足,0.018529639999364633
v4,volume_ratio_20d,出来高比,当日出来高と20日平均出来高の比率,True,業種,空運業,1d,1営業日,4,1,1,0.0109634551495017,0.0109634551495017,1.0,サンプル不足,-0.004588388742559957
v4,volume_ratio_20d,出来高比,当日出来高と20日平均出来高の比率,True,業種,空運業,1d,1営業日,5,1,1,0.006375066406941743,0.006375066406941743,1.0,サンプル不足,-0.004588388742559957
v4,volume_ratio_20d,出来高比,当日出来高と20日平均出来高の比率,True,業種,空運業,3d,3営業日,4,1,1,-0.0046511627906976605,-0.0046511627906976605,0.0,サンプル不足,-0.004203096107832538
v4,volume_ratio_20d,出来高比,当日出来高と20日平均出来高の比率,True,業種,空運業,3d,3営業日,5,1,1,-0.008854258898530198,-0.008854258898530198,0.0,サンプル不足,-0.004203096107832538
v4,volume_ratio_20d,出来高比,当日出来高と20日平均出来高の比率,True,業種,空運業,5d,5営業日,4,1,1,-0.025083056478405363,-0.025083056478405363,0.0,サンプル不足,0.013926690266257369
v4,volume_ratio_20d,出来高比,当日出来高と20日平均出来高の比率,True,業種,空運業,5d,5営業日,5,1,1,-0.011156366212147995,-0.011156366212147995,0.0,サンプル不足,0.013926690266257369
v4,volume_ratio_20d,出来高比,当日出来高と20日平均出来高の比率,True,業種,繊維製品,10d,10営業日,3,1,1,-0.04926931106471821,-0.04926931106471821,0.0,サンプル不足,0.0
v4,volume_ratio_20d,出来高比,当日出来高と20日平均出来高の比率,True,業種,繊維製品,1d,1営業日,3,1,1,-0.017118997912317302,-0.017118997912317302,0.0,サンプル不足,0.0
v4,volume_ratio_20d,出来高比,当日出来高と20日平均出来高の比率,True,業種,繊維製品,3d,3営業日,3,1,1,-0.0041753653444676075,-0.0041753653444676075,0.0,サンプル不足,0.0
v4,volume_ratio_20d,出来高比,当日出来高と20日平均出来高の比率,True,業種,繊維製品,5d,5営業日,3,1,1,-0.02171189979123178,-0.02171189979123178,0.0,サンプル不足,0.0
v4,volume_ratio_20d,出来高比,当日出来高と20日平均出来高の比率,True,業種,証券、商品先物取引業,10d,10営業日,2,1,1,0.0007072135785006761,0.0007072135785006761,1.0,サンプル不足,-0.004782448688218532
v4,volume_ratio_20d,出来高比,当日出来高と20日平均出来高の比率,True,業種,証券、商品先物取引業,10d,10営業日,4,1,1,-0.004075235109717856,-0.004075235109717856,0.0,サンプル不足,-0.004782448688218532
v4,volume_ratio_20d,出来高比,当日出来高と20日平均出来高の比率,True,業種,証券、商品先物取引業,1d,1営業日,2,1,1,0.0007072135785006761,0.0007072135785006761,1.0,サンプル不足,0.003994980778866175
v4,volume_ratio_20d,出来高比,当日出来高と20日平均出来高の比率,True,業種,証券、商品先物取引業,1d,1営業日,4,1,1,0.004702194357366851,0.004702194357366851,1.0,サンプル不足,0.003994980778866175
v4,volume_ratio_20d,出来高比,当日出来高と20日平均出来高の比率,True,業種,証券、商品先物取引業,3d,3営業日,2,1,1,0.014851485148514865,0.014851485148514865,1.0,サンプル不足,0.0070920885191967376
v4,volume_ratio_20d,出来高比,当日出来高と20日平均出来高の比率,True,業種,証券、商品先物取引業,3d,3営業日,4,1,1,0.021943573667711602,0.021943573667711602,1.0,サンプル不足,0.0070920885191967376
v4,volume_ratio_20d,出来高比,当日出来高と20日平均出来高の比率,True,業種,証券、商品先物取引業,5d,5営業日,2,1,1,0.01591230551626599,0.01591230551626599,1.0,サンプル不足,0.003523431160850077
v4,volume_ratio_20d,出来高比,当日出来高と20日平均出来高の比率,True,業種,証券、商品先物取引業,5d,5営業日,4,1,1,0.019435736677116067,0.019435736677116067,1.0,サンプル不足,0.003523431160850077
v4,volume_ratio_20d,出来高比,当日出来高と20日平均出来高の比率,True,業種,輸送用機器,10d,10営業日,1,1,1,0.012345679012345734,0.012345679012345734,1.0,サンプル不足,-0.08418146151372569
v4,volume_ratio_20d,出来高比,当日出来高と20日平均出来高の比率,True,業種,輸送用機器,10d,10営業日,2,2,2,-0.07183578250137995,-0.07183578250137995,0.0,サンプル不足,-0.08418146151372569
v4,volume_ratio_20d,出来高比,当日出来高と20日平均出来高の比率,True,業種,輸送用機器,1d,1営業日,1,1,1,-0.013031550068587139,-0.013031550068587139,0.0,サンプル不足,-0.002953827825371347
v4,volume_ratio_20d,出来高比,当日出来高と20日平均出来高の比率,True,業種,輸送用機器,1d,1営業日,2,2,2,-0.015985377893958486,-0.015985377893958486,0.0,サンプル不足,-0.002953827825371347
v4,volume_ratio_20d,出来高比,当日出来高と20日平均出来高の比率,True,業種,輸送用機器,3d,3営業日,1,1,1,-0.03017832647462282,-0.03017832647462282,0.0,サンプル不足,0.014174202290867521
v4,volume_ratio_20d,出来高比,当日出来高と20日平均出来高の比率,True,業種,輸送用機器,3d,3営業日,2,2,2,-0.016004124183755297,-0.016004124183755297,0.5,サンプル不足,0.014174202290867521
v4,volume_ratio_20d,出来高比,当日出来高と20日平均出来高の比率,True,業種,輸送用機器,5d,5営業日,1,1,1,-0.03052126200274352,-0.03052126200274352,0.0,サンプル不足,0.043632208794524285
v4,volume_ratio_20d,出来高比,当日出来高と20日平均出来高の比率,True,業種,輸送用機器,5d,5営業日,2,2,2,0.013110946791780764,0.013110946791780764,0.5,サンプル不足,0.043632208794524285
v4,volume_ratio_20d,出来高比,当日出来高と20日平均出来高の比率,True,業種,金属製品,10d,10営業日,1,1,1,0.3711201079622133,0.3711201079622133,1.0,サンプル不足,-0.1360010603431657
v4,volume_ratio_20d,出来高比,当日出来高と20日平均出来高の比率,True,業種,金属製品,10d,10営業日,4,1,1,-0.1082462253193961,-0.1082462253193961,0.0,サンプル不足,-0.1360010603431657
v4,volume_ratio_20d,出来高比,当日出来高と20日平均出来高の比率,True,業種,金属製品,10d,10営業日,5,1,1,0.2351190476190476,0.2351190476190476,1.0,サンプル不足,-0.1360010603431657
v4,volume_ratio_20d,出来高比,当日出来高と20日平均出来高の比率,True,業種,金属製品,1d,1営業日,1,1,1,-0.03545541287112,-0.03545541287112,0.0,サンプル不足,0.1757083890615962
v4,volume_ratio_20d,出来高比,当日出来高と20日平均出来高の比率,True,業種,金属製品,1d,1営業日,4,1,1,-0.037371039307491305,-0.037371039307491305,0.0,サンプル不足,0.1757083890615962
v4,volume_ratio_20d,出来高比,当日出来高と20日平均出来高の比率,True,業種,金属製品,1d,1営業日,5,1,1,0.1402529761904762,0.1402529761904762,1.0,サンプル不足,0.1757083890615962
v4,volume_ratio_20d,出来高比,当日出来高と20日平均出来高の比率,True,業種,金属製品,3d,3営業日,1,1,1,0.1757488297064777,0.1757488297064777,1.0,サンプル不足,0.0575100988649509
v4,volume_ratio_20d,出来高比,当日出来高と20日平均出来高の比率,True,業種,金属製品,3d,3営業日,4,1,1,0.0008559950275841555,0.0008559950275841555,1.0,サンプル不足,0.0575100988649509
v4,volume_ratio_20d,出来高比,当日出来高と20日平均出来高の比率,True,業種,金属製品,3d,3営業日,5,1,1,0.2332589285714286,0.2332589285714286,1.0,サンプル不足,0.0575100988649509
v4,volume_ratio_20d,出来高比,当日出来高と20日平均出来高の比率,True,業種,金属製品,5d,5営業日,1,1,1,0.4178940251771255,0.4178940251771255,1.0,サンプル不足,-0.04512616803426828
v4,volume_ratio_20d,出来高比,当日出来高と20日平均出来高の比率,True,業種,金属製品,5d,5営業日,4,1,1,-0.022080293626597025,-0.022080293626597025,0.0,サンプル不足,-0.04512616803426828
v4,volume_ratio_20d,出来高比,当日出来高と20日平均出来高の比率,True,業種,金属製品,5d,5営業日,5,1,1,0.3727678571428572,0.3727678571428572,1.0,サンプル不足,-0.04512616803426828
v4,volume_ratio_20d,出来高比,当日出来高と20日平均出来高の比率,True,業種,鉄鋼,10d,10営業日,4,1,1,0.14146341463414625,0.14146341463414625,1.0,サンプル不足,0.0
v4,volume_ratio_20d,出来高比,当日出来高と20日平均出来高の比率,True,業種,鉄鋼,1d,1営業日,4,1,1,-0.0060975609756097615,-0.0060975609756097615,0.0,サンプル不足,0.0
v4,volume_ratio_20d,出来高比,当日出来高と20日平均出来高の比率,True,業種,鉄鋼,3d,3営業日,4,1,1,0.02987804878048772,0.02987804878048772,1.0,サンプル不足,0.0
v4,volume_ratio_20d,出来高比,当日出来高と20日平均出来高の比率,True,業種,鉄鋼,5d,5営業日,4,1,1,0.18130081300813017,0.18130081300813017,1.0,サンプル不足,0.0
v4,volume_ratio_20d,出来高比,当日出来高と20日平均出来高の比率,True,業種,銀行業,10d,10営業日,1,1,1,-0.03752345215759845,-0.03752345215759845,0.0,サンプル不足,0.027961453391404767
v4,volume_ratio_20d,出来高比,当日出来高と20日平均出来高の比率,True,業種,銀行業,10d,10営業日,2,1,1,-0.018093160528679597,-0.018093160528679597,0.0,サンプル不足,0.027961453391404767
v4,volume_ratio_20d,出来高比,当日出来高と20日平均出来高の比率,True,業種,銀行業,10d,10営業日,3,2,2,-0.0250785006796998,-0.0250785006796998,0.0,サンプル不足,0.027961453391404767
v4,volume_ratio_20d,出来高比,当日出来高と20日平均出来高の比率,True,業種,銀行業,10d,10営業日,4,1,1,-0.00956199876619368,-0.00956199876619368,0.0,サンプル不足,0.027961453391404767
v4,volume_ratio_20d,出来高比,当日出来高と20日平均出来高の比率,True,業種,銀行業,1d,1営業日,1,1,1,-0.008755472170106304,-0.008755472170106304,0.0,サンプル不足,0.004437150146664015
v4,volume_ratio_20d,出来高比,当日出来高と20日平均出来高の比率,True,業種,銀行業,1d,1営業日,2,1,1,-0.00461953034774798,-0.00461953034774798,0.0,サンプル不足,0.004437150146664015
v4,volume_ratio_20d,出来高比,当日出来高と20日平均出来高の比率,True,業種,銀行業,1d,1営業日,3,2,2,-0.01191634801588165,-0.01191634801588165,0.0,サンプル不足,0.004437150146664015
v4,volume_ratio_20d,出来高比,当日出来高と20日平均出来高の比率,True,業種,銀行業,1d,1営業日,4,1,1,-0.004318322023442289,-0.004318322023442289,0.0,サンプル不足,0.004437150146664015
v4,volume_ratio_20d,出来高比,当日出来高と20日平均出来高の比率,True,業種,銀行業,3d,3営業日,1,1,1,0.03064415259537201,0.03064415259537201,1.0,サンプル不足,0.010071455054226908
v4,volume_ratio_20d,出来高比,当日出来高と20日平均出来高の比率,True,業種,銀行業,3d,3営業日,2,1,1,0.05851405107147434,0.05851405107147434,1.0,サンプル不足,0.010071455054226908
v4,volume_ratio_20d,出来高比,当日出来高と20日平均出来高の比率,True,業種,銀行業,3d,3営業日,3,2,2,0.009767007192823696,0.009767007192823696,0.5,サンプル不足,0.010071455054226908
v4,volume_ratio_20d,出来高比,当日出来高と20日平均出来高の比率,True,業種,銀行業,3d,3営業日,4,1,1,0.04071560764959892,0.04071560764959892,1.0,サンプル不足,0.010071455054226908
v4,volume_ratio_20d,出来高比,当日出来高と20日平均出来高の比率,True,業種,銀行業,5d,5営業日,1,1,1,0.022201375859912442,0.022201375859912442,1.0,サンプル不足,0.005867717292462604
v4,volume_ratio_20d,出来高比,当日出来高と20日平均出来高の比率,True,業種,銀行業,5d,5営業日,2,1,1,0.032080071859361015,0.032080071859361015,1.0,サンプル不足,0.005867717292462604
v4,volume_ratio_20d,出来高比,当日出来高と20日平均出来高の比率,True,業種,銀行業,5d,5営業日,3,2,2,-0.006863429268105459,-0.006863429268105459,0.5,サンプル不足,0.005867717292462604
v4,volume_ratio_20d,出来高比,当日出来高と20日平均出来高の比率,True,業種,銀行業,5d,5営業日,4,1,1,0.028069093152375046,0.028069093152375046,1.0,サンプル不足,0.005867717292462604
v4,volume_ratio_20d,出来高比,当日出来高と20日平均出来高の比率,True,業種,電気機器,10d,10営業日,1,8,8,0.04129833185968178,0.05102059874573017,0.75,サンプル不足,-0.07629962820399082
v4,volume_ratio_20d,出来高比,当日出来高と20日平均出来高の比率,True,業種,電気機器,10d,10営業日,2,4,4,0.03749566392716977,0.03422574627121555,0.5,サンプル不足,-0.07629962820399082
v4,volume_ratio_20d,出来高比,当日出来高と20日平均出来高の比率,True,業種,電気機器,10d,10営業日,3,5,5,0.02240242685233094,0.026663001649257945,0.6,サンプル不足,-0.07629962820399082
v4,volume_ratio_20d,出来高比,当日出来高と20日平均出来高の比率,True,業種,電気機器,10d,10営業日,4,4,4,0.04777686365551047,0.030195891065456282,1.0,サンプル不足,-0.07629962820399082
v4,volume_ratio_20d,出来高比,当日出来高と20日平均出来高の比率,True,業種,電気機器,10d,10営業日,5,1,1,-0.03500129634430904,-0.03500129634430904,0.0,サンプル不足,-0.07629962820399082
v4,volume_ratio_20d,出来高比,当日出来高と20日平均出来高の比率,True,業種,電気機器,1d,1営業日,1,8,8,0.01630509421710323,0.0012039273187281485,0.5,サンプル不足,0.03062256977045187
v4,volume_ratio_20d,出来高比,当日出来高と20日平均出来高の比率,True,業種,電気機器,1d,1営業日,2,4,4,-0.0021781799833658078,0.0007848829840956806,0.5,サンプル不足,0.03062256977045187
v4,volume_ratio_20d,出来高比,当日出来高と20日平均出来高の比率,True,業種,電気機器,1d,1営業日,3,5,5,-0.015184079839660419,-0.026113249037932884,0.2,サンプル不足,0.03062256977045187
v4,volume_ratio_20d,出来高比,当日出来高と20日平均出来高の比率,True,業種,電気機器,1d,1営業日,4,4,4,-0.016862627074213803,-0.017398215361661862,0.25,サンプル不足,0.03062256977045187
v4,volume_ratio_20d,出来高比,当日出来高と20日平均出来高の比率,True,業種,電気機器,1d,1営業日,5,1,1,0.0469276639875551,0.0469276639875551,1.0,サンプル不足,0.03062256977045187
v4,volume_ratio_20d,出来高比,当日出来高と20日平均出来高の比率,True,業種,電気機器,3d,3営業日,1,8,8,0.06309744124359733,0.037914030640653795,0.75,サンプル不足,-0.03328152213548223
v4,volume_ratio_20d,出来高比,当日出来高と20日平均出来高の比率,True,業種,電気機器,3d,3営業日,2,4,4,0.0639733458265819,0.0697277129473094,0.75,サンプル不足,-0.03328152213548223
v4,volume_ratio_20d,出来高比,当日出来高と20日平均出来高の比率,True,業種,電気機器,3d,3営業日,3,5,5,0.008415218516450315,0.0,0.4,サンプル不足,-0.03328152213548223
v4,volume_ratio_20d,出来高比,当日出来高と20日平均出来高の比率,True,業種,電気機器,3d,3営業日,4,4,4,0.08858668351466685,0.10911609713176293,0.75,サンプル不足,-0.03328152213548223
v4,volume_ratio_20d,出来高比,当日出来高と20日平均出来高の比率,True,業種,電気機器,3d,3営業日,5,1,1,0.029815919108115096,0.029815919108115096,1.0,サンプル不足,-0.03328152213548223
v4,volume_ratio_20d,出来高比,当日出来高と20日平均出来高の比率,True,業種,電気機器,5d,5営業日,1,8,8,0.12580028797819465,0.12387979667391436,1.0,サンプル不足,-0.21576658302615936
v4,volume_ratio_20d,出来高比,当日出来高と20日平均出来高の比率,True,業種,電気機器,5d,5営業日,2,4,4,0.11528513801251736,0.14559963253235297,0.75,サンプル不足,-0.21576658302615936
v4,volume_ratio_20d,出来高比,当日出来高と20日平均出来高の比率,True,業種,電気機器,5d,5営業日,3,5,5,0.09310045096366538,0.0792316926770708,1.0,サンプル不足,-0.21576658302615936
v4,volume_ratio_20d,出来高比,当日出来高と20日平均出来高の比率,True,業種,電気機器,5d,5営業日,4,4,4,0.12191036530690158,0.13385887393720297,1.0,サンプル不足,-0.21576658302615936
v4,volume_ratio_20d,出来高比,当日出来高と20日平均出来高の比率,True,業種,電気機器,5d,5営業日,5,1,1,-0.08996629504796472,-0.08996629504796472,0.0,サンプル不足,-0.21576658302615936
v4,volume_ratio_20d,出来高比,当日出来高と20日平均出来高の比率,True,業種,食料品,10d,10営業日,3,1,1,0.051290219815227855,0.051290219815227855,1.0,サンプル不足,0.0
v4,volume_ratio_20d,出来高比,当日出来高と20日平均出来高の比率,True,業種,食料品,1d,1営業日,3,1,1,0.005734310289901234,0.005734310289901234,1.0,サンプル不足,0.0
v4,volume_ratio_20d,出来高比,当日出来高と20日平均出来高の比率,True,業種,食料品,3d,3営業日,3,1,1,-0.014335775724753086,-0.014335775724753086,0.0,サンプル不足,0.0
v4,volume_ratio_20d,出来高比,当日出来高と20日平均出来高の比率,True,業種,食料品,5d,5営業日,3,1,1,-0.005734310289901234,-0.005734310289901234,0.0,サンプル不足,0.0
v5,avg_turnover_20d,20日平均売買代金,流動性の代理指標,True,全体,全体,10d,10営業日,1,20,20,-0.03511151506673738,-0.03500008195385706,0.3,サンプル不足,0.0604701954360504
v5,avg_turnover_20d,20日平均売買代金,流動性の代理指標,True,全体,全体,10d,10営業日,2,20,20,0.00602931485255064,-0.013008803215579734,0.45,サンプル不足,0.0604701954360504
v5,avg_turnover_20d,20日平均売買代金,流動性の代理指標,True,全体,全体,10d,10営業日,3,20,20,0.01342359882891662,-0.0056500761808024325,0.45,サンプル不足,0.0604701954360504
v5,avg_turnover_20d,20日平均売買代金,流動性の代理指標,True,全体,全体,10d,10営業日,4,20,20,-0.011696736931009366,-0.009003288337103843,0.35,サンプル不足,0.0604701954360504
v5,avg_turnover_20d,20日平均売買代金,流動性の代理指標,True,全体,全体,10d,10営業日,5,20,20,0.02535868036931302,-0.005138122855897376,0.45,サンプル不足,0.0604701954360504
v5,avg_turnover_20d,20日平均売買代金,流動性の代理指標,True,全体,全体,1d,1営業日,1,20,20,-0.004725231387181848,-0.007138104640158306,0.25,サンプル不足,0.03068007963990601
v5,avg_turnover_20d,20日平均売買代金,流動性の代理指標,True,全体,全体,1d,1営業日,2,20,20,0.010498675603474002,0.0007019527857993419,0.5,サンプル不足,0.03068007963990601
v5,avg_turnover_20d,20日平均売買代金,流動性の代理指標,True,全体,全体,1d,1営業日,3,20,20,0.022304692462818288,0.020293899335501187,0.6,サンプル不足,0.03068007963990601
v5,avg_turnover_20d,20日平均売買代金,流動性の代理指標,True,全体,全体,1d,1営業日,4,20,20,0.010791574361653445,0.01327342014784283,0.6,サンプル不足,0.03068007963990601
v5,avg_turnover_20d,20日平均売買代金,流動性の代理指標,True,全体,全体,1d,1営業日,5,20,20,0.02595484825272416,0.023328898791619923,0.85,サンプル不足,0.03068007963990601
v5,avg_turnover_20d,20日平均売買代金,流動性の代理指標,True,全体,全体,3d,3営業日,1,20,20,0.006913485043011513,-0.0054510892405124,0.4,サンプル不足,0.05403212805736509
v5,avg_turnover_20d,20日平均売買代金,流動性の代理指標,True,全体,全体,3d,3営業日,2,20,20,0.03659482532232518,0.02803627913699458,0.65,サンプル不足,0.05403212805736509
v5,avg_turnover_20d,20日平均売買代金,流動性の代理指標,True,全体,全体,3d,3営業日,3,20,20,0.024679813302827192,0.013521375840293448,0.6,サンプル不足,0.05403212805736509
v5,avg_turnover_20d,20日平均売買代金,流動性の代理指標,True,全体,全体,3d,3営業日,4,20,20,0.03932078761382011,0.02741826072271447,0.7,サンプル不足,0.05403212805736509
v5,avg_turnover_20d,20日平均売買代金,流動性の代理指標,True,全体,全体,3d,3営業日,5,20,20,0.060945613100376606,0.0655142282884188,0.9,サンプル不足,0.05403212805736509
v5,avg_turnover_20d,20日平均売買代金,流動性の代理指標,True,全体,全体,5d,5営業日,1,20,20,-0.0296706256787402,-0.025506381617993498,0.3,サンプル不足,0.010156986531598699
v5,avg_turnover_20d,20日平均売買代金,流動性の代理指標,True,全体,全体,5d,5営業日,2,20,20,0.010537239280057679,-0.022071416104893438,0.35,サンプル不足,0.010156986531598699
v5,avg_turnover_20d,20日平均売買代金,流動性の代理指標,True,全体,全体,5d,5営業日,3,20,20,-0.03201419206275801,-0.036676640021435225,0.35,サンプル不足,0.010156986531598699
v5,avg_turnover_20d,20日平均売買代金,流動性の代理指標,True,全体,全体,5d,5営業日,4,20,20,-0.023481967900010135,-0.014740695176450325,0.35,サンプル不足,0.010156986531598699
v5,avg_turnover_20d,20日平均売買代金,流動性の代理指標,True,全体,全体,5d,5営業日,5,20,20,-0.0195136391471415,-0.020418027026631314,0.3,サンプル不足,0.010156986531598699
v5,avg_turnover_20d,20日平均売買代金,流動性の代理指標,True,業種,その他金融業,10d,10営業日,3,1,1,-0.05977272727272731,-0.05977272727272731,0.0,サンプル不足,0.0
v5,avg_turnover_20d,20日平均売買代金,流動性の代理指標,True,業種,その他金融業,1d,1営業日,3,1,1,0.02659090909090911,0.02659090909090911,1.0,サンプル不足,0.0
v5,avg_turnover_20d,20日平均売買代金,流動性の代理指標,True,業種,その他金融業,3d,3営業日,3,1,1,-0.020454545454545503,-0.020454545454545503,0.0,サンプル不足,0.0
v5,avg_turnover_20d,20日平均売買代金,流動性の代理指標,True,業種,その他金融業,5d,5営業日,3,1,1,-0.08386363636363636,-0.08386363636363636,0.0,サンプル不足,0.0
v5,avg_turnover_20d,20日平均売買代金,流動性の代理指標,True,業種,ガラス・土石製品,10d,10営業日,1,2,2,-0.0626137076859406,-0.0626137076859406,0.0,サンプル不足,0.010029193304417462
v5,avg_turnover_20d,20日平均売買代金,流動性の代理指標,True,業種,ガラス・土石製品,10d,10営業日,2,2,2,-0.05258451438152314,-0.05258451438152314,0.0,サンプル不足,0.010029193304417462
v5,avg_turnover_20d,20日平均売買代金,流動性の代理指標,True,業種,ガラス・土石製品,1d,1営業日,1,2,2,0.00660580330591655,0.00660580330591655,0.5,サンプル不足,0.08913649885895629
v5,avg_turnover_20d,20日平均売買代金,流動性の代理指標,True,業種,ガラス・土石製品,1d,1営業日,2,2,2,0.09574230216487284,0.09574230216487284,0.5,サンプル不足,0.08913649885895629
v5,avg_turnover_20d,20日平均売買代金,流動性の代理指標,True,業種,ガラス・土石製品,3d,3営業日,1,2,2,0.0519649948884644,0.0519649948884644,0.5,サンプル不足,0.009204574073538183
v5,avg_turnover_20d,20日平均売買代金,流動性の代理指標,True,業種,ガラス・土石製品,3d,3営業日,2,2,2,0.06116956896200258,0.06116956896200258,0.5,サンプル不足,0.009204574073538183
v5,avg_turnover_20d,20日平均売買代金,流動性の代理指標,True,業種,ガラス・土石製品,5d,5営業日,1,2,2,-0.01854103343465045,-0.01854103343465045,0.0,サンプル不足,0.13019515703828705
v5,avg_turnover_20d,20日平均売買代金,流動性の代理指標,True,業種,ガラス・土石製品,5d,5営業日,2,2,2,0.1116541236036366,0.1116541236036366,0.5,サンプル不足,0.13019515703828705
v5,avg_turnover_20d,20日平均売買代金,流動性の代理指標,True,業種,サービス業,10d,10営業日,1,4,4,-0.00013524973817313247,0.011923822844558254,0.75,サンプル不足,0.09614285430091074
v5,avg_turnover_20d,20日平均売買代金,流動性の代理指標,True,業種,サービス業,10d,10営業日,4,1,1,-0.012747552925108097,-0.012747552925108097,0.0,サンプル不足,0.09614285430091074
v5,avg_turnover_20d,20日平均売買代金,流動性の代理指標,True,業種,サービス業,10d,10営業日,5,1,1,0.0960076045627376,0.0960076045627376,1.0,サンプル不足,0.09614285430091074
v5,avg_turnover_20d,20日平均売買代金,流動性の代理指標,True,業種,サービス業,1d,1営業日,1,4,4,-0.01702057410953811,-0.01865957015093095,0.0,サンプル不足,0.07833236118178138
v5,avg_turnover_20d,20日平均売買代金,流動性の代理指標,True,業種,サービス業,1d,1営業日,4,1,1,0.017072615524698298,0.017072615524698298,1.0,サンプル不足,0.07833236118178138
v5,avg_turnover_20d,20日平均売買代金,流動性の代理指標,True,業種,サービス業,1d,1営業日,5,1,1,0.06131178707224327,0.06131178707224327,1.0,サンプル不足,0.07833236118178138
v5,avg_turnover_20d,20日平均売買代金,流動性の代理指標,True,業種,サービス業,3d,3営業日,1,4,4,0.029707500117031778,0.0017362982515640906,0.5,サンプル不足,0.020672728019850366
v5,avg_turnover_20d,20日平均売買代金,流動性の代理指標,True,業種,サービス業,3d,3営業日,4,1,1,0.01411336216708392,0.01411336216708392,1.0,サンプル不足,0.020672728019850366
v5,avg_turnover_20d,20日平均売買代金,流動性の代理指標,True,業種,サービス業,3d,3営業日,5,1,1,0.050380228136882144,0.050380228136882144,1.0,サンプル不足,0.020672728019850366
v5,avg_turnover_20d,20日平均売買代金,流動性の代理指標,True,業種,サービス業,5d,5営業日,1,4,4,-0.0033918497238883544,-0.008504903700626577,0.5,サンプル不足,0.07040705884936356
v5,avg_turnover_20d,20日平均売買代金,流動性の代理指標,True,業種,サービス業,5d,5営業日,4,1,1,0.013202822672433445,0.013202822672433445,1.0,サンプル不足,0.07040705884936356
v5,avg_turnover_20d,20日平均売買代金,流動性の代理指標,True,業種,サービス業,5d,5営業日,5,1,1,0.0670152091254752,0.0670152091254752,1.0,サンプル不足,0.07040705884936356
v5,avg_turnover_20d,20日平均売買代金,流動性の代理指標,True,業種,パルプ・紙,10d,10営業日,3,1,1,0.032064128256513,0.032064128256513,1.0,サンプル不足,0.0
v5,avg_turnover_20d,20日平均売買代金,流動性の代理指標,True,業種,パルプ・紙,1d,1営業日,3,1,1,0.066132264529058,0.066132264529058,1.0,サンプル不足,0.0
v5,avg_turnover_20d,20日平均売買代金,流動性の代理指標,True,業種,パルプ・紙,3d,3営業日,3,1,1,0.0220440881763526,0.0220440881763526,1.0,サンプル不足,0.0
v5,avg_turnover_20d,20日平均売買代金,流動性の代理指標,True,業種,パルプ・紙,5d,5営業日,3,1,1,-0.0420841683366733,-0.0420841683366733,0.0,サンプル不足,0.0
v5,avg_turnover_20d,20日平均売買代金,流動性の代理指標,True,業種,不動産業,10d,10営業日,1,1,1,0.15957446808510634,0.15957446808510634,1.0,サンプル不足,-0.2504835589941973
v5,avg_turnover_20d,20日平均売買代金,流動性の代理指標,True,業種,不動産業,10d,10営業日,2,1,1,-0.09090909090909094,-0.09090909090909094,0.0,サンプル不足,-0.2504835589941973
v5,avg_turnover_20d,20日平均売買代金,流動性の代理指標,True,業種,不動産業,1d,1営業日,1,1,1,-0.021276595744680882,-0.021276595744680882,0.0,サンプル不足,-0.06963249516441006
v5,avg_turnover_20d,20日平均売買代金,流動性の代理指標,True,業種,不動産業,1d,1営業日,2,1,1,-0.09090909090909094,-0.09090909090909094,0.0,サンプル不足,-0.06963249516441006
v5,avg_turnover_20d,20日平均売買代金,流動性の代理指標,True,業種,不動産業,3d,3営業日,1,1,1,-0.04255319148936165,-0.04255319148936165,0.0,サンプル不足,-0.04835589941972929
v5,avg_turnover_20d,20日平均売買代金,流動性の代理指標,True,業種,不動産業,3d,3営業日,2,1,1,-0.09090909090909094,-0.09090909090909094,0.0,サンプル不足,-0.04835589941972929
v5,avg_turnover_20d,20日平均売買代金,流動性の代理指標,True,業種,不動産業,5d,5営業日,1,1,1,-0.021276595744680882,-0.021276595744680882,0.0,サンプル不足,-0.06963249516441006
v5,avg_turnover_20d,20日平均売買代金,流動性の代理指標,True,業種,不動産業,5d,5営業日,2,1,1,-0.09090909090909094,-0.09090909090909094,0.0,サンプル不足,-0.06963249516441006
v5,avg_turnover_20d,20日平均売買代金,流動性の代理指標,True,業種,保険業,10d,10営業日,4,2,2,-0.030840805458430043,-0.030840805458430043,0.0,サンプル不足,0.0
v5,avg_turnover_20d,20日平均売買代金,流動性の代理指標,True,業種,保険業,1d,1営業日,4,2,2,0.011070072200659364,0.011070072200659364,1.0,サンプル不足,0.0
v5,avg_turnover_20d,20日平均売買代金,流動性の代理指標,True,業種,保険業,3d,3営業日,4,2,2,0.020679651599048943,0.020679651599048943,1.0,サンプル不足,0.0
v5,avg_turnover_20d,20日平均売買代金,流動性の代理指標,True,業種,保険業,5d,5営業日,4,2,2,-0.02986622567635261,-0.02986622567635261,0.0,サンプル不足,0.0
v5,avg_turnover_20d,20日平均売買代金,流動性の代理指標,True,業種,化学,10d,10営業日,2,1,1,-0.017391304347826098,-0.017391304347826098,0.0,サンプル不足,-0.02102437984875627
v5,avg_turnover_20d,20日平均売買代金,流動性の代理指標,True,業種,化学,10d,10営業日,3,4,4,-0.04753134677630305,-0.038785211979863565,0.0,サンプル不足,-0.02102437984875627
v5,avg_turnover_20d,20日平均売買代金,流動性の代理指標,True,業種,化学,10d,10営業日,4,1,1,0.02635475273911747,0.02635475273911747,1.0,サンプル不足,-0.02102437984875627
v5,avg_turnover_20d,20日平均売買代金,流動性の代理指標,True,業種,化学,10d,10営業日,5,1,1,-0.03841568419658237,-0.03841568419658237,0.0,サンプル不足,-0.02102437984875627
v5,avg_turnover_20d,20日平均売買代金,流動性の代理指標,True,業種,化学,1d,1営業日,2,1,1,-0.006956521739130417,-0.006956521739130417,0.0,サンプル不足,-0.004965587149464046
v5,avg_turnover_20d,20日平均売買代金,流動性の代理指標,True,業種,化学,1d,1営業日,3,4,4,0.004429138030213831,-0.008181114240419562,0.25,サンプル不足,-0.004965587149464046
v5,avg_turnover_20d,20日平均売買代金,流動性の代理指標,True,業種,化学,1d,1営業日,4,1,1,0.013917678412792345,0.013917678412792345,1.0,サンプル不足,-0.004965587149464046
v5,avg_turnover_20d,20日平均売買代金,流動性の代理指標,True,業種,化学,1d,1営業日,5,1,1,-0.011922108888594463,-0.011922108888594463,0.0,サンプル不足,-0.004965587149464046
v5,avg_turnover_20d,20日平均売買代金,流動性の代理指標,True,業種,化学,3d,3営業日,2,1,1,0.09739130434782606,0.09739130434782606,1.0,サンプル不足,-0.12944853047049132
v5,avg_turnover_20d,20日平均売買代金,流動性の代理指標,True,業種,化学,3d,3営業日,3,4,4,-0.016502441587281286,-0.024417150290174106,0.25,サンプル不足,-0.12944853047049132
v5,avg_turnover_20d,20日平均売買代金,流動性の代理指標,True,業種,化学,3d,3営業日,4,1,1,-0.0038495706248149464,-0.0038495706248149464,0.0,サンプル不足,-0.12944853047049132
v5,avg_turnover_20d,20日平均売買代金,流動性の代理指標,True,業種,化学,3d,3営業日,5,1,1,-0.03205722612266526,-0.03205722612266526,0.0,サンプル不足,-0.12944853047049132
v5,avg_turnover_20d,20日平均売買代金,流動性の代理指標,True,業種,化学,5d,5営業日,2,1,1,0.04869565217391303,0.04869565217391303,1.0,サンプル不足,-0.1081737287403457
v5,avg_turnover_20d,20日平均売買代金,流動性の代理指標,True,業種,化学,5d,5営業日,3,4,4,-0.04458825059588836,-0.05710723169711901,0.25,サンプル不足,-0.1081737287403457
v5,avg_turnover_20d,20日平均売買代金,流動性の代理指標,True,業種,化学,5d,5営業日,4,1,1,-0.013029315960912058,-0.013029315960912058,0.0,サンプル不足,-0.1081737287403457
v5,avg_turnover_20d,20日平均売買代金,流動性の代理指標,True,業種,化学,5d,5営業日,5,1,1,-0.05947807656643267,-0.05947807656643267,0.0,サンプル不足,-0.1081737287403457
v5,avg_turnover_20d,20日平均売買代金,流動性の代理指標,True,業種,卸売業,10d,10営業日,1,2,2,0.01654704718447203,0.01654704718447203,0.5,サンプル不足,0.0
v5,avg_turnover_20d,20日平均売買代金,流動性の代理指標,True,業種,卸売業,1d,1営業日,1,2,2,0.018680312392965248,0.018680312392965248,0.5,サンプル不足,0.0
v5,avg_turnover_20d,20日平均売買代金,流動性の代理指標,True,業種,卸売業,3d,3営業日,1,2,2,0.03310223255103001,0.03310223255103001,0.5,サンプル不足,0.0
v5,avg_turnover_20d,20日平均売買代金,流動性の代理指標,True,業種,卸売業,5d,5営業日,1,2,2,0.011920667585691547,0.011920667585691547,0.5,サンプル不足,0.0
v5,avg_turnover_20d,20日平均売買代金,流動性の代理指標,True,業種,小売業,10d,10営業日,1,1,1,0.0,0.0,0.0,サンプル不足,-0.017505470459518557
v5,avg_turnover_20d,20日平均売買代金,流動性の代理指標,True,業種,小売業,10d,10営業日,2,1,1,0.03282828282828287,0.03282828282828287,1.0,サンプル不足,-0.017505470459518557
v5,avg_turnover_20d,20日平均売買代金,流動性の代理指標,True,業種,小売業,10d,10営業日,3,1,1,-0.017505470459518557,-0.017505470459518557,0.0,サンプル不足,-0.017505470459518557
v5,avg_turnover_20d,20日平均売買代金,流動性の代理指標,True,業種,小売業,1d,1営業日,1,1,1,0.0,0.0,0.0,サンプル不足,-0.005251641137855589
v5,avg_turnover_20d,20日平均売買代金,流動性の代理指標,True,業種,小売業,1d,1営業日,2,1,1,0.04166666666666674,0.04166666666666674,1.0,サンプル不足,-0.005251641137855589
v5,avg_turnover_20d,20日平均売買代金,流動性の代理指標,True,業種,小売業,1d,1営業日,3,1,1,-0.005251641137855589,-0.005251641137855589,0.0,サンプル不足,-0.005251641137855589
v5,avg_turnover_20d,20日平均売買代金,流動性の代理指標,True,業種,小売業,3d,3営業日,1,1,1,-0.0229885057471264,-0.0229885057471264,0.0,サンプル不足,0.008108855856535636
v5,avg_turnover_20d,20日平均売買代金,流動性の代理指標,True,業種,小売業,3d,3営業日,2,1,1,0.025252525252525304,0.025252525252525304,1.0,サンプル不足,0.008108855856535636
v5,avg_turnover_20d,20日平均売買代金,流動性の代理指標,True,業種,小売業,3d,3営業日,3,1,1,-0.014879649890590763,-0.014879649890590763,0.0,サンプル不足,0.008108855856535636
v5,avg_turnover_20d,20日平均売買代金,流動性の代理指標,True,業種,小売業,5d,5営業日,1,1,1,-0.0448275862068965,-0.0448275862068965,0.0,サンプル不足,0.004127367388515796
v5,avg_turnover_20d,20日平均売買代金,流動性の代理指標,True,業種,小売業,5d,5営業日,2,1,1,-0.02146464646464652,-0.02146464646464652,0.0,サンプル不足,0.004127367388515796
v5,avg_turnover_20d,20日平均売買代金,流動性の代理指標,True,業種,小売業,5d,5営業日,3,1,1,-0.04070021881838071,-0.04070021881838071,0.0,サンプル不足,0.004127367388515796
v5,avg_turnover_20d,20日平均売買代金,流動性の代理指標,True,業種,建設業,10d,10営業日,1,1,1,-0.1718452758402029,-0.1718452758402029,0.0,サンプル不足,0.18115120837219198
v5,avg_turnover_20d,20日平均売買代金,流動性の代理指標,True,業種,建設業,10d,10営業日,3,1,1,0.00930593253198908,0.00930593253198908,1.0,サンプル不足,0.18115120837219198
v5,avg_turnover_20d,20日平均売買代金,流動性の代理指標,True,業種,建設業,1d,1営業日,1,1,1,-0.0228281547241597,-0.0228281547241597,0.0,サンプル不足,0.0521676920125144
v5,avg_turnover_20d,20日平均売買代金,流動性の代理指標,True,業種,建設業,1d,1営業日,3,1,1,0.0293395372883547,0.0293395372883547,1.0,サンプル不足,0.0521676920125144
v5,avg_turnover_20d,20日平均売買代金,流動性の代理指標,True,業種,建設業,3d,3営業日,1,1,1,-0.1781864299302473,-0.1781864299302473,0.0,サンプル不足,0.25961333958515226
v5,avg_turnover_20d,20日平均売買代金,流動性の代理指標,True,業種,建設業,3d,3営業日,3,1,1,0.08142690965490496,0.08142690965490496,1.0,サンプル不足,0.25961333958515226
v5,avg_turnover_20d,20日平均売買代金,流動性の代理指標,True,業種,建設業,5d,5営業日,1,1,1,-0.1509194673430564,-0.1509194673430564,0.0,サンプル不足,0.211925025052763
v5,avg_turnover_20d,20日平均売買代金,流動性の代理指標,True,業種,建設業,5d,5営業日,3,1,1,0.061005557709706615,0.061005557709706615,1.0,サンプル不足,0.211925025052763
v5,avg_turnover_20d,20日平均売買代金,流動性の代理指標,True,業種,情報・通信業,10d,10営業日,1,1,1,-0.0253025302530253,-0.0253025302530253,0.0,サンプル不足,-0.10260444649116075
v5,avg_turnover_20d,20日平均売買代金,流動性の代理指標,True,業種,情報・通信業,10d,10営業日,2,1,1,-0.1787878787878788,-0.1787878787878788,0.0,サンプル不足,-0.10260444649116075
v5,avg_turnover_20d,20日平均売買代金,流動性の代理指標,True,業種,情報・通信業,10d,10営業日,3,1,1,-0.16524638755094478,-0.16524638755094478,0.0,サンプル不足,-0.10260444649116075
v5,avg_turnover_20d,20日平均売買代金,流動性の代理指標,True,業種,情報・通信業,10d,10営業日,4,1,1,-0.04340704340704338,-0.04340704340704338,0.0,サンプル不足,-0.10260444649116075
v5,avg_turnover_20d,20日平均売買代金,流動性の代理指標,True,業種,情報・通信業,10d,10営業日,5,1,1,-0.12790697674418605,-0.12790697674418605,0.0,サンプル不足,-0.10260444649116075
v5,avg_turnover_20d,20日平均売買代金,流動性の代理指標,True,業種,情報・通信業,1d,1営業日,1,1,1,-0.0110011001100109,-0.0110011001100109,0.0,サンプル不足,0.05591389080768541
v5,avg_turnover_20d,20日平均売買代金,流動性の代理指標,True,業種,情報・通信業,1d,1営業日,2,1,1,-0.1515151515151515,-0.1515151515151515,0.0,サンプル不足,0.05591389080768541
v5,avg_turnover_20d,20日平均売買代金,流動性の代理指標,True,業種,情報・通信業,1d,1営業日,3,1,1,-0.07076695072248984,-0.07076695072248984,0.0,サンプル不足,0.05591389080768541
v5,avg_turnover_20d,20日平均売買代金,流動性の代理指標,True,業種,情報・通信業,1d,1営業日,4,1,1,0.11261261261261257,0.11261261261261257,1.0,サンプル不足,0.05591389080768541
v5,avg_turnover_20d,20日平均売買代金,流動性の代理指標,True,業種,情報・通信業,1d,1営業日,5,1,1,0.04491279069767451,0.04491279069767451,1.0,サンプル不足,0.05591389080768541
v5,avg_turnover_20d,20日平均売買代金,流動性の代理指標,True,業種,情報・通信業,3d,3営業日,1,1,1,-0.0033003300330033,-0.0033003300330033,0.0,サンプル不足,0.056207306777189395
v5,avg_turnover_20d,20日平均売買代金,流動性の代理指標,True,業種,情報・通信業,3d,3営業日,2,1,1,-0.2696969696969696,-0.2696969696969696,0.0,サンプル不足,0.056207306777189395
v5,avg_turnover_20d,20日平均売買代金,流動性の代理指標,True,業種,情報・通信業,3d,3営業日,3,1,1,-0.048165987402741806,-0.048165987402741806,0.0,サンプル不足,0.056207306777189395
v5,avg_turnover_20d,20日平均売買代金,流動性の代理指標,True,業種,情報・通信業,3d,3営業日,4,1,1,0.1609336609336609,0.1609336609336609,1.0,サンプル不足,0.056207306777189395
v5,avg_turnover_20d,20日平均売買代金,流動性の代理指標,True,業種,情報・通信業,3d,3営業日,5,1,1,0.052906976744186096,0.052906976744186096,1.0,サンプル不足,0.056207306777189395
v5,avg_turnover_20d,20日平均売買代金,流動性の代理指標,True,業種,情報・通信業,5d,5営業日,1,1,1,-0.0308030803080308,-0.0308030803080308,0.0,サンプル不足,-0.010330640622201799
v5,avg_turnover_20d,20日平均売買代金,流動性の代理指標,True,業種,情報・通信業,5d,5営業日,2,1,1,-0.2393939393939393,-0.2393939393939393,0.0,サンプル不足,-0.010330640622201799
v5,avg_turnover_20d,20日平均売買代金,流動性の代理指標,True,業種,情報・通信業,5d,5営業日,3,1,1,-0.09596146721007781,-0.09596146721007781,0.0,サンプル不足,-0.010330640622201799
v5,avg_turnover_20d,20日平均売買代金,流動性の代理指標,True,業種,情報・通信業,5d,5営業日,4,1,1,0.06060606060606055,0.06060606060606055,1.0,サンプル不足,-0.010330640622201799
v5,avg_turnover_20d,20日平均売買代金,流動性の代理指標,True,業種,情報・通信業,5d,5営業日,5,1,1,-0.0411337209302326,-0.0411337209302326,0.0,サンプル不足,-0.010330640622201799
v5,avg_turnover_20d,20日平均売買代金,流動性の代理指標,True,業種,機械,10d,10営業日,1,3,3,-0.014810680757727596,-0.0020366598778004,0.3333333333333333,サンプル不足,0.09967708823560004
v5,avg_turnover_20d,20日平均売買代金,流動性の代理指標,True,業種,機械,10d,10営業日,2,4,4,-0.020870691179272052,-0.025607161200381607,0.5,サンプル不足,0.09967708823560004
v5,avg_turnover_20d,20日平均売買代金,流動性の代理指標,True,業種,機械,10d,10営業日,3,4,4,0.15442362217127661,0.02117214761552294,0.5,サンプル不足,0.09967708823560004
v5,avg_turnover_20d,20日平均売買代金,流動性の代理指標,True,業種,機械,10d,10営業日,4,2,2,0.08486640747787244,0.08486640747787244,1.0,サンプル不足,0.09967708823560004
v5,avg_turnover_20d,20日平均売買代金,流動性の代理指標,True,業種,機械,1d,1営業日,1,3,3,-0.01837594253072869,-0.0196877121520706,0.3333333333333333,サンプル不足,0.05386481671387042
v5,avg_turnover_20d,20日平均売買代金,流動性の代理指標,True,業種,機械,1d,1営業日,2,4,4,-0.023028278604278356,-0.019547628890332413,0.5,サンプル不足,0.05386481671387042
v5,avg_turnover_20d,20日平均売買代金,流動性の代理指標,True,業種,機械,1d,1営業日,3,4,4,0.06778813402709825,0.04367025780269185,0.75,サンプル不足,0.05386481671387042
v5,avg_turnover_20d,20日平均売買代金,流動性の代理指標,True,業種,機械,1d,1営業日,4,2,2,0.03548887418314173,0.03548887418314173,0.5,サンプル不足,0.05386481671387042
v5,avg_turnover_20d,20日平均売買代金,流動性の代理指標,True,業種,機械,3d,3営業日,1,3,3,0.005240338600827424,0.004444444444444473,0.6666666666666666,サンプル不足,0.1242120561381915
v5,avg_turnover_20d,20日平均売買代金,流動性の代理指標,True,業種,機械,3d,3営業日,2,4,4,0.013379484392118899,0.0183065522048573,0.75,サンプル不足,0.1242120561381915
v5,avg_turnover_20d,20日平均売買代金,流動性の代理指標,True,業種,機械,3d,3営業日,3,4,4,0.11062059947871658,0.11311726763244156,1.0,サンプル不足,0.1242120561381915
v5,avg_turnover_20d,20日平均売買代金,流動性の代理指標,True,業種,機械,3d,3営業日,4,2,2,0.12945239473901893,0.12945239473901893,1.0,サンプル不足,0.1242120561381915
v5,avg_turnover_20d,20日平均売買代金,流動性の代理指標,True,業種,機械,5d,5営業日,1,3,3,-0.028671155351399757,-0.0251188051595383,0.3333333333333333,サンプル不足,0.0411959712997826
v5,avg_turnover_20d,20日平均売買代金,流動性の代理指標,True,業種,機械,5d,5営業日,2,4,4,-0.00868083580710419,-0.01062643949684048,0.25,サンプル不足,0.0411959712997826
v5,avg_turnover_20d,20日平均売買代金,流動性の代理指標,True,業種,機械,5d,5営業日,3,4,4,0.0052407477220953146,-0.011361072926579951,0.5,サンプル不足,0.0411959712997826
v5,avg_turnover_20d,20日平均売買代金,流動性の代理指標,True,業種,機械,5d,5営業日,4,2,2,0.01252481594838284,0.01252481594838284,0.5,サンプル不足,0.0411959712997826
v5,avg_turnover_20d,20日平均売買代金,流動性の代理指標,True,業種,精密機器,10d,10営業日,1,1,1,-0.04469763365468882,-0.04469763365468882,0.0,サンプル不足,0.03773616372902233
v5,avg_turnover_20d,20日平均売買代金,流動性の代理指標,True,業種,精密機器,10d,10営業日,2,5,5,0.05352541098613921,0.03470437017994854,0.6,サンプル不足,0.03773616372902233
v5,avg_turnover_20d,20日平均売買代金,流動性の代理指標,True,業種,精密機器,10d,10営業日,4,1,1,-0.006961469925666486,-0.006961469925666486,0.0,サンプル不足,0.03773616372902233
v5,avg_turnover_20d,20日平均売買代金,流動性の代理指標,True,業種,精密機器,1d,1営業日,1,1,1,0.019281332164767795,0.019281332164767795,1.0,サンプル不足,-0.04690571137217148
v5,avg_turnover_20d,20日平均売買代金,流動性の代理指標,True,業種,精密機器,1d,1営業日,2,5,5,0.027382381353021335,-0.022678185745140356,0.4,サンプル不足,-0.04690571137217148
v5,avg_turnover_20d,20日平均売買代金,流動性の代理指標,True,業種,精密機器,1d,1営業日,4,1,1,-0.027624379207403682,-0.027624379207403682,0.0,サンプル不足,-0.04690571137217148
v5,avg_turnover_20d,20日平均売買代金,流動性の代理指標,True,業種,精密機器,3d,3営業日,1,1,1,0.07668711656441718,0.07668711656441718,1.0,サンプル不足,-0.026595059369992624
v5,avg_turnover_20d,20日平均売買代金,流動性の代理指標,True,業種,精密機器,3d,3営業日,2,5,5,0.0600056611017044,0.0012853470437017567,0.6,サンプル不足,-0.026595059369992624
v5,avg_turnover_20d,20日平均売買代金,流動性の代理指標,True,業種,精密機器,3d,3営業日,4,1,1,0.050092057194424555,0.050092057194424555,1.0,サンプル不足,-0.026595059369992624
v5,avg_turnover_20d,20日平均売買代金,流動性の代理指標,True,業種,精密機器,5d,5営業日,1,1,1,0.014899211218229569,0.014899211218229569,1.0,サンプル不足,-0.010479310545044918
v5,avg_turnover_20d,20日平均売買代金,流動性の代理指標,True,業種,精密機器,5d,5営業日,2,5,5,0.022724229693714883,-0.022678185745140356,0.4,サンプル不足,-0.010479310545044918
v5,avg_turnover_20d,20日平均売買代金,流動性の代理指標,True,業種,精密機器,5d,5営業日,4,1,1,0.004419900673184651,0.004419900673184651,1.0,サンプル不足,-0.010479310545044918
v5,avg_turnover_20d,20日平均売買代金,流動性の代理指標,True,業種,証券、商品先物取引業,10d,10営業日,3,1,1,0.014930015552099496,0.014930015552099496,1.0,サンプル不足,-0.022855584125497153
v5,avg_turnover_20d,20日平均売買代金,流動性の代理指標,True,業種,証券、商品先物取引業,10d,10営業日,4,1,1,-0.007925568573397657,-0.007925568573397657,0.0,サンプル不足,-0.022855584125497153
v5,avg_turnover_20d,20日平均売買代金,流動性の代理指標,True,業種,証券、商品先物取引業,1d,1営業日,3,1,1,0.013996889580093264,0.013996889580093264,1.0,サンプル不足,-0.025023767595255264
v5,avg_turnover_20d,20日平均売買代金,流動性の代理指標,True,業種,証券、商品先物取引業,1d,1営業日,4,1,1,-0.011026878015162,-0.011026878015162,0.0,サンプル不足,-0.025023767595255264
v5,avg_turnover_20d,20日平均売買代金,流動性の代理指標,True,業種,証券、商品先物取引業,3d,3営業日,3,1,1,0.011508553654743459,0.011508553654743459,1.0,サンプル不足,-0.02150166185598401
v5,avg_turnover_20d,20日平均売買代金,流動性の代理指標,True,業種,証券、商品先物取引業,3d,3営業日,4,1,1,-0.009993108201240553,-0.009993108201240553,0.0,サンプル不足,-0.02150166185598401
v5,avg_turnover_20d,20日平均売買代金,流動性の代理指標,True,業種,証券、商品先物取引業,5d,5営業日,3,1,1,-0.01648522550544318,-0.01648522550544318,0.0,サンプル不足,-0.013838689036252183
v5,avg_turnover_20d,20日平均売買代金,流動性の代理指標,True,業種,証券、商品先物取引業,5d,5営業日,4,1,1,-0.030323914541695363,-0.030323914541695363,0.0,サンプル不足,-0.013838689036252183
v5,avg_turnover_20d,20日平均売買代金,流動性の代理指標,True,業種,輸送用機器,10d,10営業日,1,1,1,-0.0539325842696629,-0.0539325842696629,0.0,サンプル不足,-0.16973112506178994
v5,avg_turnover_20d,20日平均売買代金,流動性の代理指標,True,業種,輸送用機器,10d,10営業日,2,1,1,0.2908163265306123,0.2908163265306123,1.0,サンプル不足,-0.16973112506178994
v5,avg_turnover_20d,20日平均売買代金,流動性の代理指標,True,業種,輸送用機器,10d,10営業日,4,2,2,-0.22366370933145285,-0.22366370933145285,0.0,サンプル不足,-0.16973112506178994
v5,avg_turnover_20d,20日平均売買代金,流動性の代理指標,True,業種,輸送用機器,1d,1営業日,1,1,1,0.0719101123595504,0.0719101123595504,1.0,サンプル不足,-0.1754761764286067
v5,avg_turnover_20d,20日平均売買代金,流動性の代理指標,True,業種,輸送用機器,1d,1営業日,2,1,1,0.03571428571428581,0.03571428571428581,1.0,サンプル不足,-0.1754761764286067
v5,avg_turnover_20d,20日平均売買代金,流動性の代理指標,True,業種,輸送用機器,1d,1営業日,4,2,2,-0.10356606406905627,-0.10356606406905627,0.0,サンプル不足,-0.1754761764286067
v5,avg_turnover_20d,20日平均売買代金,流動性の代理指標,True,業種,輸送用機器,3d,3営業日,1,1,1,0.101123595505618,0.101123595505618,1.0,サンプル不足,-0.15593862245102424
v5,avg_turnover_20d,20日平均売買代金,流動性の代理指標,True,業種,輸送用機器,3d,3営業日,2,1,1,0.11297376093294464,0.11297376093294464,1.0,サンプル不足,-0.15593862245102424
v5,avg_turnover_20d,20日平均売買代金,流動性の代理指標,True,業種,輸送用機器,3d,3営業日,4,2,2,-0.05481502694540624,-0.05481502694540624,0.0,サンプル不足,-0.15593862245102424
v5,avg_turnover_20d,20日平均売買代金,流動性の代理指標,True,業種,輸送用機器,5d,5営業日,1,1,1,0.0179775280898877,0.0179775280898877,1.0,サンプル不足,-0.17659405890703359
v5,avg_turnover_20d,20日平均売買代金,流動性の代理指標,True,業種,輸送用機器,5d,5営業日,2,1,1,0.2208454810495626,0.2208454810495626,1.0,サンプル不足,-0.17659405890703359
v5,avg_turnover_20d,20日平均売買代金,流動性の代理指標,True,業種,輸送用機器,5d,5営業日,4,2,2,-0.15861653081714588,-0.15861653081714588,0.0,サンプル不足,-0.17659405890703359
v5,avg_turnover_20d,20日平均売買代金,流動性の代理指標,True,業種,金属製品,10d,10営業日,2,2,2,0.07366515975326121,0.07366515975326121,0.5,サンプル不足,0.06829492172273971
v5,avg_turnover_20d,20日平均売買代金,流動性の代理指標,True,業種,金属製品,10d,10営業日,3,1,1,-0.007110208227526615,-0.007110208227526615,0.0,サンプル不足,0.06829492172273971
v5,avg_turnover_20d,20日平均売買代金,流動性の代理指標,True,業種,金属製品,10d,10営業日,5,1,1,0.14196008147600092,0.14196008147600092,1.0,サンプル不足,0.06829492172273971
v5,avg_turnover_20d,20日平均売買代金,流動性の代理指標,True,業種,金属製品,1d,1営業日,2,2,2,0.06268128605007998,0.06268128605007998,0.5,サンプル不足,-0.022218959857196394
v5,avg_turnover_20d,20日平均売買代金,流動性の代理指標,True,業種,金属製品,1d,1営業日,3,1,1,0.06424581005586583,0.06424581005586583,1.0,サンプル不足,-0.022218959857196394
v5,avg_turnover_20d,20日平均売買代金,流動性の代理指標,True,業種,金属製品,1d,1営業日,5,1,1,0.04046232619288359,0.04046232619288359,1.0,サンプル不足,-0.022218959857196394
v5,avg_turnover_20d,20日平均売買代金,流動性の代理指標,True,業種,金属製品,3d,3営業日,2,2,2,0.20160797478416748,0.20160797478416748,1.0,サンプル不足,-0.1849895825497383
v5,avg_turnover_20d,20日平均売買代金,流動性の代理指標,True,業種,金属製品,3d,3営業日,3,1,1,0.07745048247841546,0.07745048247841546,1.0,サンプル不足,-0.1849895825497383
v5,avg_turnover_20d,20日平均売買代金,流動性の代理指標,True,業種,金属製品,3d,3営業日,5,1,1,0.01661839223442918,0.01661839223442918,1.0,サンプル不足,-0.1849895825497383
v5,avg_turnover_20d,20日平均売買代金,流動性の代理指標,True,業種,金属製品,5d,5営業日,2,2,2,0.07742741607324569,0.07742741607324569,0.5,サンプル不足,-0.1836413465828244
v5,avg_turnover_20d,20日平均売買代金,流動性の代理指標,True,業種,金属製品,5d,5営業日,3,1,1,0.0002539360081259545,0.0002539360081259545,1.0,サンプル不足,-0.1836413465828244
v5,avg_turnover_20d,20日平均売買代金,流動性の代理指標,True,業種,金属製品,5d,5営業日,5,1,1,-0.10621393050957872,-0.10621393050957872,0.0,サンプル不足,-0.1836413465828244
v5,avg_turnover_20d,20日平均売買代金,流動性の代理指標,True,業種,鉄鋼,10d,10営業日,1,1,1,-0.0461538461538461,-0.0461538461538461,0.0,サンプル不足,0.0
v5,avg_turnover_20d,20日平均売買代金,流動性の代理指標,True,業種,鉄鋼,1d,1営業日,1,1,1,-0.03538461538461535,-0.03538461538461535,0.0,サンプル不足,0.0
v5,avg_turnover_20d,20日平均売買代金,流動性の代理指標,True,業種,鉄鋼,3d,3営業日,1,1,1,-0.019230769230769273,-0.019230769230769273,0.0,サンプル不足,0.0
v5,avg_turnover_20d,20日平均売買代金,流動性の代理指標,True,業種,鉄鋼,5d,5営業日,1,1,1,-0.0592307692307692,-0.0592307692307692,0.0,サンプル不足,0.0
v5,avg_turnover_20d,20日平均売買代金,流動性の代理指標,True,業種,銀行業,10d,10営業日,4,2,2,-0.016952079574369616,-0.016952079574369616,0.0,サンプル不足,0.005532659840477164
v5,avg_turnover_20d,20日平均売買代金,流動性の代理指標,True,業種,銀行業,10d,10営業日,5,3,3,-0.011419419733892452,-0.007640586797066029,0.0,サンプル不足,0.005532659840477164
v5,avg_turnover_20d,20日平均売買代金,流動性の代理指標,True,業種,銀行業,1d,1営業日,4,2,2,0.049219819569743306,0.049219819569743306,1.0,サンプル不足,-0.014344284520089845
v5,avg_turnover_20d,20日平均売買代金,流動性の代理指標,True,業種,銀行業,1d,1営業日,5,3,3,0.03487553504965346,0.031173594132029248,1.0,サンプル不足,-0.014344284520089845
v5,avg_turnover_20d,20日平均売買代金,流動性の代理指標,True,業種,銀行業,3d,3営業日,4,2,2,0.03888547767753869,0.03888547767753869,1.0,サンプル不足,-0.021053103086209113
v5,avg_turnover_20d,20日平均売買代金,流動性の代理指標,True,業種,銀行業,3d,3営業日,5,3,3,0.01783237459132958,0.01864303178484117,1.0,サンプル不足,-0.021053103086209113
v5,avg_turnover_20d,20日平均売買代金,流動性の代理指標,True,業種,銀行業,5d,5営業日,4,2,2,-0.013208494101318524,-0.013208494101318524,0.0,サンプル不足,-0.010299442892272914
v5,avg_turnover_20d,20日平均売買代金,流動性の代理指標,True,業種,銀行業,5d,5営業日,5,3,3,-0.02350793699359144,-0.020476772616136896,0.0,サンプル不足,-0.010299442892272914
v5,avg_turnover_20d,20日平均売買代金,流動性の代理指標,True,業種,電気・ガス業,10d,10営業日,3,1,1,0.10313108084203071,0.10313108084203071,1.0,サンプル不足,0.0
v5,avg_turnover_20d,20日平均売買代金,流動性の代理指標,True,業種,電気・ガス業,1d,1営業日,3,1,1,0.002476561117990439,0.002476561117990439,1.0,サンプル不足,0.0
v5,avg_turnover_20d,20日平均売買代金,流動性の代理指標,True,業種,電気・ガス業,3d,3営業日,3,1,1,0.012736600035379464,0.012736600035379464,1.0,サンプル不足,0.0
v5,avg_turnover_20d,20日平均売買代金,流動性の代理指標,True,業種,電気・ガス業,5d,5営業日,3,1,1,0.03307978064744388,0.03307978064744388,1.0,サンプル不足,0.0
v5,avg_turnover_20d,20日平均売買代金,流動性の代理指標,True,業種,電気機器,10d,10営業日,1,2,2,-0.19138326850980777,-0.19138326850980777,0.0,サンプル不足,0.2442769128473193
v5,avg_turnover_20d,20日平均売買代金,流動性の代理指標,True,業種,電気機器,10d,10営業日,2,2,2,-0.0711378096100852,-0.0711378096100852,0.5,サンプル不足,0.2442769128473193
v5,avg_turnover_20d,20日平均売買代金,流動性の代理指標,True,業種,電気機器,10d,10営業日,3,4,4,-0.017223372168369222,0.027087491147878673,0.75,サンプル不足,0.2442769128473193
v5,avg_turnover_20d,20日平均売買代金,流動性の代理指標,True,業種,電気機器,10d,10営業日,4,6,6,0.004594246007694851,0.004834062269317485,0.5,サンプル不足,0.2442769128473193
v5,avg_turnover_20d,20日平均売買代金,流動性の代理指標,True,業種,電気機器,10d,10営業日,5,11,11,0.05289364433751153,0.07437500000000008,0.6363636363636364,サンプル不足,0.2442769128473193
v5,avg_turnover_20d,20日平均売買代金,流動性の代理指標,True,業種,電気機器,1d,1営業日,1,2,2,-0.011283856835956707,-0.011283856835956707,0.0,サンプル不足,0.0373674455381779
v5,avg_turnover_20d,20日平均売買代金,流動性の代理指標,True,業種,電気機器,1d,1営業日,2,2,2,0.010163677537000725,0.010163677537000725,1.0,サンプル不足,0.0373674455381779
v5,avg_turnover_20d,20日平均売買代金,流動性の代理指標,True,業種,電気機器,1d,1営業日,3,4,4,0.0076153453062978715,0.014831662160132153,0.5,サンプル不足,0.0373674455381779
v5,avg_turnover_20d,20日平均売買代金,流動性の代理指標,True,業種,電気機器,1d,1営業日,4,6,6,0.007124428161335979,0.0050544549288453755,0.5,サンプル不足,0.0373674455381779
v5,avg_turnover_20d,20日平均売買代金,流動性の代理指標,True,業種,電気機器,1d,1営業日,5,11,11,0.026083588702221192,0.012235933905040852,0.9090909090909091,サンプル不足,0.0373674455381779
v5,avg_turnover_20d,20日平均売買代金,流動性の代理指標,True,業種,電気機器,3d,3営業日,1,2,2,-0.03898362796444761,-0.03898362796444761,0.0,サンプル不足,0.10789849254323305
v5,avg_turnover_20d,20日平均売買代金,流動性の代理指標,True,業種,電気機器,3d,3営業日,2,2,2,-0.011108177025034787,-0.011108177025034787,0.5,サンプル不足,0.10789849254323305
v5,avg_turnover_20d,20日平均売買代金,流動性の代理指標,True,業種,電気機器,3d,3営業日,3,4,4,-0.0011357041902788079,0.0043241271271916015,0.5,サンプル不足,0.10789849254323305
v5,avg_turnover_20d,20日平均売買代金,流動性の代理指標,True,業種,電気機器,3d,3営業日,4,6,6,0.025526050705405128,0.02701055409788966,0.6666666666666666,サンプル不足,0.10789849254323305
v5,avg_turnover_20d,20日平均売買代金,流動性の代理指標,True,業種,電気機器,3d,3営業日,5,11,11,0.06891486457878544,0.07718050617025729,0.9090909090909091,サンプル不足,0.10789849254323305
v5,avg_turnover_20d,20日平均売買代金,流動性の代理指標,True,業種,電気機器,5d,5営業日,1,2,2,-0.1032050787009085,-0.1032050787009085,0.0,サンプル不足,0.08184187262641998
v5,avg_turnover_20d,20日平均売買代金,流動性の代理指標,True,業種,電気機器,5d,5営業日,2,2,2,-0.08204477772428376,-0.08204477772428376,0.0,サンプル不足,0.08184187262641998
v5,avg_turnover_20d,20日平均売買代金,流動性の代理指標,True,業種,電気機器,5d,5営業日,3,4,4,-0.0745345969727633,-0.057868060473400706,0.25,サンプル不足,0.08184187262641998
v5,avg_turnover_20d,20日平均売買代金,流動性の代理指標,True,業種,電気機器,5d,5営業日,4,6,6,-0.02539987843680419,-0.02757797238951365,0.3333333333333333,サンプル不足,0.08184187262641998
v5,avg_turnover_20d,20日平均売買代金,流動性の代理指標,True,業種,電気機器,5d,5営業日,5,11,11,-0.021363206074488526,-0.02035928143712573,0.36363636363636365,サンプル不足,0.08184187262641998
v5,avg_turnover_20d,20日平均売買代金,流動性の代理指標,True,業種,非鉄金属,10d,10営業日,5,2,2,-0.05602162311132958,-0.05602162311132958,0.0,サンプル不足,0.0
v5,avg_turnover_20d,20日平均売買代金,流動性の代理指標,True,業種,非鉄金属,1d,1営業日,5,2,2,-0.0036069554465585907,-0.0036069554465585907,0.5,サンプル不足,0.0
v5,avg_turnover_20d,20日平均売買代金,流動性の代理指標,True,業種,非鉄金属,3d,3営業日,5,2,2,0.15975162843703572,0.15975162843703572,1.0,サンプル不足,0.0
v5,avg_turnover_20d,20日平均売買代金,流動性の代理指標,True,業種,非鉄金属,5d,5営業日,5,2,2,0.027528406869043454,0.027528406869043454,0.5,サンプル不足,0.0
v5,avg_turnover_20d,20日平均売買代金,流動性の代理指標,True,業種,食料品,10d,10営業日,4,1,1,0.15636704119850187,0.15636704119850187,1.0,サンプル不足,0.0
v5,avg_turnover_20d,20日平均売買代金,流動性の代理指標,True,業種,食料品,1d,1営業日,4,1,1,0.08370786516853923,0.08370786516853923,1.0,サンプル不足,0.0
v5,avg_turnover_20d,20日平均売買代金,流動性の代理指標,True,業種,食料品,3d,3営業日,4,1,1,0.15355805243445686,0.15355805243445686,1.0,サンプル不足,0.0
v5,avg_turnover_20d,20日平均売買代金,流動性の代理指標,True,業種,食料品,5d,5営業日,4,1,1,0.02621722846441954,0.02621722846441954,1.0,サンプル不足,0.0
v5,distance_high_120d,120日高値接近度,終値と120日高値の距離,True,全体,全体,10d,10営業日,1,20,20,-0.05356403203608166,-0.05401768979037695,0.1,サンプル不足,0.042194494765424806
v5,distance_high_120d,120日高値接近度,終値と120日高値の距離,True,全体,全体,10d,10営業日,2,20,20,-0.0005463424495726233,-0.0003875377844104744,0.5,サンプル不足,0.042194494765424806
v5,distance_high_120d,120日高値接近度,終値と120日高値の距離,True,全体,全体,10d,10営業日,3,20,20,0.029482649903696097,0.006147178318685387,0.5,サンプル不足,0.042194494765424806
v5,distance_high_120d,120日高値接近度,終値と120日高値の距離,True,全体,全体,10d,10営業日,4,20,20,0.03400060390564858,0.00102722136620435,0.5,サンプル不足,0.042194494765424806
v5,distance_high_120d,120日高値接近度,終値と120日高値の距離,True,全体,全体,10d,10営業日,5,20,20,-0.011369537270656854,-0.004838623337433214,0.4,サンプル不足,0.042194494765424806
v5,distance_high_120d,120日高値接近度,終値と120日高値の距離,True,全体,全体,1d,1営業日,1,20,20,0.0008470528034078423,-0.004263375154080651,0.45,サンプル不足,-0.0015901765611304516
v5,distance_high_120d,120日高値接近度,終値と120日高値の距離,True,全体,全体,1d,1営業日,2,20,20,0.011925403760710234,0.015111620086449729,0.75,サンプル不足,-0.0015901765611304516
v5,distance_high_120d,120日高値接近度,終値と120日高値の距離,True,全体,全体,1d,1営業日,3,20,20,0.027487603767143494,0.013116411742567058,0.7,サンプル不足,-0.0015901765611304516
v5,distance_high_120d,120日高値接近度,終値と120日高値の距離,True,全体,全体,1d,1営業日,4,20,20,0.025307622719949092,0.004687499999999956,0.5,サンプル不足,-0.0015901765611304516
v5,distance_high_120d,120日高値接近度,終値と120日高値の距離,True,全体,全体,1d,1営業日,5,20,20,-0.0007431237577226093,-0.006922014163036739,0.4,サンプル不足,-0.0015901765611304516
v5,distance_high_120d,120日高値接近度,終値と120日高値の距離,True,全体,全体,3d,3営業日,1,20,20,0.03881991900555333,0.047302126158187824,0.55,サンプル不足,-0.018849605012141633
v5,distance_high_120d,120日高値接近度,終値と120日高値の距離,True,全体,全体,3d,3営業日,2,20,20,0.014567718226804697,0.01695006020362322,0.7,サンプル不足,-0.018849605012141633
v5,distance_high_120d,120日高値接近度,終値と120日高値の距離,True,全体,全体,3d,3営業日,3,20,20,0.05318331809084561,0.026138323157943726,0.75,サンプル不足,-0.018849605012141633
v5,distance_high_120d,120日高値接近度,終値と120日高値の距離,True,全体,全体,3d,3営業日,4,20,20,0.04191325506574525,0.05849381162156497,0.6,サンプル不足,-0.018849605012141633
v5,distance_high_120d,120日高値接近度,終値と120日高値の距離,True,全体,全体,3d,3営業日,5,20,20,0.019970313993411697,0.016606519446080825,0.65,サンプル不足,-0.018849605012141633
v5,distance_high_120d,120日高値接近度,終値と120日高値の距離,True,全体,全体,5d,5営業日,1,20,20,-0.036364277100418334,-0.03052975012775322,0.3,サンプル不足,0.012169937648457287
v5,distance_high_120d,120日高値接近度,終値と120日高値の距離,True,全体,全体,5d,5営業日,2,20,20,-0.03104032627649253,-0.012567926745589209,0.4,サンプル不足,0.012169937648457287
v5,distance_high_120d,120日高値接近度,終値と120日高値の距離,True,全体,全体,5d,5営業日,3,20,20,-0.007853709309787469,-0.016468649948715886,0.3,サンプル不足,0.012169937648457287
v5,distance_high_120d,120日高値接近度,終値と120日高値の距離,True,全体,全体,5d,5営業日,4,20,20,0.0053094666300672125,-0.02197739074491062,0.45,サンプル不足,0.012169937648457287
v5,distance_high_120d,120日高値接近度,終値と120日高値の距離,True,全体,全体,5d,5営業日,5,20,20,-0.024194339451961047,-0.026149897371435835,0.2,サンプル不足,0.012169937648457287
v5,distance_high_120d,120日高値接近度,終値と120日高値の距離,True,業種,その他金融業,10d,10営業日,3,1,1,-0.05977272727272731,-0.05977272727272731,0.0,サンプル不足,0.0
v5,distance_high_120d,120日高値接近度,終値と120日高値の距離,True,業種,その他金融業,1d,1営業日,3,1,1,0.02659090909090911,0.02659090909090911,1.0,サンプル不足,0.0
v5,distance_high_120d,120日高値接近度,終値と120日高値の距離,True,業種,その他金融業,3d,3営業日,3,1,1,-0.020454545454545503,-0.020454545454545503,0.0,サンプル不足,0.0
v5,distance_high_120d,120日高値接近度,終値と120日高値の距離,True,業種,その他金融業,5d,5営業日,3,1,1,-0.08386363636363636,-0.08386363636363636,0.0,サンプル不足,0.0
v5,distance_high_120d,120日高値接近度,終値と120日高値の距離,True,業種,ガラス・土石製品,10d,10営業日,1,1,1,-0.054102795311091,-0.054102795311091,0.0,サンプル不足,0.04547649322775763
v5,distance_high_120d,120日高値接近度,終値と120日高値の距離,True,業種,ガラス・土石製品,10d,10営業日,3,1,1,-0.0711246200607902,-0.0711246200607902,0.0,サンプル不足,0.04547649322775763
v5,distance_high_120d,120日高値接近度,終値と120日高値の距離,True,業種,ガラス・土石製品,10d,10営業日,4,1,1,-0.0965427266797129,-0.0965427266797129,0.0,サンプル不足,0.04547649322775763
v5,distance_high_120d,120日高値接近度,終値と120日高値の距離,True,業種,ガラス・土石製品,10d,10営業日,5,1,1,-0.00862630208333337,-0.00862630208333337,0.0,サンプル不足,0.04547649322775763
v5,distance_high_120d,120日高値接近度,終値と120日高値の距離,True,業種,ガラス・土石製品,1d,1営業日,1,1,1,0.0144274120829577,0.0144274120829577,1.0,サンプル不足,-0.02972689124962433
v5,distance_high_120d,120日高値接近度,終値と120日高値の距離,True,業種,ガラス・土石製品,1d,1営業日,3,1,1,-0.0012158054711246,-0.0012158054711246,0.0,サンプル不足,-0.02972689124962433
v5,distance_high_120d,120日高値接近度,終値と120日高値の距離,True,業種,ガラス・土石製品,1d,1営業日,4,1,1,0.2067840834964123,0.2067840834964123,1.0,サンプル不足,-0.02972689124962433
v5,distance_high_120d,120日高値接近度,終値と120日高値の距離,True,業種,ガラス・土石製品,1d,1営業日,5,1,1,-0.01529947916666663,-0.01529947916666663,0.0,サンプル不足,-0.02972689124962433
v5,distance_high_120d,120日高値接近度,終値と120日高値の距離,True,業種,ガラス・土石製品,3d,3営業日,1,1,1,0.1100090171325518,0.1100090171325518,1.0,サンプル不足,-0.12530849629921842
v5,distance_high_120d,120日高値接近度,終値と120日高値の距離,True,業種,ガラス・土石製品,3d,3営業日,3,1,1,-0.006079027355623,-0.006079027355623,0.0,サンプル不足,-0.12530849629921842
v5,distance_high_120d,120日高値接近度,終値と120日高値の距離,True,業種,ガラス・土石製品,3d,3営業日,4,1,1,0.1376386170906718,0.1376386170906718,1.0,サンプル不足,-0.12530849629921842
v5,distance_high_120d,120日高値接近度,終値と120日高値の距離,True,業種,ガラス・土石製品,3d,3営業日,5,1,1,-0.01529947916666663,-0.01529947916666663,0.0,サンプル不足,-0.12530849629921842
v5,distance_high_120d,120日高値接近度,終値と120日高値の距離,True,業種,ガラス・土石製品,5d,5営業日,1,1,1,0.0,0.0,0.0,サンプル不足,-0.02718098958333337
v5,distance_high_120d,120日高値接近度,終値と120日高値の距離,True,業種,ガラス・土石製品,5d,5営業日,3,1,1,-0.0370820668693009,-0.0370820668693009,0.0,サンプル不足,-0.02718098958333337
v5,distance_high_120d,120日高値接近度,終値と120日高値の距離,True,業種,ガラス・土石製品,5d,5営業日,4,1,1,0.2504892367906066,0.2504892367906066,1.0,サンプル不足,-0.02718098958333337
v5,distance_high_120d,120日高値接近度,終値と120日高値の距離,True,業種,ガラス・土石製品,5d,5営業日,5,1,1,-0.02718098958333337,-0.02718098958333337,0.0,サンプル不足,-0.02718098958333337
v5,distance_high_120d,120日高値接近度,終値と120日高値の距離,True,業種,サービス業,10d,10営業日,1,1,1,-0.0471806674338319,-0.0471806674338319,0.0,サンプル不足,0.06248570512692933
v5,distance_high_120d,120日高値接近度,終値と120日高値の距離,True,業種,サービス業,10d,10営業日,2,3,3,0.03309654824419134,0.0160295930949445,0.6666666666666666,サンプル不足,0.06248570512692933
v5,distance_high_120d,120日高値接近度,終値と120日高値の距離,True,業種,サービス業,10d,10営業日,5,2,2,0.015305037693097434,0.015305037693097434,1.0,サンプル不足,0.06248570512692933
v5,distance_high_120d,120日高値接近度,終値と120日高値の距離,True,業種,サービス業,1d,1営業日,1,1,1,-0.0126582278481012,-0.0126582278481012,0.0,サンプル不足,-0.0027233502200440744
v5,distance_high_120d,120日高値接近度,終値と120日高値の距離,True,業種,サービス業,1d,1営業日,2,3,3,0.017907830047726957,0.017072615524698298,0.6666666666666666,サンプル不足,-0.0027233502200440744
v5,distance_high_120d,120日高値接近度,終値と120日高値の距離,True,業種,サービス業,1d,1営業日,5,2,2,-0.015381578068145274,-0.015381578068145274,0.0,サンプル不足,-0.0027233502200440744
v5,distance_high_120d,120日高値接近度,終値と120日高値の距離,True,業種,サービス業,3d,3営業日,1,1,1,-0.0322209436133487,-0.0322209436133487,0.0,サンプル不足,0.11329512095618277
v5,distance_high_120d,120日高値接近度,終値と120日高値の距離,True,業種,サービス業,3d,3営業日,2,3,3,0.017798726566591254,0.01411336216708392,0.6666666666666666,サンプル不足,0.11329512095618277
v5,distance_high_120d,120日高値接近度,終値と120日高値の距離,True,業種,サービス業,3d,3営業日,5,2,2,0.08107417734283406,0.08107417734283406,1.0,サンプル不足,0.11329512095618277
v5,distance_high_120d,120日高値接近度,終値と120日高値の距離,True,業種,サービス業,5d,5営業日,1,1,1,-0.0563866513233601,-0.0563866513233601,0.0,サンプル不足,0.09074325657548779
v5,distance_high_120d,120日高値接近度,終値と120日高値の距離,True,業種,サービス業,5d,5営業日,2,3,3,0.01810802457381998,0.013202822672433445,0.6666666666666666,サンプル不足,0.09074325657548779
v5,distance_high_120d,120日高値接近度,終値と120日高値の距離,True,業種,サービス業,5d,5営業日,5,2,2,0.03435660525212769,0.03435660525212769,1.0,サンプル不足,0.09074325657548779
v5,distance_high_120d,120日高値接近度,終値と120日高値の距離,True,業種,パルプ・紙,10d,10営業日,3,1,1,0.032064128256513,0.032064128256513,1.0,サンプル不足,0.0
v5,distance_high_120d,120日高値接近度,終値と120日高値の距離,True,業種,パルプ・紙,1d,1営業日,3,1,1,0.066132264529058,0.066132264529058,1.0,サンプル不足,0.0
v5,distance_high_120d,120日高値接近度,終値と120日高値の距離,True,業種,パルプ・紙,3d,3営業日,3,1,1,0.0220440881763526,0.0220440881763526,1.0,サンプル不足,0.0
v5,distance_high_120d,120日高値接近度,終値と120日高値の距離,True,業種,パルプ・紙,5d,5営業日,3,1,1,-0.0420841683366733,-0.0420841683366733,0.0,サンプル不足,0.0
v5,distance_high_120d,120日高値接近度,終値と120日高値の距離,True,業種,不動産業,10d,10営業日,4,1,1,0.15957446808510634,0.15957446808510634,1.0,サンプル不足,-0.2504835589941973
v5,distance_high_120d,120日高値接近度,終値と120日高値の距離,True,業種,不動産業,10d,10営業日,5,1,1,-0.09090909090909094,-0.09090909090909094,0.0,サンプル不足,-0.2504835589941973
v5,distance_high_120d,120日高値接近度,終値と120日高値の距離,True,業種,不動産業,1d,1営業日,4,1,1,-0.021276595744680882,-0.021276595744680882,0.0,サンプル不足,-0.06963249516441006
v5,distance_high_120d,120日高値接近度,終値と120日高値の距離,True,業種,不動産業,1d,1営業日,5,1,1,-0.09090909090909094,-0.09090909090909094,0.0,サンプル不足,-0.06963249516441006
v5,distance_high_120d,120日高値接近度,終値と120日高値の距離,True,業種,不動産業,3d,3営業日,4,1,1,-0.04255319148936165,-0.04255319148936165,0.0,サンプル不足,-0.04835589941972929
v5,distance_high_120d,120日高値接近度,終値と120日高値の距離,True,業種,不動産業,3d,3営業日,5,1,1,-0.09090909090909094,-0.09090909090909094,0.0,サンプル不足,-0.04835589941972929
v5,distance_high_120d,120日高値接近度,終値と120日高値の距離,True,業種,不動産業,5d,5営業日,4,1,1,-0.021276595744680882,-0.021276595744680882,0.0,サンプル不足,-0.06963249516441006
v5,distance_high_120d,120日高値接近度,終値と120日高値の距離,True,業種,不動産業,5d,5営業日,5,1,1,-0.09090909090909094,-0.09090909090909094,0.0,サンプル不足,-0.06963249516441006
v5,distance_high_120d,120日高値接近度,終値と120日高値の距離,True,業種,保険業,10d,10営業日,3,1,1,-0.06056616194865039,-0.06056616194865039,0.0,サンプル不足,0.05945071298044069
v5,distance_high_120d,120日高値接近度,終値と120日高値の距離,True,業種,保険業,10d,10営業日,5,1,1,-0.001115448968209698,-0.001115448968209698,0.0,サンプル不足,0.05945071298044069
v5,distance_high_120d,120日高値接近度,終値と120日高値の距離,True,業種,保険業,1d,1営業日,3,1,1,0.006802721088435382,0.006802721088435382,1.0,サンプル不足,0.008534702224447965
v5,distance_high_120d,120日高値接近度,終値と120日高値の距離,True,業種,保険業,1d,1営業日,5,1,1,0.015337423312883347,0.015337423312883347,1.0,サンプル不足,0.008534702224447965
v5,distance_high_120d,120日高値接近度,終値と120日高値の距離,True,業種,保険業,3d,3営業日,3,1,1,0.01821373710774643,0.01821373710774643,1.0,サンプル不足,0.004931828982605024
v5,distance_high_120d,120日高値接近度,終値と120日高値の距離,True,業種,保険業,3d,3営業日,5,1,1,0.023145566090351455,0.023145566090351455,1.0,サンプル不足,0.004931828982605024
v5,distance_high_120d,120日高値接近度,終値と120日高値の距離,True,業種,保険業,5d,5営業日,3,1,1,-0.023480359885889812,-0.023480359885889812,0.0,サンプル不足,-0.012771731580925594
v5,distance_high_120d,120日高値接近度,終値と120日高値の距離,True,業種,保険業,5d,5営業日,5,1,1,-0.036252091466815406,-0.036252091466815406,0.0,サンプル不足,-0.012771731580925594
v5,distance_high_120d,120日高値接近度,終値と120日高値の距離,True,業種,化学,10d,10営業日,1,1,1,-0.055640599398323665,-0.055640599398323665,0.0,サンプル不足,0.03598003494370888
v5,distance_high_120d,120日高値接近度,終値と120日高値の距離,True,業種,化学,10d,10営業日,2,2,2,-0.04100513313614468,-0.04100513313614468,0.5,サンプル不足,0.03598003494370888
v5,distance_high_120d,120日高値接近度,終値と120日高値の距離,True,業種,化学,10d,10営業日,3,2,2,-0.021302814165330308,-0.021302814165330308,0.0,サンプル不足,0.03598003494370888
v5,distance_high_120d,120日高値接近度,終値と120日高値の距離,True,業種,化学,10d,10営業日,4,2,2,-0.019660564454614782,-0.019660564454614782,0.0,サンプル不足,0.03598003494370888
v5,distance_high_120d,120日高値接近度,終値と120日高値の距離,True,業種,化学,1d,1営業日,1,1,1,-0.013010273173576503,-0.013010273173576503,0.0,サンプル不足,0.0018565737075200706
v5,distance_high_120d,120日高値接近度,終値と120日高値の距離,True,業種,化学,1d,1営業日,2,2,2,0.03167366810373462,0.03167366810373462,1.0,サンプル不足,0.0018565737075200706
v5,distance_high_120d,120日高値接近度,終値と120日高値の距離,True,業種,化学,1d,1営業日,3,2,2,-0.007637032097928542,-0.007637032097928542,0.0,サンプル不足,0.0018565737075200706
v5,distance_high_120d,120日高値接近度,終値と120日高値の距離,True,業種,化学,1d,1営業日,4,2,2,-0.011153699466056433,-0.011153699466056433,0.0,サンプル不足,0.0018565737075200706
v5,distance_high_120d,120日高値接近度,終値と120日高値の距離,True,業種,化学,3d,3営業日,1,1,1,-0.03589054956765969,-0.03589054956765969,0.0,サンプル不足,0.06682304384683585
v5,distance_high_120d,120日高値接近度,終値と120日高値の距離,True,業種,化学,3d,3営業日,2,2,2,-0.00857877770784471,-0.00857877770784471,0.0,サンプル不足,0.06682304384683585
v5,distance_high_120d,120日高値接近度,終値と120日高値の距離,True,業種,化学,3d,3営業日,3,2,2,-0.006671071161891251,-0.006671071161891251,0.5,サンプル不足,0.06682304384683585
v5,distance_high_120d,120日高値接近度,終値と120日高値の距離,True,業種,化学,3d,3営業日,4,2,2,0.03093249427917616,0.03093249427917616,0.5,サンプル不足,0.06682304384683585
v5,distance_high_120d,120日高値接近度,終値と120日高値の距離,True,業種,化学,5d,5営業日,1,1,1,-0.0668460423416064,-0.0668460423416064,0.0,サンプル不足,0.06750965790224711
v5,distance_high_120d,120日高値接近度,終値と120日高値の距離,True,業種,化学,5d,5営業日,2,2,2,-0.040259905128745,-0.040259905128745,0.0,サンプル不足,0.06750965790224711
v5,distance_high_120d,120日高値接近度,終値と120日高値の距離,True,業種,化学,5d,5営業日,3,2,2,-0.02806306062958508,-0.02806306062958508,0.5,サンプル不足,0.06750965790224711
v5,distance_high_120d,120日高値接近度,終値と120日高値の距離,True,業種,化学,5d,5営業日,4,2,2,0.0006636155606407068,0.0006636155606407068,0.5,サンプル不足,0.06750965790224711
v5,distance_high_120d,120日高値接近度,終値と120日高値の距離,True,業種,卸売業,10d,10営業日,5,2,2,0.01654704718447203,0.01654704718447203,0.5,サンプル不足,0.0
v5,distance_high_120d,120日高値接近度,終値と120日高値の距離,True,業種,卸売業,1d,1営業日,5,2,2,0.018680312392965248,0.018680312392965248,0.5,サンプル不足,0.0
v5,distance_high_120d,120日高値接近度,終値と120日高値の距離,True,業種,卸売業,3d,3営業日,5,2,2,0.03310223255103001,0.03310223255103001,0.5,サンプル不足,0.0
v5,distance_high_120d,120日高値接近度,終値と120日高値の距離,True,業種,卸売業,5d,5営業日,5,2,2,0.011920667585691547,0.011920667585691547,0.5,サンプル不足,0.0
v5,distance_high_120d,120日高値接近度,終値と120日高値の距離,True,業種,小売業,10d,10営業日,1,1,1,-0.017505470459518557,-0.017505470459518557,0.0,サンプル不足,0.05033375328780143
v5,distance_high_120d,120日高値接近度,終値と120日高値の距離,True,業種,小売業,10d,10営業日,4,1,1,0.0,0.0,0.0,サンプル不足,0.05033375328780143
v5,distance_high_120d,120日高値接近度,終値と120日高値の距離,True,業種,小売業,10d,10営業日,5,1,1,0.03282828282828287,0.03282828282828287,1.0,サンプル不足,0.05033375328780143
v5,distance_high_120d,120日高値接近度,終値と120日高値の距離,True,業種,小売業,1d,1営業日,1,1,1,-0.005251641137855589,-0.005251641137855589,0.0,サンプル不足,0.04691830780452233
v5,distance_high_120d,120日高値接近度,終値と120日高値の距離,True,業種,小売業,1d,1営業日,4,1,1,0.0,0.0,0.0,サンプル不足,0.04691830780452233
v5,distance_high_120d,120日高値接近度,終値と120日高値の距離,True,業種,小売業,1d,1営業日,5,1,1,0.04166666666666674,0.04166666666666674,1.0,サンプル不足,0.04691830780452233
v5,distance_high_120d,120日高値接近度,終値と120日高値の距離,True,業種,小売業,3d,3営業日,1,1,1,-0.014879649890590763,-0.014879649890590763,0.0,サンプル不足,0.04013217514311607
v5,distance_high_120d,120日高値接近度,終値と120日高値の距離,True,業種,小売業,3d,3営業日,4,1,1,-0.0229885057471264,-0.0229885057471264,0.0,サンプル不足,0.04013217514311607
v5,distance_high_120d,120日高値接近度,終値と120日高値の距離,True,業種,小売業,3d,3営業日,5,1,1,0.025252525252525304,0.025252525252525304,1.0,サンプル不足,0.04013217514311607
v5,distance_high_120d,120日高値接近度,終値と120日高値の距離,True,業種,小売業,5d,5営業日,1,1,1,-0.04070021881838071,-0.04070021881838071,0.0,サンプル不足,0.019235572353734187
v5,distance_high_120d,120日高値接近度,終値と120日高値の距離,True,業種,小売業,5d,5営業日,4,1,1,-0.0448275862068965,-0.0448275862068965,0.0,サンプル不足,0.019235572353734187
v5,distance_high_120d,120日高値接近度,終値と120日高値の距離,True,業種,小売業,5d,5営業日,5,1,1,-0.02146464646464652,-0.02146464646464652,0.0,サンプル不足,0.019235572353734187
v5,distance_high_120d,120日高値接近度,終値と120日高値の距離,True,業種,建設業,10d,10営業日,2,2,2,-0.08126967165410691,-0.08126967165410691,0.5,サンプル不足,0.0
v5,distance_high_120d,120日高値接近度,終値と120日高値の距離,True,業種,建設業,1d,1営業日,2,2,2,0.0032556912820974997,0.0032556912820974997,0.5,サンプル不足,0.0
v5,distance_high_120d,120日高値接近度,終値と120日高値の距離,True,業種,建設業,3d,3営業日,2,2,2,-0.048379760137671174,-0.048379760137671174,0.5,サンプル不足,0.0
v5,distance_high_120d,120日高値接近度,終値と120日高値の距離,True,業種,建設業,5d,5営業日,2,2,2,-0.04495695481667489,-0.04495695481667489,0.5,サンプル不足,0.0
v5,distance_high_120d,120日高値接近度,終値と120日高値の距離,True,業種,情報・通信業,10d,10営業日,1,3,3,-0.1121868025673914,-0.12790697674418605,0.0,サンプル不足,0.0868842723143661
v5,distance_high_120d,120日高値接近度,終値と120日高値の距離,True,業種,情報・通信業,10d,10営業日,2,1,1,-0.1787878787878788,-0.1787878787878788,0.0,サンプル不足,0.0868842723143661
v5,distance_high_120d,120日高値接近度,終値と120日高値の距離,True,業種,情報・通信業,10d,10営業日,5,1,1,-0.0253025302530253,-0.0253025302530253,0.0,サンプル不足,0.0868842723143661
v5,distance_high_120d,120日高値接近度,終値と120日高値の距離,True,業種,情報・通信業,1d,1営業日,1,3,3,0.028919484195932415,0.04491279069767451,0.6666666666666666,サンプル不足,-0.039920584305943314
v5,distance_high_120d,120日高値接近度,終値と120日高値の距離,True,業種,情報・通信業,1d,1営業日,2,1,1,-0.1515151515151515,-0.1515151515151515,0.0,サンプル不足,-0.039920584305943314
v5,distance_high_120d,120日高値接近度,終値と120日高値の距離,True,業種,情報・通信業,1d,1営業日,5,1,1,-0.0110011001100109,-0.0110011001100109,0.0,サンプル不足,-0.039920584305943314
v5,distance_high_120d,120日高値接近度,終値と120日高値の距離,True,業種,情報・通信業,3d,3営業日,1,3,3,0.055224883425035065,0.052906976744186096,0.6666666666666666,サンプル不足,-0.058525213458038364
v5,distance_high_120d,120日高値接近度,終値と120日高値の距離,True,業種,情報・通信業,3d,3営業日,2,1,1,-0.2696969696969696,-0.2696969696969696,0.0,サンプル不足,-0.058525213458038364
v5,distance_high_120d,120日高値接近度,終値と120日高値の距離,True,業種,情報・通信業,3d,3営業日,5,1,1,-0.0033003300330033,-0.0033003300330033,0.0,サンプル不足,-0.058525213458038364
v5,distance_high_120d,120日高値接近度,終値と120日高値の距離,True,業種,情報・通信業,5d,5営業日,1,3,3,-0.025496375844749952,-0.0411337209302326,0.3333333333333333,サンプル不足,-0.005306704463280847
v5,distance_high_120d,120日高値接近度,終値と120日高値の距離,True,業種,情報・通信業,5d,5営業日,2,1,1,-0.2393939393939393,-0.2393939393939393,0.0,サンプル不足,-0.005306704463280847
v5,distance_high_120d,120日高値接近度,終値と120日高値の距離,True,業種,情報・通信業,5d,5営業日,5,1,1,-0.0308030803080308,-0.0308030803080308,0.0,サンプル不足,-0.005306704463280847
v5,distance_high_120d,120日高値接近度,終値と120日高値の距離,True,業種,機械,10d,10営業日,1,3,3,0.194188909892836,0.0597560975609756,0.6666666666666666,サンプル不足,-0.1962255697706364
v5,distance_high_120d,120日高値接近度,終値と120日高値の距離,True,業種,機械,10d,10営業日,2,4,4,-0.009227396957447138,-0.0463768718369722,0.25,サンプル不足,-0.1962255697706364
v5,distance_high_120d,120日高値接近度,終値と120日高値の距離,True,業種,機械,10d,10営業日,3,3,3,0.04355898339519815,0.05111111111111111,1.0,サンプル不足,-0.1962255697706364
v5,distance_high_120d,120日高値接近度,終値と120日高値の距離,True,業種,機械,10d,10営業日,4,2,2,-0.007392467752966609,-0.007392467752966609,0.5,サンプル不足,-0.1962255697706364
v5,distance_high_120d,120日高値接近度,終値と120日高値の距離,True,業種,機械,10d,10営業日,5,1,1,-0.0020366598778004,-0.0020366598778004,0.0,サンプル不足,-0.1962255697706364
v5,distance_high_120d,120日高値接近度,終値と120日高値の距離,True,業種,機械,1d,1営業日,1,3,3,0.027196848672351493,-0.048780487804878,0.3333333333333333,サンプル不足,-0.04688456082442209
v5,distance_high_120d,120日高値接近度,終値と120日高値の距離,True,業種,機械,1d,1営業日,2,4,4,0.02645959039626753,0.031165934039288246,0.75,サンプル不足,-0.04688456082442209
v5,distance_high_120d,120日高値接近度,終値と120日高値の距離,True,業種,機械,1d,1営業日,3,3,3,0.008908338990231579,0.0022222222222221255,0.6666666666666666,サンプル不足,-0.04688456082442209
v5,distance_high_120d,120日高値接近度,終値と120日高値の距離,True,業種,機械,1d,1営業日,4,2,2,0.00021156502231411446,0.00021156502231411446,0.5,サンプル不足,-0.04688456082442209
v5,distance_high_120d,120日高値接近度,終値と120日高値の距離,True,業種,機械,1d,1営業日,5,1,1,-0.0196877121520706,-0.0196877121520706,0.0,サンプル不足,-0.04688456082442209
v5,distance_high_120d,120日高値接近度,終値と120日高値の距離,True,業種,機械,3d,3営業日,1,3,3,0.07294884805451225,0.0445121951219511,0.6666666666666666,サンプル不足,-0.022711237735435555
v5,distance_high_120d,120日高値接近度,終値と120日高値の距離,True,業種,機械,3d,3営業日,2,4,4,0.03904318990337762,0.022891574611950016,0.75,サンプル不足,-0.022711237735435555
v5,distance_high_120d,120日高値接近度,終値と120日高値の距離,True,業種,機械,3d,3営業日,3,3,3,0.07541449417700556,0.10955414012738851,1.0,サンプル不足,-0.022711237735435555
v5,distance_high_120d,120日高値接近度,終値と120日高値の距離,True,業種,機械,3d,3営業日,4,2,2,0.05956287206836072,0.05956287206836072,1.0,サンプル不足,-0.022711237735435555
v5,distance_high_120d,120日高値接近度,終値と120日高値の距離,True,業種,機械,3d,3営業日,5,1,1,0.0502376103190767,0.0502376103190767,1.0,サンプル不足,-0.022711237735435555
v5,distance_high_120d,120日高値接近度,終値と120日高値の距離,True,業種,機械,5d,5営業日,1,3,3,0.002625564179046099,-0.0091463414634146,0.3333333333333333,サンプル不足,-0.027744369338584398
v5,distance_high_120d,120日高値接近度,終値と120日高値の距離,True,業種,機械,5d,5営業日,2,4,4,-0.03171337146522642,-0.0356670026707126,0.25,サンプル不足,-0.027744369338584398
v5,distance_high_120d,120日高値接近度,終値と120日高値の距離,True,業種,機械,5d,5営業日,3,3,3,-0.004326203234301514,-0.002547770700636942,0.3333333333333333,サンプル不足,-0.027744369338584398
v5,distance_high_120d,120日高値接近度,終値と120日高値の距離,True,業種,機械,5d,5営業日,4,2,2,0.04117501084437057,0.04117501084437057,1.0,サンプル不足,-0.027744369338584398
v5,distance_high_120d,120日高値接近度,終値と120日高値の距離,True,業種,機械,5d,5営業日,5,1,1,-0.0251188051595383,-0.0251188051595383,0.0,サンプル不足,-0.027744369338584398
v5,distance_high_120d,120日高値接近度,終値と120日高値の距離,True,業種,精密機器,10d,10営業日,1,2,2,-0.02582955179017765,-0.02582955179017765,0.0,サンプル不足,0.031232177266703614
v5,distance_high_120d,120日高値接近度,終値と120日高値の距離,True,業種,精密機器,10d,10営業日,4,2,2,0.12570958925055908,0.12570958925055908,0.5,サンプル不足,0.031232177266703614
v5,distance_high_120d,120日高値接近度,終値と120日高値の距離,True,業種,精密機器,10d,10営業日,5,3,3,0.005402625476525961,0.03470437017994854,0.6666666666666666,サンプル不足,0.031232177266703614
v5,distance_high_120d,120日高値接近度,終値と120日高値の距離,True,業種,精密機器,1d,1営業日,1,2,2,-0.004171523521317944,-0.004171523521317944,0.5,サンプル不足,0.008204012568489738
v5,distance_high_120d,120日高値接近度,終値と120日高値の距離,True,業種,精密機器,1d,1営業日,4,2,2,0.062407219811795644,0.062407219811795644,0.5,サンプル不足,0.008204012568489738
v5,distance_high_120d,120日高値接近度,終値と120日高値の距離,True,業種,精密機器,1d,1営業日,5,3,3,0.0040324890471717945,-0.02699228791773778,0.3333333333333333,サンプル不足,0.008204012568489738
v5,distance_high_120d,120日高値接近度,終値と120日高値の距離,True,業種,精密機器,3d,3営業日,1,2,2,0.06338958687942087,0.06338958687942087,1.0,サンプル不足,-0.045422791838526266
v5,distance_high_120d,120日高値接近度,終値と120日高値の距離,True,業種,精密機器,3d,3営業日,4,2,2,0.1230639601929191,0.1230639601929191,0.5,サンプル不足,-0.045422791838526266
v5,distance_high_120d,120日高値接近度,終値と120日高値の距離,True,業種,精密機器,3d,3営業日,5,3,3,0.0179667950408946,0.0012853470437017567,0.6666666666666666,サンプル不足,-0.045422791838526266
v5,distance_high_120d,120日高値接近度,終値と120日高値の距離,True,業種,精密機器,5d,5営業日,1,2,2,0.00965955594570711,0.00965955594570711,1.0,サンプル不足,-0.023715136773190593
v5,distance_high_120d,120日高値接近度,終値と120日高値の距離,True,業種,精密機器,5d,5営業日,4,2,2,0.07789394547551243,0.07789394547551243,0.5,サンプル不足,-0.023715136773190593
v5,distance_high_120d,120日高値接近度,終値と120日高値の距離,True,業種,精密機器,5d,5営業日,5,3,3,-0.014055580827483483,-0.023136246786632397,0.3333333333333333,サンプル不足,-0.023715136773190593
v5,distance_high_120d,120日高値接近度,終値と120日高値の距離,True,業種,証券、商品先物取引業,10d,10営業日,3,1,1,0.014930015552099496,0.014930015552099496,1.0,サンプル不足,-0.022855584125497153
v5,distance_high_120d,120日高値接近度,終値と120日高値の距離,True,業種,証券、商品先物取引業,10d,10営業日,4,1,1,-0.007925568573397657,-0.007925568573397657,0.0,サンプル不足,-0.022855584125497153
v5,distance_high_120d,120日高値接近度,終値と120日高値の距離,True,業種,証券、商品先物取引業,1d,1営業日,3,1,1,0.013996889580093264,0.013996889580093264,1.0,サンプル不足,-0.025023767595255264
v5,distance_high_120d,120日高値接近度,終値と120日高値の距離,True,業種,証券、商品先物取引業,1d,1営業日,4,1,1,-0.011026878015162,-0.011026878015162,0.0,サンプル不足,-0.025023767595255264
v5,distance_high_120d,120日高値接近度,終値と120日高値の距離,True,業種,証券、商品先物取引業,3d,3営業日,3,1,1,0.011508553654743459,0.011508553654743459,1.0,サンプル不足,-0.02150166185598401
v5,distance_high_120d,120日高値接近度,終値と120日高値の距離,True,業種,証券、商品先物取引業,3d,3営業日,4,1,1,-0.009993108201240553,-0.009993108201240553,0.0,サンプル不足,-0.02150166185598401
v5,distance_high_120d,120日高値接近度,終値と120日高値の距離,True,業種,証券、商品先物取引業,5d,5営業日,3,1,1,-0.01648522550544318,-0.01648522550544318,0.0,サンプル不足,-0.013838689036252183
v5,distance_high_120d,120日高値接近度,終値と120日高値の距離,True,業種,証券、商品先物取引業,5d,5営業日,4,1,1,-0.030323914541695363,-0.030323914541695363,0.0,サンプル不足,-0.013838689036252183
v5,distance_high_120d,120日高値接近度,終値と120日高値の距離,True,業種,輸送用機器,10d,10営業日,1,3,3,-0.16708666764418956,-0.1737599510104103,0.0,サンプル不足,0.45790299417480185
v5,distance_high_120d,120日高値接近度,終値と120日高値の距離,True,業種,輸送用機器,10d,10営業日,4,1,1,0.2908163265306123,0.2908163265306123,1.0,サンプル不足,0.45790299417480185
v5,distance_high_120d,120日高値接近度,終値と120日高値の距離,True,業種,輸送用機器,1d,1営業日,1,3,3,-0.04507400525952071,-0.03245560318432328,0.3333333333333333,サンプル不足,0.08078829097380652
v5,distance_high_120d,120日高値接近度,終値と120日高値の距離,True,業種,輸送用機器,1d,1営業日,4,1,1,0.03571428571428581,0.03571428571428581,1.0,サンプル不足,0.08078829097380652
v5,distance_high_120d,120日高値接近度,終値と120日高値の距離,True,業種,輸送用機器,3d,3営業日,1,3,3,-0.0028354861283981605,-0.007042253521126751,0.3333333333333333,サンプル不足,0.11580924706134281
v5,distance_high_120d,120日高値接近度,終値と120日高値の距離,True,業種,輸送用機器,3d,3営業日,4,1,1,0.11297376093294464,0.11297376093294464,1.0,サンプル不足,0.11580924706134281
v5,distance_high_120d,120日高値接近度,終値と120日高値の距離,True,業種,輸送用機器,5d,5営業日,1,3,3,-0.09975184451480135,-0.06307409675443965,0.3333333333333333,サンプル不足,0.32059732556436393
v5,distance_high_120d,120日高値接近度,終値と120日高値の距離,True,業種,輸送用機器,5d,5営業日,4,1,1,0.2208454810495626,0.2208454810495626,1.0,サンプル不足,0.32059732556436393
v5,distance_high_120d,120日高値接近度,終値と120日高値の距離,True,業種,金属製品,10d,10営業日,2,1,1,0.14196008147600092,0.14196008147600092,1.0,サンプル不足,-0.2668912867594352
v5,distance_high_120d,120日高値接近度,終値と120日高値の距離,True,業種,金属製品,10d,10営業日,3,2,2,0.13257565828121504,0.13257565828121504,0.5,サンプル不足,-0.2668912867594352
v5,distance_high_120d,120日高値接近度,終値と120日高値の距離,True,業種,金属製品,10d,10営業日,5,1,1,-0.12493120528343427,-0.12493120528343427,0.0,サンプル不足,-0.2668912867594352
v5,distance_high_120d,120日高値接近度,終値と120日高値の距離,True,業種,金属製品,1d,1営業日,2,1,1,0.04046232619288359,0.04046232619288359,1.0,サンプル不足,-0.05312055404098481
v5,distance_high_120d,120日高値接近度,終値と120日高値の距離,True,業種,金属製品,1d,1営業日,3,2,2,0.10113330500206351,0.10113330500206351,1.0,サンプル不足,-0.05312055404098481
v5,distance_high_120d,120日高値接近度,終値と120日高値の距離,True,業種,金属製品,1d,1営業日,5,1,1,-0.012658227848101222,-0.012658227848101222,0.0,サンプル不足,-0.05312055404098481
v5,distance_high_120d,120日高値接近度,終値と120日高値の距離,True,業種,金属製品,3d,3営業日,2,1,1,0.01661839223442918,0.01661839223442918,1.0,サンプル不足,0.014201640787034675
v5,distance_high_120d,120日高値接近度,終値と120日高値の距離,True,業種,金属製品,3d,3営業日,3,2,2,0.22492319951264328,0.22492319951264328,1.0,サンプル不足,0.014201640787034675
v5,distance_high_120d,120日高値接近度,終値と120日高値の距離,True,業種,金属製品,3d,3営業日,5,1,1,0.030820033021463855,0.030820033021463855,1.0,サンプル不足,0.014201640787034675
v5,distance_high_120d,120日高値接近度,終値と120日高値の距離,True,業種,金属製品,5d,5営業日,2,1,1,-0.10621393050957872,-0.10621393050957872,0.0,サンプル不足,0.04622493766422919
v5,distance_high_120d,120日高値接近度,終値と120日高値の距離,True,業種,金属製品,5d,5営業日,3,2,2,0.10754888049998343,0.10754888049998343,1.0,サンプル不足,0.04622493766422919
v5,distance_high_120d,120日高値接近度,終値と120日高値の距離,True,業種,金属製品,5d,5営業日,5,1,1,-0.05998899284534953,-0.05998899284534953,0.0,サンプル不足,0.04622493766422919
v5,distance_high_120d,120日高値接近度,終値と120日高値の距離,True,業種,鉄鋼,10d,10営業日,5,1,1,-0.0461538461538461,-0.0461538461538461,0.0,サンプル不足,0.0
v5,distance_high_120d,120日高値接近度,終値と120日高値の距離,True,業種,鉄鋼,1d,1営業日,5,1,1,-0.03538461538461535,-0.03538461538461535,0.0,サンプル不足,0.0
v5,distance_high_120d,120日高値接近度,終値と120日高値の距離,True,業種,鉄鋼,3d,3営業日,5,1,1,-0.019230769230769273,-0.019230769230769273,0.0,サンプル不足,0.0
v5,distance_high_120d,120日高値接近度,終値と120日高値の距離,True,業種,鉄鋼,5d,5営業日,5,1,1,-0.0592307692307692,-0.0592307692307692,0.0,サンプル不足,0.0
v5,distance_high_120d,120日高値接近度,終値と120日高値の距離,True,業種,銀行業,10d,10営業日,3,3,3,-0.012179939354489319,-0.012159999999999949,0.0,サンプル不足,-0.0036313607889849973
v5,distance_high_120d,120日高値接近度,終値と120日高値の距離,True,業種,銀行業,10d,10営業日,5,2,2,-0.015811300143474316,-0.015811300143474316,0.0,サンプル不足,-0.0036313607889849973
v5,distance_high_120d,120日高値接近度,終値と120日高値の距離,True,業種,銀行業,1d,1営業日,3,3,3,0.047180138111095005,0.04371963913948651,1.0,サンプル不足,-0.016417223133514014
v5,distance_high_120d,120日高値接近度,終値と120日高値の距離,True,業種,銀行業,1d,1営業日,5,2,2,0.03076291497758099,0.03076291497758099,1.0,サンプル不足,-0.016417223133514014
v5,distance_high_120d,120日高値接近度,終値と120日高値の距離,True,業種,銀行業,3d,3営業日,3,3,3,0.03600117116487075,0.03169095535507749,1.0,サンプル不足,-0.0243688883476438
v5,distance_high_120d,120日高値接近度,終値と120日高値の距離,True,業種,銀行業,3d,3営業日,5,2,2,0.011632282817226947,0.011632282817226947,1.0,サンプル不足,-0.0243688883476438
v5,distance_high_120d,120日高値接近度,終値と120日高値の距離,True,業種,銀行業,5d,5営業日,3,3,3,-0.013663543871163272,-0.014573643410852766,0.0,サンプル不足,-0.014311539913797503
v5,distance_high_120d,120日高値接近度,終値と120日高値の距離,True,業種,銀行業,5d,5営業日,5,2,2,-0.027975083784960775,-0.027975083784960775,0.0,サンプル不足,-0.014311539913797503
v5,distance_high_120d,120日高値接近度,終値と120日高値の距離,True,業種,電気・ガス業,10d,10営業日,2,1,1,0.10313108084203071,0.10313108084203071,1.0,サンプル不足,0.0
v5,distance_high_120d,120日高値接近度,終値と120日高値の距離,True,業種,電気・ガス業,1d,1営業日,2,1,1,0.002476561117990439,0.002476561117990439,1.0,サンプル不足,0.0
v5,distance_high_120d,120日高値接近度,終値と120日高値の距離,True,業種,電気・ガス業,3d,3営業日,2,1,1,0.012736600035379464,0.012736600035379464,1.0,サンプル不足,0.0
v5,distance_high_120d,120日高値接近度,終値と120日高値の距離,True,業種,電気・ガス業,5d,5営業日,2,1,1,0.03307978064744388,0.03307978064744388,1.0,サンプル不足,0.0
v5,distance_high_120d,120日高値接近度,終値と120日高値の距離,True,業種,電気機器,10d,10営業日,1,3,3,-0.15929835911987297,-0.1927542963307014,0.0,サンプル不足,0.15615389558305695
v5,distance_high_120d,120日高値接近度,終値と120日高値の距離,True,業種,電気機器,10d,10営業日,2,6,6,0.017489903359352077,0.013125831459103954,0.5,サンプル不足,0.15615389558305695
v5,distance_high_120d,120日高値接近度,終値と120日高値の距離,True,業種,電気機器,10d,10営業日,3,4,4,0.06526812549876987,0.0421433620615721,0.75,サンプル不足,0.15615389558305695
v5,distance_high_120d,120日高値接近度,終値と120日高値の距離,True,業種,電気機器,10d,10営業日,4,9,9,0.015197384962712009,0.07437500000000008,0.6666666666666666,サンプル不足,0.15615389558305695
v5,distance_high_120d,120日高値接近度,終値と120日高値の距離,True,業種,電気機器,10d,10営業日,5,3,3,-0.0031444635368160175,0.050478677110531,0.6666666666666666,サンプル不足,0.15615389558305695
v5,distance_high_120d,120日高値接近度,終値と120日高値の距離,True,業種,電気機器,1d,1営業日,1,3,3,0.005287920418065302,0.0083604273107291,0.6666666666666666,サンプル不足,0.005663044478680045
v5,distance_high_120d,120日高値接近度,終値と120日高値の距離,True,業種,電気機器,1d,1営業日,2,6,6,0.019610628153094483,0.014467361821500213,0.8333333333333334,サンプル不足,0.005663044478680045
v5,distance_high_120d,120日高値接近度,終値と120日高値の距離,True,業種,電気機器,1d,1営業日,3,4,4,-0.0003801864388225662,0.000594304952327096,0.5,サンプル不足,0.005663044478680045
v5,distance_high_120d,120日高値接近度,終値と120日高値の距離,True,業種,電気機器,1d,1営業日,4,9,9,0.021447487579113324,0.02499999999999991,0.6666666666666666,サンプル不足,0.005663044478680045
v5,distance_high_120d,120日高値接近度,終値と120日高値の距離,True,業種,電気機器,1d,1営業日,5,3,3,0.010950964896745347,0.01196692776327235,0.6666666666666666,サンプル不足,0.005663044478680045
v5,distance_high_120d,120日高値接近度,終値と120日高値の距離,True,業種,電気機器,3d,3営業日,1,3,3,-0.024305553545415515,-0.0589874593590339,0.3333333333333333,サンプル不足,0.05536303487190917
v5,distance_high_120d,120日高値接近度,終値と120日高値の距離,True,業種,電気機器,3d,3営業日,2,6,6,0.07267407972350041,0.07363376365235841,1.0,サンプル不足,0.05536303487190917
v5,distance_high_120d,120日高値接近度,終値と120日高値の距離,True,業種,電気機器,3d,3営業日,3,4,4,0.028531062631662135,0.02847987858331974,0.5,サンプル不足,0.05536303487190917
v5,distance_high_120d,120日高値接近度,終値と120日高値の距離,True,業種,電気機器,3d,3営業日,4,9,9,0.026229875072011688,0.07103524229074898,0.6666666666666666,サンプル不足,0.05536303487190917
v5,distance_high_120d,120日高値接近度,終値と120日高値の距離,True,業種,電気機器,3d,3営業日,5,3,3,0.031057481326493653,0.036771105308964325,0.6666666666666666,サンプル不足,0.05536303487190917
v5,distance_high_120d,120日高値接近度,終値と120日高値の距離,True,業種,電気機器,5d,5営業日,1,3,3,-0.08995352887100168,-0.1212261960055736,0.0,サンプル不足,0.04749487597269723
v5,distance_high_120d,120日高値接近度,終値と120日高値の距離,True,業種,電気機器,5d,5営業日,2,6,6,-0.010885884040581828,-5.3620038108381785e-05,0.5,サンプル不足,0.04749487597269723
v5,distance_high_120d,120日高値接近度,終値と120日高値の距離,True,業種,電気機器,5d,5営業日,3,4,4,-0.02132458903090692,-0.030920034267736596,0.25,サンプル不足,0.04749487597269723
v5,distance_high_120d,120日高値接近度,終値と120日高値の距離,True,業種,電気機器,5d,5営業日,4,9,9,-0.05646471472295551,-0.03772026431718056,0.3333333333333333,サンプル不足,0.04749487597269723
v5,distance_high_120d,120日高値接近度,終値と120日高値の距離,True,業種,電気機器,5d,5営業日,5,3,3,-0.04245865289830445,-0.04286335944299391,0.0,サンプル不足,0.04749487597269723
v5,distance_high_120d,120日高値接近度,終値と120日高値の距離,True,業種,非鉄金属,10d,10営業日,1,2,2,-0.05602162311132958,-0.05602162311132958,0.0,サンプル不足,0.0
v5,distance_high_120d,120日高値接近度,終値と120日高値の距離,True,業種,非鉄金属,1d,1営業日,1,2,2,-0.0036069554465585907,-0.0036069554465585907,0.5,サンプル不足,0.0
v5,distance_high_120d,120日高値接近度,終値と120日高値の距離,True,業種,非鉄金属,3d,3営業日,1,2,2,0.15975162843703572,0.15975162843703572,1.0,サンプル不足,0.0
v5,distance_high_120d,120日高値接近度,終値と120日高値の距離,True,業種,非鉄金属,5d,5営業日,1,2,2,0.027528406869043454,0.027528406869043454,0.5,サンプル不足,0.0
v5,distance_high_120d,120日高値接近度,終値と120日高値の距離,True,業種,食料品,10d,10営業日,3,1,1,0.15636704119850187,0.15636704119850187,1.0,サンプル不足,0.0
v5,distance_high_120d,120日高値接近度,終値と120日高値の距離,True,業種,食料品,1d,1営業日,3,1,1,0.08370786516853923,0.08370786516853923,1.0,サンプル不足,0.0
v5,distance_high_120d,120日高値接近度,終値と120日高値の距離,True,業種,食料品,3d,3営業日,3,1,1,0.15355805243445686,0.15355805243445686,1.0,サンプル不足,0.0
v5,distance_high_120d,120日高値接近度,終値と120日高値の距離,True,業種,食料品,5d,5営業日,3,1,1,0.02621722846441954,0.02621722846441954,1.0,サンプル不足,0.0
v5,distance_ma20,20日移動平均乖離,終値の20日移動平均からの乖離,True,全体,全体,10d,10営業日,1,20,20,-0.03612790747583444,-0.013027136409327178,0.25,サンプル不足,0.07488353601878854
v5,distance_ma20,20日移動平均乖離,終値の20日移動平均からの乖離,True,全体,全体,10d,10営業日,2,20,20,0.006857358462780477,-0.005138122855897376,0.35,サンプル不足,0.07488353601878854
v5,distance_ma20,20日移動平均乖離,終値の20日移動平均からの乖離,True,全体,全体,10d,10営業日,3,20,20,-0.023303754413440115,-0.0362415988434286,0.3,サンプル不足,0.07488353601878854
v5,distance_ma20,20日移動平均乖離,終値の20日移動平均からの乖離,True,全体,全体,10d,10営業日,4,20,20,0.011822016936573507,0.0028906963581858047,0.5,サンプル不足,0.07488353601878854
v5,distance_ma20,20日移動平均乖離,終値の20日移動平均からの乖離,True,全体,全体,10d,10営業日,5,20,20,0.0387556285429541,0.01760935119450255,0.6,サンプル不足,0.07488353601878854
v5,distance_ma20,20日移動平均乖離,終値の20日移動平均からの乖離,True,全体,全体,1d,1営業日,1,20,20,0.007206286157848149,0.007443921227166161,0.65,サンプル不足,0.02325543686416697
v5,distance_ma20,20日移動平均乖離,終値の20日移動平均からの乖離,True,全体,全体,1d,1営業日,2,20,20,0.010826180476814615,0.008243975556324279,0.55,サンプル不足,0.02325543686416697
v5,distance_ma20,20日移動平均乖離,終値の20日移動平均からの乖離,True,全体,全体,1d,1営業日,3,20,20,0.00449608619046962,-0.007721361970201679,0.4,サンプル不足,0.02325543686416697
v5,distance_ma20,20日移動平均乖離,終値の20日移動平均からの乖離,True,全体,全体,1d,1営業日,4,20,20,0.011834283446340545,0.004450101171911802,0.55,サンプル不足,0.02325543686416697
v5,distance_ma20,20日移動平均乖離,終値の20日移動平均からの乖離,True,全体,全体,1d,1営業日,5,20,20,0.03046172302201512,0.02397510980966333,0.65,サンプル不足,0.02325543686416697
v5,distance_ma20,20日移動平均乖離,終値の20日移動平均からの乖離,True,全体,全体,3d,3営業日,1,20,20,0.029807886896202986,0.03239754189944133,0.75,サンプル不足,-0.009291220527714493
v5,distance_ma20,20日移動平均乖離,終値の20日移動平均からの乖離,True,全体,全体,3d,3営業日,2,20,20,0.0354716545959957,0.020894298937596312,0.7,サンプル不足,-0.009291220527714493
v5,distance_ma20,20日移動平均乖離,終値の20日移動平均からの乖離,True,全体,全体,3d,3営業日,3,20,20,0.029956453338716427,-0.008036067778431777,0.4,サンプル不足,-0.009291220527714493
v5,distance_ma20,20日移動平均乖離,終値の20日移動平均からの乖離,True,全体,全体,3d,3営業日,4,20,20,0.052701863182957,0.036755242665963195,0.75,サンプル不足,-0.009291220527714493
v5,distance_ma20,20日移動平均乖離,終値の20日移動平均からの乖離,True,全体,全体,3d,3営業日,5,20,20,0.020516666368488493,0.07410787423050313,0.65,サンプル不足,-0.009291220527714493
v5,distance_ma20,20日移動平均乖離,終値の20日移動平均からの乖離,True,全体,全体,5d,5営業日,1,20,20,-0.019074702592416524,-0.004876456728013734,0.45,サンプル不足,-0.0020306637495971953
v5,distance_ma20,20日移動平均乖離,終値の20日移動平均からの乖離,True,全体,全体,5d,5営業日,2,20,20,-0.013298032022956383,-0.017611106854040104,0.25,サンプル不足,-0.0020306637495971953
v5,distance_ma20,20日移動平均乖離,終値の20日移動平均からの乖離,True,全体,全体,5d,5営業日,3,20,20,-0.030851805906136703,-0.038891142843840806,0.15,サンプル不足,-0.0020306637495971953
v5,distance_ma20,20日移動平均乖離,終値の20日移動平均からの乖離,True,全体,全体,5d,5営業日,4,20,20,-0.00981327864506883,-0.022907216265886376,0.4,サンプル不足,-0.0020306637495971953
v5,distance_ma20,20日移動平均乖離,終値の20日移動平均からの乖離,True,全体,全体,5d,5営業日,5,20,20,-0.02110536634201372,-0.03708929882525697,0.4,サンプル不足,-0.0020306637495971953
v5,distance_ma20,20日移動平均乖離,終値の20日移動平均からの乖離,True,業種,その他金融業,10d,10営業日,3,1,1,-0.05977272727272731,-0.05977272727272731,0.0,サンプル不足,0.0
v5,distance_ma20,20日移動平均乖離,終値の20日移動平均からの乖離,True,業種,その他金融業,1d,1営業日,3,1,1,0.02659090909090911,0.02659090909090911,1.0,サンプル不足,0.0
v5,distance_ma20,20日移動平均乖離,終値の20日移動平均からの乖離,True,業種,その他金融業,3d,3営業日,3,1,1,-0.020454545454545503,-0.020454545454545503,0.0,サンプル不足,0.0
v5,distance_ma20,20日移動平均乖離,終値の20日移動平均からの乖離,True,業種,その他金融業,5d,5営業日,3,1,1,-0.08386363636363636,-0.08386363636363636,0.0,サンプル不足,0.0
v5,distance_ma20,20日移動平均乖離,終値の20日移動平均からの乖離,True,業種,ガラス・土石製品,10d,10営業日,3,2,2,-0.0626137076859406,-0.0626137076859406,0.0,サンプル不足,-0.033929018993772306
v5,distance_ma20,20日移動平均乖離,終値の20日移動平均からの乖離,True,業種,ガラス・土石製品,10d,10営業日,4,1,1,-0.00862630208333337,-0.00862630208333337,0.0,サンプル不足,-0.033929018993772306
v5,distance_ma20,20日移動平均乖離,終値の20日移動平均からの乖離,True,業種,ガラス・土石製品,10d,10営業日,5,1,1,-0.0965427266797129,-0.0965427266797129,0.0,サンプル不足,-0.033929018993772306
v5,distance_ma20,20日移動平均乖離,終値の20日移動平均からの乖離,True,業種,ガラス・土石製品,1d,1営業日,3,2,2,0.00660580330591655,0.00660580330591655,0.5,サンプル不足,0.20017828019049574
v5,distance_ma20,20日移動平均乖離,終値の20日移動平均からの乖離,True,業種,ガラス・土石製品,1d,1営業日,4,1,1,-0.01529947916666663,-0.01529947916666663,0.0,サンプル不足,0.20017828019049574
v5,distance_ma20,20日移動平均乖離,終値の20日移動平均からの乖離,True,業種,ガラス・土石製品,1d,1営業日,5,1,1,0.2067840834964123,0.2067840834964123,1.0,サンプル不足,0.20017828019049574
v5,distance_ma20,20日移動平均乖離,終値の20日移動平均からの乖離,True,業種,ガラス・土石製品,3d,3営業日,3,2,2,0.0519649948884644,0.0519649948884644,0.5,サンプル不足,0.0856736222022074
v5,distance_ma20,20日移動平均乖離,終値の20日移動平均からの乖離,True,業種,ガラス・土石製品,3d,3営業日,4,1,1,-0.01529947916666663,-0.01529947916666663,0.0,サンプル不足,0.0856736222022074
v5,distance_ma20,20日移動平均乖離,終値の20日移動平均からの乖離,True,業種,ガラス・土石製品,3d,3営業日,5,1,1,0.1376386170906718,0.1376386170906718,1.0,サンプル不足,0.0856736222022074
v5,distance_ma20,20日移動平均乖離,終値の20日移動平均からの乖離,True,業種,ガラス・土石製品,5d,5営業日,3,2,2,-0.01854103343465045,-0.01854103343465045,0.0,サンプル不足,0.26903027022525705
v5,distance_ma20,20日移動平均乖離,終値の20日移動平均からの乖離,True,業種,ガラス・土石製品,5d,5営業日,4,1,1,-0.02718098958333337,-0.02718098958333337,0.0,サンプル不足,0.26903027022525705
v5,distance_ma20,20日移動平均乖離,終値の20日移動平均からの乖離,True,業種,ガラス・土石製品,5d,5営業日,5,1,1,0.2504892367906066,0.2504892367906066,1.0,サンプル不足,0.26903027022525705
v5,distance_ma20,20日移動平均乖離,終値の20日移動平均からの乖離,True,業種,サービス業,10d,10営業日,1,2,2,0.04163002581881475,0.04163002581881475,0.5,サンプル不足,-0.033811973224642744
v5,distance_ma20,20日移動平均乖離,終値の20日移動平均からの乖離,True,業種,サービス業,10d,10営業日,2,2,2,0.01941080794348368,0.01941080794348368,1.0,サンプル不足,-0.033811973224642744
v5,distance_ma20,20日移動平均乖離,終値の20日移動平均からの乖離,True,業種,サービス業,10d,10営業日,3,1,1,-0.0471806674338319,-0.0471806674338319,0.0,サンプル不足,-0.033811973224642744
v5,distance_ma20,20日移動平均乖離,終値の20日移動平均からの乖離,True,業種,サービス業,10d,10営業日,4,1,1,0.00781805259417201,0.00781805259417201,1.0,サンプル不足,-0.033811973224642744
v5,distance_ma20,20日移動平均乖離,終値の20日移動平均からの乖離,True,業種,サービス業,1d,1営業日,1,2,2,0.039192201298470786,0.039192201298470786,1.0,サンプル不足,-0.042035129514533365
v5,distance_ma20,20日移動平均乖離,終値の20日移動平均からの乖離,True,業種,サービス業,1d,1営業日,2,2,2,-0.026290570186994336,-0.026290570186994336,0.0,サンプル不足,-0.042035129514533365
v5,distance_ma20,20日移動平均乖離,終値の20日移動平均からの乖離,True,業種,サービス業,1d,1営業日,3,1,1,-0.0126582278481012,-0.0126582278481012,0.0,サンプル不足,-0.042035129514533365
v5,distance_ma20,20日移動平均乖離,終値の20日移動平均からの乖離,True,業種,サービス業,1d,1営業日,4,1,1,-0.002842928216062579,-0.002842928216062579,0.0,サンプル不足,-0.042035129514533365
v5,distance_ma20,20日移動平均乖離,終値の20日移動平均からの乖離,True,業種,サービス業,3d,3営業日,1,2,2,0.03224679515198303,0.03224679515198303,1.0,サンプル不足,-0.01767678804466255
v5,distance_ma20,20日移動平均乖離,終値の20日移動平均からの乖離,True,業種,サービス業,3d,3営業日,2,2,2,0.06824046848707767,0.06824046848707767,0.5,サンプル不足,-0.01767678804466255
v5,distance_ma20,20日移動平均乖離,終値の20日移動平均からの乖離,True,業種,サービス業,3d,3営業日,3,1,1,-0.0322209436133487,-0.0322209436133487,0.0,サンプル不足,-0.01767678804466255
v5,distance_ma20,20日移動平均乖離,終値の20日移動平均からの乖離,True,業種,サービス業,3d,3営業日,4,1,1,0.014570007107320482,0.014570007107320482,1.0,サンプル不足,-0.01767678804466255
v5,distance_ma20,20日移動平均乖離,終値の20日移動平均からの乖離,True,業種,サービス業,5d,5営業日,1,2,2,0.040109015898954326,0.040109015898954326,1.0,サンプル不足,-0.03122486522375878
v5,distance_ma20,20日移動平均乖離,終値の20日移動平均からの乖離,True,業種,サービス業,5d,5営業日,2,2,2,0.016967550876305568,0.016967550876305568,0.5,サンプル不足,-0.03122486522375878
v5,distance_ma20,20日移動平均乖離,終値の20日移動平均からの乖離,True,業種,サービス業,5d,5営業日,3,1,1,-0.0563866513233601,-0.0563866513233601,0.0,サンプル不足,-0.03122486522375878
v5,distance_ma20,20日移動平均乖離,終値の20日移動平均からの乖離,True,業種,サービス業,5d,5営業日,4,1,1,0.008884150675195546,0.008884150675195546,1.0,サンプル不足,-0.03122486522375878
v5,distance_ma20,20日移動平均乖離,終値の20日移動平均からの乖離,True,業種,パルプ・紙,10d,10営業日,5,1,1,0.032064128256513,0.032064128256513,1.0,サンプル不足,0.0
v5,distance_ma20,20日移動平均乖離,終値の20日移動平均からの乖離,True,業種,パルプ・紙,1d,1営業日,5,1,1,0.066132264529058,0.066132264529058,1.0,サンプル不足,0.0
v5,distance_ma20,20日移動平均乖離,終値の20日移動平均からの乖離,True,業種,パルプ・紙,3d,3営業日,5,1,1,0.0220440881763526,0.0220440881763526,1.0,サンプル不足,0.0
v5,distance_ma20,20日移動平均乖離,終値の20日移動平均からの乖離,True,業種,パルプ・紙,5d,5営業日,5,1,1,-0.0420841683366733,-0.0420841683366733,0.0,サンプル不足,0.0
v5,distance_ma20,20日移動平均乖離,終値の20日移動平均からの乖離,True,業種,不動産業,10d,10営業日,3,1,1,-0.09090909090909094,-0.09090909090909094,0.0,サンプル不足,0.2504835589941973
v5,distance_ma20,20日移動平均乖離,終値の20日移動平均からの乖離,True,業種,不動産業,10d,10営業日,5,1,1,0.15957446808510634,0.15957446808510634,1.0,サンプル不足,0.2504835589941973
v5,distance_ma20,20日移動平均乖離,終値の20日移動平均からの乖離,True,業種,不動産業,1d,1営業日,3,1,1,-0.09090909090909094,-0.09090909090909094,0.0,サンプル不足,0.06963249516441006
v5,distance_ma20,20日移動平均乖離,終値の20日移動平均からの乖離,True,業種,不動産業,1d,1営業日,5,1,1,-0.021276595744680882,-0.021276595744680882,0.0,サンプル不足,0.06963249516441006
v5,distance_ma20,20日移動平均乖離,終値の20日移動平均からの乖離,True,業種,不動産業,3d,3営業日,3,1,1,-0.09090909090909094,-0.09090909090909094,0.0,サンプル不足,0.04835589941972929
v5,distance_ma20,20日移動平均乖離,終値の20日移動平均からの乖離,True,業種,不動産業,3d,3営業日,5,1,1,-0.04255319148936165,-0.04255319148936165,0.0,サンプル不足,0.04835589941972929
v5,distance_ma20,20日移動平均乖離,終値の20日移動平均からの乖離,True,業種,不動産業,5d,5営業日,3,1,1,-0.09090909090909094,-0.09090909090909094,0.0,サンプル不足,0.06963249516441006
v5,distance_ma20,20日移動平均乖離,終値の20日移動平均からの乖離,True,業種,不動産業,5d,5営業日,5,1,1,-0.021276595744680882,-0.021276595744680882,0.0,サンプル不足,0.06963249516441006
v5,distance_ma20,20日移動平均乖離,終値の20日移動平均からの乖離,True,業種,保険業,10d,10営業日,2,2,2,-0.030840805458430043,-0.030840805458430043,0.0,サンプル不足,0.0
v5,distance_ma20,20日移動平均乖離,終値の20日移動平均からの乖離,True,業種,保険業,1d,1営業日,2,2,2,0.011070072200659364,0.011070072200659364,1.0,サンプル不足,0.0
v5,distance_ma20,20日移動平均乖離,終値の20日移動平均からの乖離,True,業種,保険業,3d,3営業日,2,2,2,0.020679651599048943,0.020679651599048943,1.0,サンプル不足,0.0
v5,distance_ma20,20日移動平均乖離,終値の20日移動平均からの乖離,True,業種,保険業,5d,5営業日,2,2,2,-0.02986622567635261,-0.02986622567635261,0.0,サンプル不足,0.0
v5,distance_ma20,20日移動平均乖離,終値の20日移動平均からの乖離,True,業種,化学,10d,10営業日,1,2,2,0.01108240430251961,0.01108240430251961,0.5,サンプル不足,-0.09308521350738486
v5,distance_ma20,20日移動平均乖離,終値の20日移動平均からの乖離,True,業種,化学,10d,10営業日,2,3,3,-0.025912271035270645,-0.021929824561403466,0.0,サンプル不足,-0.09308521350738486
v5,distance_ma20,20日移動平均乖離,終値の20日移動平均からの乖離,True,業種,化学,10d,10営業日,3,2,2,-0.08200280920486525,-0.08200280920486525,0.0,サンプル不足,-0.09308521350738486
v5,distance_ma20,20日移動平均乖離,終値の20日移動平均からの乖離,True,業種,化学,1d,1営業日,1,2,2,0.0052828615527648615,0.0052828615527648615,0.5,サンプル不足,0.012926830757785335
v5,distance_ma20,20日移動平均乖離,終値の20日移動平均からの乖離,True,業種,化学,1d,1営業日,2,3,3,-0.011409835940235777,-0.011922108888594463,0.0,サンプル不足,0.012926830757785335
v5,distance_ma20,20日移動平均乖離,終値の20日移動平均からの乖離,True,業種,化学,1d,1営業日,3,2,2,0.018209692310550196,0.018209692310550196,0.5,サンプル不足,0.012926830757785335
v5,distance_ma20,20日移動平均乖離,終値の20日移動平均からの乖離,True,業種,化学,3d,3営業日,1,2,2,0.007432756587033906,0.007432756587033906,0.5,サンプル不足,-0.03203202376630099
v5,distance_ma20,20日移動平均乖離,終値の20日移動平均からの乖離,True,業種,化学,3d,3営業日,2,3,3,0.009935920811895685,-0.03205722612266526,0.3333333333333333,サンプル不足,-0.03203202376630099
v5,distance_ma20,20日移動平均乖離,終値の20日移動平均からの乖離,True,業種,化学,3d,3営業日,3,2,2,-0.02459926717926708,-0.02459926717926708,0.0,サンプル不足,-0.03203202376630099
v5,distance_ma20,20日移動平均乖離,終値の20日移動平均からの乖離,True,業種,化学,5d,5営業日,1,2,2,-0.0048386803268247736,-0.0048386803268247736,0.5,サンプル不足,-0.0623295879922674
v5,distance_ma20,20日移動平均乖離,終値の20日移動平均からの乖離,True,業種,化学,5d,5営業日,2,3,3,-0.019383615148383753,-0.047368421052631615,0.3333333333333333,サンプル不足,-0.0623295879922674
v5,distance_ma20,20日移動平均乖離,終値の20日移動平均からの乖離,True,業種,化学,5d,5営業日,3,2,2,-0.06716826831909217,-0.06716826831909217,0.0,サンプル不足,-0.0623295879922674
v5,distance_ma20,20日移動平均乖離,終値の20日移動平均からの乖離,True,業種,卸売業,10d,10営業日,2,1,1,-0.0235674676524954,-0.0235674676524954,0.0,サンプル不足,0.08022902967393486
v5,distance_ma20,20日移動平均乖離,終値の20日移動平均からの乖離,True,業種,卸売業,10d,10営業日,3,1,1,0.05666156202143946,0.05666156202143946,1.0,サンプル不足,0.08022902967393486
v5,distance_ma20,20日移動平均乖離,終値の20日移動平均からの乖離,True,業種,卸売業,1d,1営業日,2,1,1,-0.0009242144177449285,-0.0009242144177449285,0.0,サンプル不足,0.03920905362142035
v5,distance_ma20,20日移動平均乖離,終値の20日移動平均からの乖離,True,業種,卸売業,1d,1営業日,3,1,1,0.038284839203675425,0.038284839203675425,1.0,サンプル不足,0.03920905362142035
v5,distance_ma20,20日移動平均乖離,終値の20日移動平均からの乖離,True,業種,卸売業,3d,3営業日,2,1,1,-0.01802218114602583,-0.01802218114602583,0.0,サンプル不足,0.10224882739411167
v5,distance_ma20,20日移動平均乖離,終値の20日移動平均からの乖離,True,業種,卸売業,3d,3営業日,3,1,1,0.08422664624808585,0.08422664624808585,1.0,サンプル不足,0.10224882739411167
v5,distance_ma20,20日移動平均乖離,終値の20日移動平均からの乖離,True,業種,卸売業,5d,5営業日,2,1,1,-0.008317929759704246,-0.008317929759704246,0.0,サンプル不足,0.040477194690791585
v5,distance_ma20,20日移動平均乖離,終値の20日移動平均からの乖離,True,業種,卸売業,5d,5営業日,3,1,1,0.03215926493108734,0.03215926493108734,1.0,サンプル不足,0.040477194690791585
v5,distance_ma20,20日移動平均乖離,終値の20日移動平均からの乖離,True,業種,小売業,10d,10営業日,2,1,1,0.0,0.0,0.0,サンプル不足,0.007661406184382158
v5,distance_ma20,20日移動平均乖離,終値の20日移動平均からの乖離,True,業種,小売業,10d,10営業日,3,2,2,0.007661406184382158,0.007661406184382158,0.5,サンプル不足,0.007661406184382158
v5,distance_ma20,20日移動平均乖離,終値の20日移動平均からの乖離,True,業種,小売業,1d,1営業日,2,1,1,0.0,0.0,0.0,サンプル不足,0.018207512764405576
v5,distance_ma20,20日移動平均乖離,終値の20日移動平均からの乖離,True,業種,小売業,1d,1営業日,3,2,2,0.018207512764405576,0.018207512764405576,0.5,サンプル不足,0.018207512764405576
v5,distance_ma20,20日移動平均乖離,終値の20日移動平均からの乖離,True,業種,小売業,3d,3営業日,2,1,1,-0.0229885057471264,-0.0229885057471264,0.0,サンプル不足,0.02817494342809367
v5,distance_ma20,20日移動平均乖離,終値の20日移動平均からの乖離,True,業種,小売業,3d,3営業日,3,2,2,0.005186437680967271,0.005186437680967271,0.5,サンプル不足,0.02817494342809367
v5,distance_ma20,20日移動平均乖離,終値の20日移動平均からの乖離,True,業種,小売業,5d,5営業日,2,1,1,-0.0448275862068965,-0.0448275862068965,0.0,サンプル不足,0.01374515356538289
v5,distance_ma20,20日移動平均乖離,終値の20日移動平均からの乖離,True,業種,小売業,5d,5営業日,3,2,2,-0.031082432641513613,-0.031082432641513613,0.0,サンプル不足,0.01374515356538289
v5,distance_ma20,20日移動平均乖離,終値の20日移動平均からの乖離,True,業種,建設業,10d,10営業日,4,1,1,0.00930593253198908,0.00930593253198908,1.0,サンプル不足,-0.18115120837219198
v5,distance_ma20,20日移動平均乖離,終値の20日移動平均からの乖離,True,業種,建設業,10d,10営業日,5,1,1,-0.1718452758402029,-0.1718452758402029,0.0,サンプル不足,-0.18115120837219198
v5,distance_ma20,20日移動平均乖離,終値の20日移動平均からの乖離,True,業種,建設業,1d,1営業日,4,1,1,0.0293395372883547,0.0293395372883547,1.0,サンプル不足,-0.0521676920125144
v5,distance_ma20,20日移動平均乖離,終値の20日移動平均からの乖離,True,業種,建設業,1d,1営業日,5,1,1,-0.0228281547241597,-0.0228281547241597,0.0,サンプル不足,-0.0521676920125144
v5,distance_ma20,20日移動平均乖離,終値の20日移動平均からの乖離,True,業種,建設業,3d,3営業日,4,1,1,0.08142690965490496,0.08142690965490496,1.0,サンプル不足,-0.25961333958515226
v5,distance_ma20,20日移動平均乖離,終値の20日移動平均からの乖離,True,業種,建設業,3d,3営業日,5,1,1,-0.1781864299302473,-0.1781864299302473,0.0,サンプル不足,-0.25961333958515226
v5,distance_ma20,20日移動平均乖離,終値の20日移動平均からの乖離,True,業種,建設業,5d,5営業日,4,1,1,0.061005557709706615,0.061005557709706615,1.0,サンプル不足,-0.211925025052763
v5,distance_ma20,20日移動平均乖離,終値の20日移動平均からの乖離,True,業種,建設業,5d,5営業日,5,1,1,-0.1509194673430564,-0.1509194673430564,0.0,サンプル不足,-0.211925025052763
v5,distance_ma20,20日移動平均乖離,終値の20日移動平均からの乖離,True,業種,情報・通信業,10d,10営業日,1,2,2,-0.08565701007561471,-0.08565701007561471,0.0,サンプル不足,-0.09313086871226409
v5,distance_ma20,20日移動平均乖離,終値の20日移動平均からの乖離,True,業種,情報・通信業,10d,10営業日,3,2,2,-0.09527445890198505,-0.09527445890198505,0.0,サンプル不足,-0.09313086871226409
v5,distance_ma20,20日移動平均乖離,終値の20日移動平均からの乖離,True,業種,情報・通信業,10d,10営業日,5,1,1,-0.1787878787878788,-0.1787878787878788,0.0,サンプル不足,-0.09313086871226409
v5,distance_ma20,20日移動平均乖離,終値の20日移動平均からの乖離,True,業種,情報・通信業,1d,1営業日,1,2,2,0.07876270165514354,0.07876270165514354,1.0,サンプル不足,-0.23027785317029503
v5,distance_ma20,20日移動平均乖離,終値の20日移動平均からの乖離,True,業種,情報・通信業,1d,1営業日,3,2,2,-0.04088402541625037,-0.04088402541625037,0.0,サンプル不足,-0.23027785317029503
v5,distance_ma20,20日移動平均乖離,終値の20日移動平均からの乖離,True,業種,情報・通信業,1d,1営業日,5,1,1,-0.1515151515151515,-0.1515151515151515,0.0,サンプル不足,-0.23027785317029503
v5,distance_ma20,20日移動平均乖離,終値の20日移動平均からの乖離,True,業種,情報・通信業,3d,3営業日,1,2,2,0.1069203188389235,0.1069203188389235,1.0,サンプル不足,-0.3766172885358931
v5,distance_ma20,20日移動平均乖離,終値の20日移動平均からの乖離,True,業種,情報・通信業,3d,3営業日,3,2,2,-0.025733158717872552,-0.025733158717872552,0.0,サンプル不足,-0.3766172885358931
v5,distance_ma20,20日移動平均乖離,終値の20日移動平均からの乖離,True,業種,情報・通信業,3d,3営業日,5,1,1,-0.2696969696969696,-0.2696969696969696,0.0,サンプル不足,-0.3766172885358931
v5,distance_ma20,20日移動平均乖離,終値の20日移動平均からの乖離,True,業種,情報・通信業,5d,5営業日,1,2,2,0.009736169837913977,0.009736169837913977,0.5,サンプル不足,-0.24913010923185328
v5,distance_ma20,20日移動平均乖離,終値の20日移動平均からの乖離,True,業種,情報・通信業,5d,5営業日,3,2,2,-0.06338227375905431,-0.06338227375905431,0.0,サンプル不足,-0.24913010923185328
v5,distance_ma20,20日移動平均乖離,終値の20日移動平均からの乖離,True,業種,情報・通信業,5d,5営業日,5,1,1,-0.2393939393939393,-0.2393939393939393,0.0,サンプル不足,-0.24913010923185328
v5,distance_ma20,20日移動平均乖離,終値の20日移動平均からの乖離,True,業種,機械,10d,10営業日,1,1,1,0.05111111111111111,0.05111111111111111,1.0,サンプル不足,0.2573336962525098
v5,distance_ma20,20日移動平均乖離,終値の20日移動平均からの乖離,True,業種,機械,10d,10営業日,2,3,3,0.05194599392615101,0.0597560975609756,0.6666666666666666,サンプル不足,0.2573336962525098
v5,distance_ma20,20日移動平均乖離,終値の20日移動平均からの乖離,True,業種,機械,10d,10営業日,3,3,3,-0.004152900267605754,0.020382165605095537,0.6666666666666666,サンプル不足,0.2573336962525098
v5,distance_ma20,20日移動平均乖離,終値の20日移動平均からの乖離,True,業種,機械,10d,10営業日,4,4,4,-0.037966877540852075,-0.028162178389557202,0.0,サンプル不足,0.2573336962525098
v5,distance_ma20,20日移動平均乖離,終値の20日移動平均からの乖離,True,業種,機械,10d,10営業日,5,2,2,0.3084448073636209,0.3084448073636209,1.0,サンプル不足,0.2573336962525098
v5,distance_ma20,20日移動平均乖離,終値の20日移動平均からの乖離,True,業種,機械,1d,1営業日,1,1,1,0.0022222222222221255,0.0022222222222221255,1.0,サンプル不足,0.10025804735211483
v5,distance_ma20,20日移動平均乖離,終値の20日移動平均からの乖離,True,業種,機械,1d,1営業日,2,3,3,0.014024524462722133,0.009685230024213176,0.6666666666666666,サンプル不足,0.10025804735211483
v5,distance_ma20,20日移動平均乖離,終値の20日移動平均からの乖離,True,業種,機械,1d,1営業日,3,3,3,-0.013100295411040797,-0.010191082802547768,0.3333333333333333,サンプル不足,0.10025804735211483
v5,distance_ma20,20日移動平均乖離,終値の20日移動平均からの乖離,True,業種,機械,1d,1営業日,4,4,4,-0.0037665265151407635,-0.015025203226294385,0.25,サンプル不足,0.10025804735211483
v5,distance_ma20,20日移動平均乖離,終値の20日移動平均からの乖離,True,業種,機械,1d,1営業日,5,2,2,0.10248026957433695,0.10248026957433695,1.0,サンプル不足,0.10025804735211483
v5,distance_ma20,20日移動平均乖離,終値の20日移動平均からの乖離,True,業種,機械,3d,3営業日,1,1,1,0.004444444444444473,0.004444444444444473,1.0,サンプル不足,0.09909446447345442
v5,distance_ma20,20日移動平均乖離,終値の20日移動平均からの乖離,True,業種,機械,3d,3営業日,2,3,3,0.07511328068376434,0.0445121951219511,1.0,サンプル不足,0.09909446447345442
v5,distance_ma20,20日移動平均乖離,終値の20日移動平均からの乖離,True,業種,機械,3d,3営業日,3,3,3,0.06473055870779403,0.10955414012738851,0.6666666666666666,サンプル不足,0.09909446447345442
v5,distance_ma20,20日移動平均乖離,終値の20日移動平均からの乖離,True,業種,機械,3d,3営業日,4,4,4,0.03489309007723617,0.032271880982142065,0.75,サンプル不足,0.09909446447345442
v5,distance_ma20,20日移動平均乖離,終値の20日移動平均からの乖離,True,業種,機械,3d,3営業日,5,2,2,0.1035389089178989,0.1035389089178989,1.0,サンプル不足,0.09909446447345442
v5,distance_ma20,20日移動平均乖離,終値の20日移動平均からの乖離,True,業種,機械,5d,5営業日,1,1,1,0.022222222222222143,0.022222222222222143,1.0,サンプル不足,0.0654436332128335
v5,distance_ma20,20日移動平均乖離,終値の20日移動平均からの乖離,True,業種,機械,5d,5営業日,2,3,3,0.0021148412012405534,-0.0091463414634146,0.3333333333333333,サンプル不足,0.0654436332128335
v5,distance_ma20,20日移動平均乖離,終値の20日移動平均からの乖離,True,業種,機械,5d,5営業日,3,3,3,-0.040363467492424594,-0.03265306122448974,0.0,サンプル不足,0.0654436332128335
v5,distance_ma20,20日移動平均乖離,終値の20日移動平均からの乖離,True,業種,機械,5d,5営業日,4,4,4,-0.039383060179062596,-0.04217313648534857,0.25,サンプル不足,0.0654436332128335
v5,distance_ma20,20日移動平均乖離,終値の20日移動平均からの乖離,True,業種,機械,5d,5営業日,5,2,2,0.08766585543505565,0.08766585543505565,1.0,サンプル不足,0.0654436332128335
v5,distance_ma20,20日移動平均乖離,終値の20日移動平均からの乖離,True,業種,精密機器,10d,10営業日,1,2,2,-0.02582955179017765,-0.02582955179017765,0.0,サンプル不足,0.016581304914992323
v5,distance_ma20,20日移動平均乖離,終値の20日移動平均からの乖離,True,業種,精密機器,10d,10営業日,4,3,3,0.09537451622702224,0.03470437017994854,0.6666666666666666,サンプル不足,0.016581304914992323
v5,distance_ma20,20日移動平均乖離,終値の20日移動平均からの乖離,True,業種,精密機器,10d,10営業日,5,2,2,-0.009248246875185329,-0.009248246875185329,0.5,サンプル不足,0.016581304914992323
v5,distance_ma20,20日移動平均乖離,終値の20日移動平均からの乖離,True,業種,精密機器,1d,1営業日,1,2,2,-0.004171523521317944,-0.004171523521317944,0.5,サンプル不足,0.023716401050944524
v5,distance_ma20,20日移動平均乖離,終値の20日移動平均からの乖離,True,業種,精密機器,1d,1営業日,4,3,3,0.03260738390195117,-0.022678185745140356,0.3333333333333333,サンプル不足,0.023716401050944524
v5,distance_ma20,20日移動平均乖離,終値の20日移動平均からの乖離,True,業種,精密機器,1d,1営業日,5,2,2,0.01954487752962658,0.01954487752962658,0.5,サンプル不足,0.023716401050944524
v5,distance_ma20,20日移動平均乖離,終値の20日移動平均からの乖離,True,業種,精密機器,3d,3営業日,1,2,2,0.06338958687942087,0.06338958687942087,1.0,サンプル不足,-0.037082067839929844
v5,distance_ma20,20日移動平均乖離,終値の20日移動平均からの乖離,True,業種,精密機器,3d,3営業日,4,3,3,0.08247108914317998,0.0012853470437017567,0.6666666666666666,サンプル不足,-0.037082067839929844
v5,distance_ma20,20日移動平均乖離,終値の20日移動平均からの乖離,True,業種,精密機器,3d,3営業日,5,2,2,0.026307519039491023,0.026307519039491023,0.5,サンプル不足,-0.037082067839929844
v5,distance_ma20,20日移動平均乖離,終値の20日移動平均からの乖離,True,業種,精密機器,5d,5営業日,1,2,2,0.00965955594570711,0.00965955594570711,1.0,サンプル不足,-0.019174803793616135
v5,distance_ma20,20日移動平均乖離,終値の20日移動平均からの乖離,True,業種,精密機器,5d,5営業日,4,3,3,0.04421721472146415,-0.022678185745140356,0.3333333333333333,サンプル不足,-0.019174803793616135
v5,distance_ma20,20日移動平均乖離,終値の20日移動平均からの乖離,True,業種,精密機器,5d,5営業日,5,2,2,-0.009515247847909025,-0.009515247847909025,0.5,サンプル不足,-0.019174803793616135
v5,distance_ma20,20日移動平均乖離,終値の20日移動平均からの乖離,True,業種,証券、商品先物取引業,10d,10営業日,2,1,1,0.014930015552099496,0.014930015552099496,1.0,サンプル不足,-0.022855584125497153
v5,distance_ma20,20日移動平均乖離,終値の20日移動平均からの乖離,True,業種,証券、商品先物取引業,10d,10営業日,3,1,1,-0.007925568573397657,-0.007925568573397657,0.0,サンプル不足,-0.022855584125497153
v5,distance_ma20,20日移動平均乖離,終値の20日移動平均からの乖離,True,業種,証券、商品先物取引業,1d,1営業日,2,1,1,0.013996889580093264,0.013996889580093264,1.0,サンプル不足,-0.025023767595255264
v5,distance_ma20,20日移動平均乖離,終値の20日移動平均からの乖離,True,業種,証券、商品先物取引業,1d,1営業日,3,1,1,-0.011026878015162,-0.011026878015162,0.0,サンプル不足,-0.025023767595255264
v5,distance_ma20,20日移動平均乖離,終値の20日移動平均からの乖離,True,業種,証券、商品先物取引業,3d,3営業日,2,1,1,0.011508553654743459,0.011508553654743459,1.0,サンプル不足,-0.02150166185598401
v5,distance_ma20,20日移動平均乖離,終値の20日移動平均からの乖離,True,業種,証券、商品先物取引業,3d,3営業日,3,1,1,-0.009993108201240553,-0.009993108201240553,0.0,サンプル不足,-0.02150166185598401
v5,distance_ma20,20日移動平均乖離,終値の20日移動平均からの乖離,True,業種,証券、商品先物取引業,5d,5営業日,2,1,1,-0.01648522550544318,-0.01648522550544318,0.0,サンプル不足,-0.013838689036252183
v5,distance_ma20,20日移動平均乖離,終値の20日移動平均からの乖離,True,業種,証券、商品先物取引業,5d,5営業日,3,1,1,-0.030323914541695363,-0.030323914541695363,0.0,サンプル不足,-0.013838689036252183
v5,distance_ma20,20日移動平均乖離,終値の20日移動平均からの乖離,True,業種,輸送用機器,10d,10営業日,1,1,1,-0.2735674676524954,-0.2735674676524954,0.0,サンプル不足,0.39200933878297006
v5,distance_ma20,20日移動平均乖離,終値の20日移動平均からの乖離,True,業種,輸送用機器,10d,10営業日,4,1,1,-0.1737599510104103,-0.1737599510104103,0.0,サンプル不足,0.39200933878297006
v5,distance_ma20,20日移動平均乖離,終値の20日移動平均からの乖離,True,業種,輸送用機器,10d,10営業日,5,2,2,0.11844187113047469,0.11844187113047469,0.5,サンプル不足,0.39200933878297006
v5,distance_ma20,20日移動平均乖離,終値の20日移動平均からの乖離,True,業種,輸送用機器,1d,1営業日,1,1,1,-0.17467652495378927,-0.17467652495378927,0.0,サンプル不足,0.22848872399070738
v5,distance_ma20,20日移動平均乖離,終値の20日移動平均からの乖離,True,業種,輸送用機器,1d,1営業日,4,1,1,-0.03245560318432328,-0.03245560318432328,0.0,サンプル不足,0.22848872399070738
v5,distance_ma20,20日移動平均乖離,終値の20日移動平均からの乖離,True,業種,輸送用機器,1d,1営業日,5,2,2,0.053812199036918106,0.053812199036918106,1.0,サンプル不足,0.22848872399070738
v5,distance_ma20,20日移動平均乖離,終値の20日移動平均からの乖離,True,業種,輸送用機器,3d,3営業日,1,1,1,-0.10258780036968573,-0.10258780036968573,0.0,サンプル不足,0.20963647858896706
v5,distance_ma20,20日移動平均乖離,終値の20日移動平均からの乖離,True,業種,輸送用機器,3d,3営業日,4,1,1,-0.007042253521126751,-0.007042253521126751,0.0,サンプル不足,0.20963647858896706
v5,distance_ma20,20日移動平均乖離,終値の20日移動平均からの乖離,True,業種,輸送用機器,3d,3営業日,5,2,2,0.10704867821928132,0.10704867821928132,1.0,サンプル不足,0.20963647858896706
v5,distance_ma20,20日移動平均乖離,終値の20日移動平均からの乖離,True,業種,輸送用機器,5d,5営業日,1,1,1,-0.2541589648798521,-0.2541589648798521,0.0,サンプル不足,0.3735704694495773
v5,distance_ma20,20日移動平均乖離,終値の20日移動平均からの乖離,True,業種,輸送用機器,5d,5営業日,4,1,1,-0.06307409675443965,-0.06307409675443965,0.0,サンプル不足,0.3735704694495773
v5,distance_ma20,20日移動平均乖離,終値の20日移動平均からの乖離,True,業種,輸送用機器,5d,5営業日,5,2,2,0.11941150456972514,0.11941150456972514,1.0,サンプル不足,0.3735704694495773
v5,distance_ma20,20日移動平均乖離,終値の20日移動平均からの乖離,True,業種,金属製品,10d,10営業日,3,3,3,0.0467400370929986,-0.007110208227526615,0.3333333333333333,サンプル不足,0.09522004438300233
v5,distance_ma20,20日移動平均乖離,終値の20日移動平均からの乖離,True,業種,金属製品,10d,10営業日,4,1,1,0.14196008147600092,0.14196008147600092,1.0,サンプル不足,0.09522004438300233
v5,distance_ma20,20日移動平均乖離,終値の20日移動平均からの乖離,True,業種,金属製品,1d,1営業日,3,3,3,0.0632027940520086,0.06424581005586583,0.6666666666666666,サンプル不足,-0.022740467859125008
v5,distance_ma20,20日移動平均乖離,終値の20日移動平均からの乖離,True,業種,金属製品,1d,1営業日,4,1,1,0.04046232619288359,0.04046232619288359,1.0,サンプル不足,-0.022740467859125008
v5,distance_ma20,20日移動平均乖離,終値の20日移動平均からの乖離,True,業種,金属製品,3d,3営業日,3,3,3,0.16022214401558346,0.07745048247841546,1.0,サンプル不足,-0.14360375178115428
v5,distance_ma20,20日移動平均乖離,終値の20日移動平均からの乖離,True,業種,金属製品,3d,3営業日,4,1,1,0.01661839223442918,0.01661839223442918,1.0,サンプル不足,-0.14360375178115428
v5,distance_ma20,20日移動平均乖離,終値の20日移動平均からの乖離,True,業種,金属製品,5d,5営業日,3,3,3,0.05170292271820578,0.0002539360081259545,0.6666666666666666,サンプル不足,-0.1579168532277845
v5,distance_ma20,20日移動平均乖離,終値の20日移動平均からの乖離,True,業種,金属製品,5d,5営業日,4,1,1,-0.10621393050957872,-0.10621393050957872,0.0,サンプル不足,-0.1579168532277845
v5,distance_ma20,20日移動平均乖離,終値の20日移動平均からの乖離,True,業種,鉄鋼,10d,10営業日,2,1,1,-0.0461538461538461,-0.0461538461538461,0.0,サンプル不足,0.0
v5,distance_ma20,20日移動平均乖離,終値の20日移動平均からの乖離,True,業種,鉄鋼,1d,1営業日,2,1,1,-0.03538461538461535,-0.03538461538461535,0.0,サンプル不足,0.0
v5,distance_ma20,20日移動平均乖離,終値の20日移動平均からの乖離,True,業種,鉄鋼,3d,3営業日,2,1,1,-0.019230769230769273,-0.019230769230769273,0.0,サンプル不足,0.0
v5,distance_ma20,20日移動平均乖離,終値の20日移動平均からの乖離,True,業種,鉄鋼,5d,5営業日,2,1,1,-0.0592307692307692,-0.0592307692307692,0.0,サンプル不足,0.0
v5,distance_ma20,20日移動平均乖離,終値の20日移動平均からの乖離,True,業種,銀行業,10d,10営業日,1,1,1,-0.012159999999999949,-0.012159999999999949,0.0,サンプル不足,-0.001840604587604211
v5,distance_ma20,20日移動平均乖離,終値の20日移動平均からの乖離,True,業種,銀行業,10d,10営業日,2,4,4,-0.01400060458760416,-0.014692372972902656,0.0,サンプル不足,-0.001840604587604211
v5,distance_ma20,20日移動平均乖離,終値の20日移動平均からの乖離,True,業種,銀行業,1d,1営業日,1,1,1,0.0547200000000001,0.0547200000000001,1.0,サンプル不足,-0.01763343892788838
v5,distance_ma20,20日移動平均乖離,終値の20日移動平均からの乖離,True,業種,銀行業,1d,1営業日,2,4,4,0.03708656107211172,0.037137184662913825,1.0,サンプル不足,-0.01763343892788838
v5,distance_ma20,20日移動平均乖離,終値の20日移動平均からの乖離,True,業種,銀行業,3d,3営業日,1,1,1,0.0460799999999999,0.0460799999999999,1.0,サンプル不足,-0.02478298021773334
v5,distance_ma20,20日移動平均乖離,終値の20日移動平均からの乖離,True,業種,銀行業,3d,3営業日,2,4,4,0.021297019782266557,0.02443779496218801,1.0,サンプル不足,-0.02478298021773334
v5,distance_ma20,20日移動平均乖離,終値の20日移動平均からの乖離,True,業種,銀行業,5d,5営業日,1,1,1,-0.00768000000000002,-0.00768000000000002,0.0,サンプル不足,-0.014635199795852816
v5,distance_ma20,20日移動平均乖離,終値の20日移動平均からの乖離,True,業種,銀行業,5d,5営業日,2,4,4,-0.022315199795852836,-0.019606880409386962,0.0,サンプル不足,-0.014635199795852816
v5,distance_ma20,20日移動平均乖離,終値の20日移動平均からの乖離,True,業種,電気・ガス業,10d,10営業日,1,1,1,0.10313108084203071,0.10313108084203071,1.0,サンプル不足,0.0
v5,distance_ma20,20日移動平均乖離,終値の20日移動平均からの乖離,True,業種,電気・ガス業,1d,1営業日,1,1,1,0.002476561117990439,0.002476561117990439,1.0,サンプル不足,0.0
v5,distance_ma20,20日移動平均乖離,終値の20日移動平均からの乖離,True,業種,電気・ガス業,3d,3営業日,1,1,1,0.012736600035379464,0.012736600035379464,1.0,サンプル不足,0.0
v5,distance_ma20,20日移動平均乖離,終値の20日移動平均からの乖離,True,業種,電気・ガス業,5d,5営業日,1,1,1,0.03307978064744388,0.03307978064744388,1.0,サンプル不足,0.0
v5,distance_ma20,20日移動平均乖離,終値の20日移動平均からの乖離,True,業種,電気機器,10d,10営業日,1,7,7,-0.05645008951265456,-0.017525035765379116,0.14285714285714285,サンプル不足,0.07815819980014754
v5,distance_ma20,20日移動平均乖離,終値の20日移動平均からの乖離,True,業種,電気機器,10d,10営業日,2,1,1,0.03633267101901794,0.03633267101901794,1.0,サンプル不足,0.07815819980014754
v5,distance_ma20,20日移動平均乖離,終値の20日移動平均からの乖離,True,業種,電気機器,10d,10営業日,3,1,1,0.019749132639445,0.019749132639445,1.0,サンプル不足,0.07815819980014754
v5,distance_ma20,20日移動平均乖離,終値の20日移動平均からの乖離,True,業種,電気機器,10d,10営業日,4,7,7,0.02273653559831646,0.05102040816326525,0.7142857142857143,サンプル不足,0.07815819980014754
v5,distance_ma20,20日移動平均乖離,終値の20日移動平均からの乖離,True,業種,電気機器,10d,10営業日,5,9,9,0.021708110287492977,0.07437500000000008,0.6666666666666666,サンプル不足,0.07815819980014754
v5,distance_ma20,20日移動平均乖離,終値の20日移動平均からの乖離,True,業種,電気機器,1d,1営業日,1,7,7,0.004197294871604305,0.006527415143603221,0.5714285714285714,サンプル不足,0.015831963141402457
v5,distance_ma20,20日移動平均乖離,終値の20日移動平均からの乖離,True,業種,電気機器,1d,1営業日,2,1,1,0.029378370706784063,0.029378370706784063,1.0,サンプル不足,0.015831963141402457
v5,distance_ma20,20日移動平均乖離,終値の20日移動平均からの乖離,True,業種,電気機器,1d,1営業日,3,1,1,-0.014945289564985309,-0.014945289564985309,0.0,サンプル不足,0.015831963141402457
v5,distance_ma20,20日移動平均乖離,終値の20日移動平均からの乖離,True,業種,電気機器,1d,1営業日,4,7,7,0.019115657137091253,0.012629161882893314,0.8571428571428571,サンプル不足,0.015831963141402457
v5,distance_ma20,20日移動平均乖離,終値の20日移動平均からの乖離,True,業種,電気機器,1d,1営業日,5,9,9,0.020029258013006764,0.012235933905040852,0.6666666666666666,サンプル不足,0.015831963141402457
v5,distance_ma20,20日移動平均乖離,終値の20日移動平均からの乖離,True,業種,電気機器,3d,3営業日,1,7,7,0.016849229041348973,0.017281728172817257,0.5714285714285714,サンプル不足,0.012850437721537863
v5,distance_ma20,20日移動平均乖離,終値の20日移動平均からの乖離,True,業種,電気機器,3d,3営業日,2,1,1,0.08643201816633561,0.08643201816633561,1.0,サンプル不足,0.012850437721537863
v5,distance_ma20,20日移動平均乖離,終値の20日移動平均からの乖離,True,業種,電気機器,3d,3営業日,3,1,1,-0.02001601281024823,-0.02001601281024823,0.0,サンプル不足,0.012850437721537863
v5,distance_ma20,20日移動平均乖離,終値の20日移動平均からの乖離,True,業種,電気機器,3d,3営業日,4,7,7,0.050690825478211264,0.04595238095238097,0.8571428571428571,サンプル不足,0.012850437721537863
v5,distance_ma20,20日移動平均乖離,終値の20日移動平均からの乖離,True,業種,電気機器,3d,3営業日,5,9,9,0.029699666762886837,0.07718050617025729,0.6666666666666666,サンプル不足,0.012850437721537863
v5,distance_ma20,20日移動平均乖離,終値の20日移動平均からの乖離,True,業種,電気機器,5d,5営業日,1,7,7,-0.039741664510576556,-0.02035928143712573,0.14285714285714285,サンプル不足,-0.028485737392342857
v5,distance_ma20,20日移動平均乖離,終値の20日移動平均からの乖離,True,業種,電気機器,5d,5営業日,2,1,1,0.0035481124042009426,0.0035481124042009426,1.0,サンプル不足,-0.028485737392342857
v5,distance_ma20,20日移動平均乖離,終値の20日移動平均からの乖離,True,業種,電気機器,5d,5営業日,3,1,1,-0.06138243928476117,-0.06138243928476117,0.0,サンプル不足,-0.028485737392342857
v5,distance_ma20,20日移動平均乖離,終値の20日移動平均からの乖離,True,業種,電気機器,5d,5営業日,4,7,7,-0.015137148942966536,-0.0063775510204081565,0.42857142857142855,サンプル不足,-0.028485737392342857
v5,distance_ma20,20日移動平均乖離,終値の20日移動平均からの乖離,True,業種,電気機器,5d,5営業日,5,9,9,-0.06822740190291941,-0.03965844734111246,0.2222222222222222,サンプル不足,-0.028485737392342857
v5,distance_ma20,20日移動平均乖離,終値の20日移動平均からの乖離,True,業種,非鉄金属,10d,10営業日,1,1,1,-0.0783739837398374,-0.0783739837398374,0.0,サンプル不足,0.044704721257015634
v5,distance_ma20,20日移動平均乖離,終値の20日移動平均からの乖離,True,業種,非鉄金属,10d,10営業日,4,1,1,-0.03366926248282176,-0.03366926248282176,0.0,サンプル不足,0.044704721257015634
v5,distance_ma20,20日移動平均乖離,終値の20日移動平均からの乖離,True,業種,非鉄金属,1d,1営業日,1,1,1,-0.008130081300813052,-0.008130081300813052,0.0,サンプル不足,0.009046251708508923
v5,distance_ma20,20日移動平均乖離,終値の20日移動平均からの乖離,True,業種,非鉄金属,1d,1営業日,4,1,1,0.000916170407695871,0.000916170407695871,1.0,サンプル不足,0.009046251708508923
v5,distance_ma20,20日移動平均乖離,終値の20日移動平均からの乖離,True,業種,非鉄金属,3d,3営業日,1,1,1,0.09756097560975618,0.09756097560975618,1.0,サンプル不足,0.12438130565455907
v5,distance_ma20,20日移動平均乖離,終値の20日移動平均からの乖離,True,業種,非鉄金属,3d,3営業日,4,1,1,0.22194228126431526,0.22194228126431526,1.0,サンプル不足,0.12438130565455907
v5,distance_ma20,20日移動平均乖離,終値の20日移動平均からの乖離,True,業種,非鉄金属,5d,5営業日,1,1,1,-0.0060975609756097615,-0.0060975609756097615,0.0,サンプル不足,0.06725193568930643
v5,distance_ma20,20日移動平均乖離,終値の20日移動平均からの乖離,True,業種,非鉄金属,5d,5営業日,4,1,1,0.06115437471369667,0.06115437471369667,1.0,サンプル不足,0.06725193568930643
v5,distance_ma20,20日移動平均乖離,終値の20日移動平均からの乖離,True,業種,食料品,10d,10営業日,2,1,1,0.15636704119850187,0.15636704119850187,1.0,サンプル不足,0.0
v5,distance_ma20,20日移動平均乖離,終値の20日移動平均からの乖離,True,業種,食料品,1d,1営業日,2,1,1,0.08370786516853923,0.08370786516853923,1.0,サンプル不足,0.0
v5,distance_ma20,20日移動平均乖離,終値の20日移動平均からの乖離,True,業種,食料品,3d,3営業日,2,1,1,0.15355805243445686,0.15355805243445686,1.0,サンプル不足,0.0
v5,distance_ma20,20日移動平均乖離,終値の20日移動平均からの乖離,True,業種,食料品,5d,5営業日,2,1,1,0.02621722846441954,0.02621722846441954,1.0,サンプル不足,0.0
v5,distance_ma60,60日移動平均乖離,終値の60日移動平均からの乖離,True,全体,全体,10d,10営業日,1,20,20,-0.007296490981129107,-0.012733359946773104,0.3,サンプル不足,0.04187125494068808
v5,distance_ma60,60日移動平均乖離,終値の60日移動平均からの乖離,True,全体,全体,10d,10営業日,2,20,20,-0.03140302732231058,-0.017458170056602607,0.25,サンプル不足,0.04187125494068808
v5,distance_ma60,60日移動平均乖離,終値の60日移動平均からの乖離,True,全体,全体,10d,10営業日,3,20,20,-0.04359751913909926,-0.022955919025643035,0.35,サンプル不足,0.04187125494068808
v5,distance_ma60,60日移動平均乖離,終値の60日移動平均からの乖離,True,全体,全体,10d,10営業日,4,20,20,0.04572561553601351,0.008856236380822299,0.5,サンプル不足,0.04187125494068808
v5,distance_ma60,60日移動平均乖離,終値の60日移動平均からの乖離,True,全体,全体,10d,10営業日,5,20,20,0.034574763959558975,0.011768369868793815,0.6,サンプル不足,0.04187125494068808
v5,distance_ma60,60日移動平均乖離,終値の60日移動平均からの乖離,True,全体,全体,1d,1営業日,1,20,20,0.009141850481552721,0.0023493916701062822,0.6,サンプル不足,0.02781155573044019
v5,distance_ma60,60日移動平均乖離,終値の60日移動平均からの乖離,True,全体,全体,1d,1営業日,2,20,20,-0.008827688862280273,-0.006875971885301979,0.4,サンプル不足,0.02781155573044019
v5,distance_ma60,60日移動平均乖離,終値の60日移動平均からの乖離,True,全体,全体,1d,1営業日,3,20,20,0.0038522026156267374,0.003384113232501567,0.5,サンプル不足,0.02781155573044019
v5,distance_ma60,60日移動平均乖離,終値の60日移動平均からの乖離,True,全体,全体,1d,1営業日,4,20,20,0.023704788846595954,0.014270747832573982,0.65,サンプル不足,0.02781155573044019
v5,distance_ma60,60日移動平均乖離,終値の60日移動平均からの乖離,True,全体,全体,1d,1営業日,5,20,20,0.03695340621199291,0.026545744037888452,0.65,サンプル不足,0.02781155573044019
v5,distance_ma60,60日移動平均乖離,終値の60日移動平均からの乖離,True,全体,全体,3d,3営業日,1,20,20,0.034428613246875475,0.015475168571562947,0.65,サンプル不足,0.020958317418656947
v5,distance_ma60,60日移動平均乖離,終値の60日移動平均からの乖離,True,全体,全体,3d,3営業日,2,20,20,0.01159428903943262,0.014209756906145676,0.55,サンプル不足,0.020958317418656947
v5,distance_ma60,60日移動平均乖離,終値の60日移動平均からの乖離,True,全体,全体,3d,3営業日,3,20,20,0.013800759195526795,0.01095163101121499,0.6,サンプル不足,0.020958317418656947
v5,distance_ma60,60日移動平均乖離,終値の60日移動平均からの乖離,True,全体,全体,3d,3営業日,4,20,20,0.05324393223499328,0.05030891922797942,0.7,サンプル不足,0.020958317418656947
v5,distance_ma60,60日移動平均乖離,終値の60日移動平均からの乖離,True,全体,全体,3d,3営業日,5,20,20,0.05538693066553242,0.08603845447870784,0.75,サンプル不足,0.020958317418656947
v5,distance_ma60,60日移動平均乖離,終値の60日移動平均からの乖離,True,全体,全体,5d,5営業日,1,20,20,-0.008055235534164285,-0.010673622860308152,0.35,サンプル不足,-0.007329806854653046
v5,distance_ma60,60日移動平均乖離,終値の60日移動平均からの乖離,True,全体,全体,5d,5営業日,2,20,20,-0.037758066428899686,-0.020970709540391708,0.25,サンプル不足,-0.007329806854653046
v5,distance_ma60,60日移動平均乖離,終値の60日移動平均からの乖離,True,全体,全体,5d,5営業日,3,20,20,-0.03924627551598657,-0.036667079168058156,0.2,サンプル不足,-0.007329806854653046
v5,distance_ma60,60日移動平均乖離,終値の60日移動平均からの乖離,True,全体,全体,5d,5営業日,4,20,20,0.00630143435927571,-0.02319770045210959,0.4,サンプル不足,-0.007329806854653046
v5,distance_ma60,60日移動平均乖離,終値の60日移動平均からの乖離,True,全体,全体,5d,5営業日,5,20,20,-0.01538504238881733,-0.012612978222888649,0.45,サンプル不足,-0.007329806854653046
v5,distance_ma60,60日移動平均乖離,終値の60日移動平均からの乖離,True,業種,その他金融業,10d,10営業日,2,1,1,-0.05977272727272731,-0.05977272727272731,0.0,サンプル不足,0.0
v5,distance_ma60,60日移動平均乖離,終値の60日移動平均からの乖離,True,業種,その他金融業,1d,1営業日,2,1,1,0.02659090909090911,0.02659090909090911,1.0,サンプル不足,0.0
v5,distance_ma60,60日移動平均乖離,終値の60日移動平均からの乖離,True,業種,その他金融業,3d,3営業日,2,1,1,-0.020454545454545503,-0.020454545454545503,0.0,サンプル不足,0.0
v5,distance_ma60,60日移動平均乖離,終値の60日移動平均からの乖離,True,業種,その他金融業,5d,5営業日,2,1,1,-0.08386363636363636,-0.08386363636363636,0.0,サンプル不足,0.0
v5,distance_ma60,60日移動平均乖離,終値の60日移動平均からの乖離,True,業種,ガラス・土石製品,10d,10営業日,1,1,1,-0.054102795311091,-0.054102795311091,0.0,サンプル不足,-0.042439931368621904
v5,distance_ma60,60日移動平均乖離,終値の60日移動平均からの乖離,True,業種,ガラス・土石製品,10d,10営業日,3,1,1,-0.0711246200607902,-0.0711246200607902,0.0,サンプル不足,-0.042439931368621904
v5,distance_ma60,60日移動平均乖離,終値の60日移動平均からの乖離,True,業種,ガラス・土石製品,10d,10営業日,4,1,1,-0.00862630208333337,-0.00862630208333337,0.0,サンプル不足,-0.042439931368621904
v5,distance_ma60,60日移動平均乖離,終値の60日移動平均からの乖離,True,業種,ガラス・土石製品,10d,10営業日,5,1,1,-0.0965427266797129,-0.0965427266797129,0.0,サンプル不足,-0.042439931368621904
v5,distance_ma60,60日移動平均乖離,終値の60日移動平均からの乖離,True,業種,ガラス・土石製品,1d,1営業日,1,1,1,0.0144274120829577,0.0144274120829577,1.0,サンプル不足,0.1923566714134546
v5,distance_ma60,60日移動平均乖離,終値の60日移動平均からの乖離,True,業種,ガラス・土石製品,1d,1営業日,3,1,1,-0.0012158054711246,-0.0012158054711246,0.0,サンプル不足,0.1923566714134546
v5,distance_ma60,60日移動平均乖離,終値の60日移動平均からの乖離,True,業種,ガラス・土石製品,1d,1営業日,4,1,1,-0.01529947916666663,-0.01529947916666663,0.0,サンプル不足,0.1923566714134546
v5,distance_ma60,60日移動平均乖離,終値の60日移動平均からの乖離,True,業種,ガラス・土石製品,1d,1営業日,5,1,1,0.2067840834964123,0.2067840834964123,1.0,サンプル不足,0.1923566714134546
v5,distance_ma60,60日移動平均乖離,終値の60日移動平均からの乖離,True,業種,ガラス・土石製品,3d,3営業日,1,1,1,0.1100090171325518,0.1100090171325518,1.0,サンプル不足,0.02762959995811999
v5,distance_ma60,60日移動平均乖離,終値の60日移動平均からの乖離,True,業種,ガラス・土石製品,3d,3営業日,3,1,1,-0.006079027355623,-0.006079027355623,0.0,サンプル不足,0.02762959995811999
v5,distance_ma60,60日移動平均乖離,終値の60日移動平均からの乖離,True,業種,ガラス・土石製品,3d,3営業日,4,1,1,-0.01529947916666663,-0.01529947916666663,0.0,サンプル不足,0.02762959995811999
v5,distance_ma60,60日移動平均乖離,終値の60日移動平均からの乖離,True,業種,ガラス・土石製品,3d,3営業日,5,1,1,0.1376386170906718,0.1376386170906718,1.0,サンプル不足,0.02762959995811999
v5,distance_ma60,60日移動平均乖離,終値の60日移動平均からの乖離,True,業種,ガラス・土石製品,5d,5営業日,1,1,1,0.0,0.0,0.0,サンプル不足,0.2504892367906066
v5,distance_ma60,60日移動平均乖離,終値の60日移動平均からの乖離,True,業種,ガラス・土石製品,5d,5営業日,3,1,1,-0.0370820668693009,-0.0370820668693009,0.0,サンプル不足,0.2504892367906066
v5,distance_ma60,60日移動平均乖離,終値の60日移動平均からの乖離,True,業種,ガラス・土石製品,5d,5営業日,4,1,1,-0.02718098958333337,-0.02718098958333337,0.0,サンプル不足,0.2504892367906066
v5,distance_ma60,60日移動平均乖離,終値の60日移動平均からの乖離,True,業種,ガラス・土石製品,5d,5営業日,5,1,1,0.2504892367906066,0.2504892367906066,1.0,サンプル不足,0.2504892367906066
v5,distance_ma60,60日移動平均乖離,終値の60日移動平均からの乖離,True,業種,サービス業,10d,10営業日,1,1,1,-0.0471806674338319,-0.0471806674338319,0.0,サンプル不足,0.1431882719965695
v5,distance_ma60,60日移動平均乖離,終値の60日移動平均からの乖離,True,業種,サービス業,10d,10営業日,2,3,3,0.003700030921336137,0.00781805259417201,0.6666666666666666,サンプル不足,0.1431882719965695
v5,distance_ma60,60日移動平均乖離,終値の60日移動平均からの乖離,True,業種,サービス業,10d,10営業日,3,1,1,0.02279202279202286,0.02279202279202286,1.0,サンプル不足,0.1431882719965695
v5,distance_ma60,60日移動平均乖離,終値の60日移動平均からの乖離,True,業種,サービス業,10d,10営業日,4,1,1,0.0960076045627376,0.0960076045627376,1.0,サンプル不足,0.1431882719965695
v5,distance_ma60,60日移動平均乖離,終値の60日移動平均からの乖離,True,業種,サービス業,1d,1営業日,1,1,1,-0.0126582278481012,-0.0126582278481012,0.0,サンプル不足,0.07397001492034447
v5,distance_ma60,60日移動平均乖離,終値の60日移動平均からの乖離,True,業種,サービス業,1d,1営業日,2,3,3,-0.0034770750483749933,-0.002842928216062579,0.3333333333333333,サンプル不足,0.07397001492034447
v5,distance_ma60,60日移動平均乖離,終値の60日移動平均からの乖離,True,業種,サービス業,1d,1営業日,3,1,1,-0.02792022792022797,-0.02792022792022797,0.0,サンプル不足,0.07397001492034447
v5,distance_ma60,60日移動平均乖離,終値の60日移動平均からの乖離,True,業種,サービス業,1d,1営業日,4,1,1,0.06131178707224327,0.06131178707224327,1.0,サンプル不足,0.07397001492034447
v5,distance_ma60,60日移動平均乖離,終値の60日移動平均からの乖離,True,業種,サービス業,3d,3営業日,1,1,1,-0.0322209436133487,-0.0322209436133487,0.0,サンプル不足,0.08260117175023085
v5,distance_ma60,60日移動平均乖離,終値の60日移動平均からの乖離,True,業種,サービス業,3d,3営業日,2,3,3,0.005861986223404034,0.01411336216708392,0.6666666666666666,サンプル不足,0.08260117175023085
v5,distance_ma60,60日移動平均乖離,終値の60日移動平均からの乖離,True,業種,サービス業,3d,3営業日,3,1,1,0.14757834757834765,0.14757834757834765,1.0,サンプル不足,0.08260117175023085
v5,distance_ma60,60日移動平均乖離,終値の60日移動平均からの乖離,True,業種,サービス業,3d,3営業日,4,1,1,0.050380228136882144,0.050380228136882144,1.0,サンプル不足,0.08260117175023085
v5,distance_ma60,60日移動平均乖離,終値の60日移動平均からの乖離,True,業種,サービス業,5d,5営業日,1,1,1,-0.0563866513233601,-0.0563866513233601,0.0,サンプル不足,0.1234018604488353
v5,distance_ma60,60日移動平均乖離,終値の60日移動平均からの乖離,True,業種,サービス業,5d,5営業日,2,3,3,-0.0012689949096065696,0.008884150675195546,0.6666666666666666,サンプル不足,0.1234018604488353
v5,distance_ma60,60日移動平均乖離,終値の60日移動平均からの乖離,True,業種,サービス業,5d,5営業日,3,1,1,0.05982905982905984,0.05982905982905984,1.0,サンプル不足,0.1234018604488353
v5,distance_ma60,60日移動平均乖離,終値の60日移動平均からの乖離,True,業種,サービス業,5d,5営業日,4,1,1,0.0670152091254752,0.0670152091254752,1.0,サンプル不足,0.1234018604488353
v5,distance_ma60,60日移動平均乖離,終値の60日移動平均からの乖離,True,業種,パルプ・紙,10d,10営業日,5,1,1,0.032064128256513,0.032064128256513,1.0,サンプル不足,0.0
v5,distance_ma60,60日移動平均乖離,終値の60日移動平均からの乖離,True,業種,パルプ・紙,1d,1営業日,5,1,1,0.066132264529058,0.066132264529058,1.0,サンプル不足,0.0
v5,distance_ma60,60日移動平均乖離,終値の60日移動平均からの乖離,True,業種,パルプ・紙,3d,3営業日,5,1,1,0.0220440881763526,0.0220440881763526,1.0,サンプル不足,0.0
v5,distance_ma60,60日移動平均乖離,終値の60日移動平均からの乖離,True,業種,パルプ・紙,5d,5営業日,5,1,1,-0.0420841683366733,-0.0420841683366733,0.0,サンプル不足,0.0
v5,distance_ma60,60日移動平均乖離,終値の60日移動平均からの乖離,True,業種,不動産業,10d,10営業日,2,1,1,-0.09090909090909094,-0.09090909090909094,0.0,サンプル不足,0.2504835589941973
v5,distance_ma60,60日移動平均乖離,終値の60日移動平均からの乖離,True,業種,不動産業,10d,10営業日,4,1,1,0.15957446808510634,0.15957446808510634,1.0,サンプル不足,0.2504835589941973
v5,distance_ma60,60日移動平均乖離,終値の60日移動平均からの乖離,True,業種,不動産業,1d,1営業日,2,1,1,-0.09090909090909094,-0.09090909090909094,0.0,サンプル不足,0.06963249516441006
v5,distance_ma60,60日移動平均乖離,終値の60日移動平均からの乖離,True,業種,不動産業,1d,1営業日,4,1,1,-0.021276595744680882,-0.021276595744680882,0.0,サンプル不足,0.06963249516441006
v5,distance_ma60,60日移動平均乖離,終値の60日移動平均からの乖離,True,業種,不動産業,3d,3営業日,2,1,1,-0.09090909090909094,-0.09090909090909094,0.0,サンプル不足,0.04835589941972929
v5,distance_ma60,60日移動平均乖離,終値の60日移動平均からの乖離,True,業種,不動産業,3d,3営業日,4,1,1,-0.04255319148936165,-0.04255319148936165,0.0,サンプル不足,0.04835589941972929
v5,distance_ma60,60日移動平均乖離,終値の60日移動平均からの乖離,True,業種,不動産業,5d,5営業日,2,1,1,-0.09090909090909094,-0.09090909090909094,0.0,サンプル不足,0.06963249516441006
v5,distance_ma60,60日移動平均乖離,終値の60日移動平均からの乖離,True,業種,不動産業,5d,5営業日,4,1,1,-0.021276595744680882,-0.021276595744680882,0.0,サンプル不足,0.06963249516441006
v5,distance_ma60,60日移動平均乖離,終値の60日移動平均からの乖離,True,業種,保険業,10d,10営業日,1,1,1,-0.06056616194865039,-0.06056616194865039,0.0,サンプル不足,0.05945071298044069
v5,distance_ma60,60日移動平均乖離,終値の60日移動平均からの乖離,True,業種,保険業,10d,10営業日,3,1,1,-0.001115448968209698,-0.001115448968209698,0.0,サンプル不足,0.05945071298044069
v5,distance_ma60,60日移動平均乖離,終値の60日移動平均からの乖離,True,業種,保険業,1d,1営業日,1,1,1,0.006802721088435382,0.006802721088435382,1.0,サンプル不足,0.008534702224447965
v5,distance_ma60,60日移動平均乖離,終値の60日移動平均からの乖離,True,業種,保険業,1d,1営業日,3,1,1,0.015337423312883347,0.015337423312883347,1.0,サンプル不足,0.008534702224447965
v5,distance_ma60,60日移動平均乖離,終値の60日移動平均からの乖離,True,業種,保険業,3d,3営業日,1,1,1,0.01821373710774643,0.01821373710774643,1.0,サンプル不足,0.004931828982605024
v5,distance_ma60,60日移動平均乖離,終値の60日移動平均からの乖離,True,業種,保険業,3d,3営業日,3,1,1,0.023145566090351455,0.023145566090351455,1.0,サンプル不足,0.004931828982605024
v5,distance_ma60,60日移動平均乖離,終値の60日移動平均からの乖離,True,業種,保険業,5d,5営業日,1,1,1,-0.023480359885889812,-0.023480359885889812,0.0,サンプル不足,-0.012771731580925594
v5,distance_ma60,60日移動平均乖離,終値の60日移動平均からの乖離,True,業種,保険業,5d,5営業日,3,1,1,-0.036252091466815406,-0.036252091466815406,0.0,サンプル不足,-0.012771731580925594
v5,distance_ma60,60日移動平均乖離,終値の60日移動平均からの乖離,True,業種,化学,10d,10営業日,1,3,3,-0.005416958530514382,-0.0041899441340782495,0.3333333333333333,サンプル不足,-0.10294806048089244
v5,distance_ma60,60日移動平均乖離,終値の60日移動平均からの乖離,True,業種,化学,10d,10営業日,2,2,2,-0.03651595187307488,-0.03651595187307488,0.0,サンプル不足,-0.10294806048089244
v5,distance_ma60,60日移動平均乖離,終値の60日移動平均からの乖離,True,業種,化学,10d,10営業日,3,1,1,-0.021929824561403466,-0.021929824561403466,0.0,サンプル不足,-0.10294806048089244
v5,distance_ma60,60日移動平均乖離,終値の60日移動平均からの乖離,True,業種,化学,10d,10営業日,4,1,1,-0.10836501901140683,-0.10836501901140683,0.0,サンプル不足,-0.10294806048089244
v5,distance_ma60,60日移動平均乖離,終値の60日移動平均からの乖離,True,業種,化学,1d,1営業日,1,3,3,-0.0004521285943549132,-0.003351955307262622,0.3333333333333333,サンプル不足,0.04988178638903181
v5,distance_ma60,60日移動平均乖離,終値の60日移動平均からの乖離,True,業種,化学,1d,1営業日,2,2,2,-0.00998339745635346,-0.00998339745635346,0.0,サンプル不足,0.04988178638903181
v5,distance_ma60,60日移動平均乖離,終値の60日移動平均からの乖離,True,業種,化学,1d,1営業日,3,1,1,-0.015350877192982448,-0.015350877192982448,0.0,サンプル不足,0.04988178638903181
v5,distance_ma60,60日移動平均乖離,終値の60日移動平均からの乖離,True,業種,化学,1d,1営業日,4,1,1,0.049429657794676896,0.049429657794676896,1.0,サンプル不足,0.04988178638903181
v5,distance_ma60,60日移動平均乖離,終値の60日移動平均からの乖離,True,業種,化学,3d,3営業日,1,3,3,-0.0057305709828658164,-0.0038495706248149464,0.3333333333333333,サンプル不足,-0.0075774138080086555
v5,distance_ma60,60日移動平均乖離,終値の60日移動平均からの乖離,True,業種,化学,3d,3営業日,2,2,2,0.030750377390083183,0.030750377390083183,0.5,サンプル不足,-0.0075774138080086555
v5,distance_ma60,60日移動平均乖離,終値の60日移動平均からの乖離,True,業種,化学,3d,3営業日,3,1,1,-0.03552631578947374,-0.03552631578947374,0.0,サンプル不足,-0.0075774138080086555
v5,distance_ma60,60日移動平均乖離,終値の60日移動平均からの乖離,True,業種,化学,3d,3営業日,4,1,1,-0.013307984790874472,-0.013307984790874472,0.0,サンプル不足,-0.0075774138080086555
v5,distance_ma60,60日移動平均乖離,終値の60日移動平均からの乖離,True,業種,化学,5d,5営業日,1,3,3,-0.023051812406694072,-0.013029315960912058,0.3333333333333333,サンプル不足,-0.04443868188988387
v5,distance_ma60,60日移動平均乖離,終値の60日移動平均からの乖離,True,業種,化学,5d,5営業日,2,2,2,-0.009075195083846688,-0.009075195083846688,0.5,サンプル不足,-0.04443868188988387
v5,distance_ma60,60日移動平均乖離,終値の60日移動平均からの乖離,True,業種,化学,5d,5営業日,3,1,1,-0.047368421052631615,-0.047368421052631615,0.0,サンプル不足,-0.04443868188988387
v5,distance_ma60,60日移動平均乖離,終値の60日移動平均からの乖離,True,業種,化学,5d,5営業日,4,1,1,-0.06749049429657794,-0.06749049429657794,0.0,サンプル不足,-0.04443868188988387
v5,distance_ma60,60日移動平均乖離,終値の60日移動平均からの乖離,True,業種,卸売業,10d,10営業日,1,1,1,-0.0235674676524954,-0.0235674676524954,0.0,サンプル不足,0.08022902967393486
v5,distance_ma60,60日移動平均乖離,終値の60日移動平均からの乖離,True,業種,卸売業,10d,10営業日,3,1,1,0.05666156202143946,0.05666156202143946,1.0,サンプル不足,0.08022902967393486
v5,distance_ma60,60日移動平均乖離,終値の60日移動平均からの乖離,True,業種,卸売業,1d,1営業日,1,1,1,-0.0009242144177449285,-0.0009242144177449285,0.0,サンプル不足,0.03920905362142035
v5,distance_ma60,60日移動平均乖離,終値の60日移動平均からの乖離,True,業種,卸売業,1d,1営業日,3,1,1,0.038284839203675425,0.038284839203675425,1.0,サンプル不足,0.03920905362142035
v5,distance_ma60,60日移動平均乖離,終値の60日移動平均からの乖離,True,業種,卸売業,3d,3営業日,1,1,1,-0.01802218114602583,-0.01802218114602583,0.0,サンプル不足,0.10224882739411167
v5,distance_ma60,60日移動平均乖離,終値の60日移動平均からの乖離,True,業種,卸売業,3d,3営業日,3,1,1,0.08422664624808585,0.08422664624808585,1.0,サンプル不足,0.10224882739411167
v5,distance_ma60,60日移動平均乖離,終値の60日移動平均からの乖離,True,業種,卸売業,5d,5営業日,1,1,1,-0.008317929759704246,-0.008317929759704246,0.0,サンプル不足,0.040477194690791585
v5,distance_ma60,60日移動平均乖離,終値の60日移動平均からの乖離,True,業種,卸売業,5d,5営業日,3,1,1,0.03215926493108734,0.03215926493108734,1.0,サンプル不足,0.040477194690791585
v5,distance_ma60,60日移動平均乖離,終値の60日移動平均からの乖離,True,業種,小売業,10d,10営業日,1,2,2,-0.008752735229759279,-0.008752735229759279,0.0,サンプル不足,0.04158101805804215
v5,distance_ma60,60日移動平均乖離,終値の60日移動平均からの乖離,True,業種,小売業,10d,10営業日,2,1,1,0.03282828282828287,0.03282828282828287,1.0,サンプル不足,0.04158101805804215
v5,distance_ma60,60日移動平均乖離,終値の60日移動平均からの乖離,True,業種,小売業,1d,1営業日,1,2,2,-0.0026258205689277947,-0.0026258205689277947,0.0,サンプル不足,0.044292487235594535
v5,distance_ma60,60日移動平均乖離,終値の60日移動平均からの乖離,True,業種,小売業,1d,1営業日,2,1,1,0.04166666666666674,0.04166666666666674,1.0,サンプル不足,0.044292487235594535
v5,distance_ma60,60日移動平均乖離,終値の60日移動平均からの乖離,True,業種,小売業,3d,3営業日,1,2,2,-0.01893407781885858,-0.01893407781885858,0.0,サンプル不足,0.04418660307138388
v5,distance_ma60,60日移動平均乖離,終値の60日移動平均からの乖離,True,業種,小売業,3d,3営業日,2,1,1,0.025252525252525304,0.025252525252525304,1.0,サンプル不足,0.04418660307138388
v5,distance_ma60,60日移動平均乖離,終値の60日移動平均からの乖離,True,業種,小売業,5d,5営業日,1,2,2,-0.042763902512638605,-0.042763902512638605,0.0,サンプル不足,0.021299256047992085
v5,distance_ma60,60日移動平均乖離,終値の60日移動平均からの乖離,True,業種,小売業,5d,5営業日,2,1,1,-0.02146464646464652,-0.02146464646464652,0.0,サンプル不足,0.021299256047992085
v5,distance_ma60,60日移動平均乖離,終値の60日移動平均からの乖離,True,業種,建設業,10d,10営業日,1,1,1,0.00930593253198908,0.00930593253198908,1.0,サンプル不足,-0.18115120837219198
v5,distance_ma60,60日移動平均乖離,終値の60日移動平均からの乖離,True,業種,建設業,10d,10営業日,3,1,1,-0.1718452758402029,-0.1718452758402029,0.0,サンプル不足,-0.18115120837219198
v5,distance_ma60,60日移動平均乖離,終値の60日移動平均からの乖離,True,業種,建設業,1d,1営業日,1,1,1,0.0293395372883547,0.0293395372883547,1.0,サンプル不足,-0.0521676920125144
v5,distance_ma60,60日移動平均乖離,終値の60日移動平均からの乖離,True,業種,建設業,1d,1営業日,3,1,1,-0.0228281547241597,-0.0228281547241597,0.0,サンプル不足,-0.0521676920125144
v5,distance_ma60,60日移動平均乖離,終値の60日移動平均からの乖離,True,業種,建設業,3d,3営業日,1,1,1,0.08142690965490496,0.08142690965490496,1.0,サンプル不足,-0.25961333958515226
v5,distance_ma60,60日移動平均乖離,終値の60日移動平均からの乖離,True,業種,建設業,3d,3営業日,3,1,1,-0.1781864299302473,-0.1781864299302473,0.0,サンプル不足,-0.25961333958515226
v5,distance_ma60,60日移動平均乖離,終値の60日移動平均からの乖離,True,業種,建設業,5d,5営業日,1,1,1,0.061005557709706615,0.061005557709706615,1.0,サンプル不足,-0.211925025052763
v5,distance_ma60,60日移動平均乖離,終値の60日移動平均からの乖離,True,業種,建設業,5d,5営業日,3,1,1,-0.1509194673430564,-0.1509194673430564,0.0,サンプル不足,-0.211925025052763
v5,distance_ma60,60日移動平均乖離,終値の60日移動平均からの乖離,True,業種,情報・通信業,10d,10営業日,3,1,1,-0.12790697674418605,-0.12790697674418605,0.0,サンプル不足,0.016809515646724962
v5,distance_ma60,60日移動平均乖離,終値の60日移動平均からの乖離,True,業種,情報・通信業,10d,10営業日,4,2,2,-0.09527445890198505,-0.09527445890198505,0.0,サンプル不足,0.016809515646724962
v5,distance_ma60,60日移動平均乖離,終値の60日移動平均からの乖離,True,業種,情報・通信業,10d,10営業日,5,2,2,-0.11109746109746109,-0.11109746109746109,0.0,サンプル不足,0.016809515646724962
v5,distance_ma60,60日移動平均乖離,終値の60日移動平均からの乖離,True,業種,情報・通信業,1d,1営業日,3,1,1,0.04491279069767451,0.04491279069767451,1.0,サンプル不足,-0.06436406014894397
v5,distance_ma60,60日移動平均乖離,終値の60日移動平均からの乖離,True,業種,情報・通信業,1d,1営業日,4,2,2,-0.04088402541625037,-0.04088402541625037,0.0,サンプル不足,-0.06436406014894397
v5,distance_ma60,60日移動平均乖離,終値の60日移動平均からの乖離,True,業種,情報・通信業,1d,1営業日,5,2,2,-0.01945126945126946,-0.01945126945126946,0.5,サンプル不足,-0.06436406014894397
v5,distance_ma60,60日移動平均乖離,終値の60日移動平均からの乖離,True,業種,情報・通信業,3d,3営業日,3,1,1,0.052906976744186096,0.052906976744186096,1.0,サンプル不足,-0.10728863112584044
v5,distance_ma60,60日移動平均乖離,終値の60日移動平均からの乖離,True,業種,情報・通信業,3d,3営業日,4,2,2,-0.025733158717872552,-0.025733158717872552,0.0,サンプル不足,-0.10728863112584044
v5,distance_ma60,60日移動平均乖離,終値の60日移動平均からの乖離,True,業種,情報・通信業,3d,3営業日,5,2,2,-0.05438165438165435,-0.05438165438165435,0.5,サンプル不足,-0.10728863112584044
v5,distance_ma60,60日移動平均乖離,終値の60日移動平均からの乖離,True,業種,情報・通信業,5d,5営業日,3,1,1,-0.0411337209302326,-0.0411337209302326,0.0,サンプル不足,-0.048260218463706775
v5,distance_ma60,60日移動平均乖離,終値の60日移動平均からの乖離,True,業種,情報・通信業,5d,5営業日,4,2,2,-0.06338227375905431,-0.06338227375905431,0.0,サンプル不足,-0.048260218463706775
v5,distance_ma60,60日移動平均乖離,終値の60日移動平均からの乖離,True,業種,情報・通信業,5d,5営業日,5,2,2,-0.08939393939393937,-0.08939393939393937,0.5,サンプル不足,-0.048260218463706775
v5,distance_ma60,60日移動平均乖離,終値の60日移動平均からの乖離,True,業種,機械,10d,10営業日,1,1,1,0.05111111111111111,0.05111111111111111,1.0,サンプル不足,0.10399698941238775
v5,distance_ma60,60日移動平均乖離,終値の60日移動平均からの乖離,True,業種,機械,10d,10営業日,2,5,5,-0.003181853002588325,-0.039484978540772486,0.4,サンプル不足,0.10399698941238775
v5,distance_ma60,60日移動平均乖離,終値の60日移動平均からの乖離,True,業種,機械,10d,10営業日,3,2,2,0.0029574541681079425,0.0029574541681079425,0.5,サンプル不足,0.10399698941238775
v5,distance_ma60,60日移動平均乖離,終値の60日移動平均からの乖離,True,業種,機械,10d,10営業日,4,1,1,-0.0020366598778004,-0.0020366598778004,0.0,サンプル不足,0.10399698941238775
v5,distance_ma60,60日移動平均乖離,終値の60日移動平均からの乖離,True,業種,機械,10d,10営業日,5,4,4,0.15510810052349885,0.011218304168752118,0.75,サンプル不足,0.10399698941238775
v5,distance_ma60,60日移動平均乖離,終値の60日移動平均からの乖離,True,業種,機械,1d,1営業日,1,1,1,0.0022222222222221255,0.0022222222222221255,1.0,サンプル不足,0.043879468289179865
v5,distance_ma60,60日移動平均乖離,終値の60日移動平均からの乖離,True,業種,機械,1d,1営業日,2,5,5,-0.003286207445123214,-0.0376623376623376,0.4,サンプル不足,0.043879468289179865
v5,distance_ma60,60日移動平均乖離,終値の60日移動平均からの乖離,True,業種,機械,1d,1営業日,3,2,2,0.022189553787616778,0.022189553787616778,1.0,サンプル不足,0.043879468289179865
v5,distance_ma60,60日移動平均乖離,終値の60日移動平均からの乖離,True,業種,機械,1d,1営業日,4,1,1,-0.0196877121520706,-0.0196877121520706,0.0,サンプル不足,0.043879468289179865
v5,distance_ma60,60日移動平均乖離,終値の60日移動平均からの乖離,True,業種,機械,1d,1営業日,5,4,4,0.04610169051140199,0.000297370771299316,0.5,サンプル不足,0.043879468289179865
v5,distance_ma60,60日移動平均乖離,終値の60日移動平均からの乖離,True,業種,機械,3d,3営業日,1,1,1,0.004444444444444473,0.004444444444444473,1.0,サンプル不足,0.10321095437277697
v5,distance_ma60,60日移動平均乖離,終値の60日移動平均からの乖離,True,業種,機械,3d,3営業日,2,5,5,0.028320119038715775,0.014306151645207432,0.6,サンプル不足,0.10321095437277697
v5,distance_ma60,60日移動平均乖離,終値の60日移動平均からの乖離,True,業種,機械,3d,3営業日,3,2,2,0.07186094776893814,0.07186094776893814,1.0,サンプル不足,0.10321095437277697
v5,distance_ma60,60日移動平均乖離,終値の60日移動平均からの乖離,True,業種,機械,3d,3営業日,4,1,1,0.0502376103190767,0.0502376103190767,1.0,サンプル不足,0.10321095437277697
v5,distance_ma60,60日移動平均乖離,終値の60日移動平均からの乖離,True,業種,機械,3d,3営業日,5,4,4,0.10765539881722144,0.11177188871654398,1.0,サンプル不足,0.10321095437277697
v5,distance_ma60,60日移動平均乖離,終値の60日移動平均からの乖離,True,業種,機械,5d,5営業日,1,1,1,0.022222222222222143,0.022222222222222143,1.0,サンプル不足,0.023456491662978904
v5,distance_ma60,60日移動平均乖離,終値の60日移動平均からの乖離,True,業種,機械,5d,5営業日,2,5,5,-0.04195657206924021,-0.05922746781115884,0.2,サンプル不足,0.023456491662978904
v5,distance_ma60,60日移動平均乖離,終値の60日移動平均からの乖離,True,業種,機械,5d,5営業日,3,2,2,-0.02237979937737805,-0.02237979937737805,0.0,サンプル不足,0.023456491662978904
v5,distance_ma60,60日移動平均乖離,終値の60日移動平均からの乖離,True,業種,機械,5d,5営業日,4,1,1,-0.0251188051595383,-0.0251188051595383,0.0,サンプル不足,0.023456491662978904
v5,distance_ma60,60日移動平均乖離,終値の60日移動平均からの乖離,True,業種,機械,5d,5営業日,5,4,4,0.04567871388520105,0.04117501084437057,0.75,サンプル不足,0.023456491662978904
v5,distance_ma60,60日移動平均乖離,終値の60日移動平均からの乖離,True,業種,精密機器,10d,10営業日,1,1,1,-0.006961469925666486,-0.006961469925666486,0.0,サンプル不足,-0.05135386484755167
v5,distance_ma60,60日移動平均乖離,終値の60日移動平均からの乖離,True,業種,精密機器,10d,10営業日,2,1,1,-0.04469763365468882,-0.04469763365468882,0.0,サンプル不足,-0.05135386484755167
v5,distance_ma60,60日移動平均乖離,終値の60日移動平均からの乖離,True,業種,精密機器,10d,10営業日,3,2,2,-0.029774849663998904,-0.029774849663998904,0.5,サンプル不足,-0.05135386484755167
v5,distance_ma60,60日移動平均乖離,終値の60日移動平均からの乖離,True,業種,精密機器,10d,10営業日,4,2,2,0.192746044515956,0.192746044515956,1.0,サンプル不足,-0.05135386484755167
v5,distance_ma60,60日移動平均乖離,終値の60日移動平均からの乖離,True,業種,精密機器,10d,10営業日,5,1,1,-0.05831533477321815,-0.05831533477321815,0.0,サンプル不足,-0.05135386484755167
v5,distance_ma60,60日移動平均乖離,終値の60日移動平均からの乖離,True,業種,精密機器,1d,1営業日,1,1,1,-0.027624379207403682,-0.027624379207403682,0.0,サンプル不足,0.004946193462263326
v5,distance_ma60,60日移動平均乖離,終値の60日移動平均からの乖離,True,業種,精密機器,1d,1営業日,2,1,1,0.019281332164767795,0.019281332164767795,1.0,サンプル不足,0.004946193462263326
v5,distance_ma60,60日移動平均乖離,終値の60日移動平均からの乖離,True,業種,精密機器,1d,1営業日,3,2,2,-0.02716804964602554,-0.02716804964602554,0.0,サンプル不足,0.004946193462263326
v5,distance_ma60,60日移動平均乖離,終値の60日移動平均からの乖離,True,業種,精密機器,1d,1営業日,4,2,2,0.10696309590114905,0.10696309590114905,1.0,サンプル不足,0.004946193462263326
v5,distance_ma60,60日移動平均乖離,終値の60日移動平均からの乖離,True,業種,精密機器,1d,1営業日,5,1,1,-0.022678185745140356,-0.022678185745140356,0.0,サンプル不足,0.004946193462263326
v5,distance_ma60,60日移動平均乖離,終値の60日移動平均からの乖離,True,業種,精密機器,3d,3営業日,1,1,1,0.050092057194424555,0.050092057194424555,1.0,サンプル不足,-0.057651452442804674
v5,distance_ma60,60日移動平均乖離,終値の60日移動平均からの乖離,True,業種,精密機器,3d,3営業日,2,1,1,0.07668711656441718,0.07668711656441718,1.0,サンプル不足,-0.057651452442804674
v5,distance_ma60,60日移動平均乖離,終値の60日移動平均からの乖離,True,業種,精密機器,3d,3営業日,3,2,2,-0.019669854058704694,-0.019669854058704694,0.5,サンプル不足,-0.057651452442804674
v5,distance_ma60,60日移動平均乖離,終値の60日移動平均からの乖離,True,業種,精密機器,3d,3営業日,4,2,2,0.17346370443715575,0.17346370443715575,1.0,サンプル不足,-0.057651452442804674
v5,distance_ma60,60日移動平均乖離,終値の60日移動平均からの乖離,True,業種,精密機器,3d,3営業日,5,1,1,-0.0075593952483801186,-0.0075593952483801186,0.0,サンプル不足,-0.057651452442804674
v5,distance_ma60,60日移動平均乖離,終値の60日移動平均からの乖離,True,業種,精密機器,5d,5営業日,1,1,1,0.004419900673184651,0.004419900673184651,1.0,サンプル不足,-0.027098086418325007
v5,distance_ma60,60日移動平均乖離,終値の60日移動平均からの乖離,True,業種,精密機器,5d,5営業日,2,1,1,0.014899211218229569,0.014899211218229569,1.0,サンプル不足,-0.027098086418325007
v5,distance_ma60,60日移動平均乖離,終値の60日移動平均からの乖離,True,業種,精密機器,5d,5営業日,3,2,2,-0.046724396882250885,-0.046724396882250885,0.0,サンプル不足,-0.027098086418325007
v5,distance_ma60,60日移動平均乖離,終値の60日移動平均からの乖離,True,業種,精密機器,5d,5営業日,4,2,2,0.11487406398910827,0.11487406398910827,1.0,サンプル不足,-0.027098086418325007
v5,distance_ma60,60日移動平均乖離,終値の60日移動平均からの乖離,True,業種,精密機器,5d,5営業日,5,1,1,-0.022678185745140356,-0.022678185745140356,0.0,サンプル不足,-0.027098086418325007
v5,distance_ma60,60日移動平均乖離,終値の60日移動平均からの乖離,True,業種,証券、商品先物取引業,10d,10営業日,1,1,1,0.014930015552099496,0.014930015552099496,1.0,サンプル不足,-0.022855584125497153
v5,distance_ma60,60日移動平均乖離,終値の60日移動平均からの乖離,True,業種,証券、商品先物取引業,10d,10営業日,2,1,1,-0.007925568573397657,-0.007925568573397657,0.0,サンプル不足,-0.022855584125497153
v5,distance_ma60,60日移動平均乖離,終値の60日移動平均からの乖離,True,業種,証券、商品先物取引業,1d,1営業日,1,1,1,0.013996889580093264,0.013996889580093264,1.0,サンプル不足,-0.025023767595255264
v5,distance_ma60,60日移動平均乖離,終値の60日移動平均からの乖離,True,業種,証券、商品先物取引業,1d,1営業日,2,1,1,-0.011026878015162,-0.011026878015162,0.0,サンプル不足,-0.025023767595255264
v5,distance_ma60,60日移動平均乖離,終値の60日移動平均からの乖離,True,業種,証券、商品先物取引業,3d,3営業日,1,1,1,0.011508553654743459,0.011508553654743459,1.0,サンプル不足,-0.02150166185598401
v5,distance_ma60,60日移動平均乖離,終値の60日移動平均からの乖離,True,業種,証券、商品先物取引業,3d,3営業日,2,1,1,-0.009993108201240553,-0.009993108201240553,0.0,サンプル不足,-0.02150166185598401
v5,distance_ma60,60日移動平均乖離,終値の60日移動平均からの乖離,True,業種,証券、商品先物取引業,5d,5営業日,1,1,1,-0.01648522550544318,-0.01648522550544318,0.0,サンプル不足,-0.013838689036252183
v5,distance_ma60,60日移動平均乖離,終値の60日移動平均からの乖離,True,業種,証券、商品先物取引業,5d,5営業日,2,1,1,-0.030323914541695363,-0.030323914541695363,0.0,サンプル不足,-0.013838689036252183
v5,distance_ma60,60日移動平均乖離,終値の60日移動平均からの乖離,True,業種,輸送用機器,10d,10営業日,1,1,1,-0.1737599510104103,-0.1737599510104103,0.0,サンプル不足,0.29220182214088497
v5,distance_ma60,60日移動平均乖離,終値の60日移動平均からの乖離,True,業種,輸送用機器,10d,10営業日,2,1,1,-0.2735674676524954,-0.2735674676524954,0.0,サンプル不足,0.29220182214088497
v5,distance_ma60,60日移動平均乖離,終値の60日移動平均からの乖離,True,業種,輸送用機器,10d,10営業日,4,2,2,0.11844187113047469,0.11844187113047469,0.5,サンプル不足,0.29220182214088497
v5,distance_ma60,60日移動平均乖離,終値の60日移動平均からの乖離,True,業種,輸送用機器,1d,1営業日,1,1,1,-0.03245560318432328,-0.03245560318432328,0.0,サンプル不足,0.08626780222124139
v5,distance_ma60,60日移動平均乖離,終値の60日移動平均からの乖離,True,業種,輸送用機器,1d,1営業日,2,1,1,-0.17467652495378927,-0.17467652495378927,0.0,サンプル不足,0.08626780222124139
v5,distance_ma60,60日移動平均乖離,終値の60日移動平均からの乖離,True,業種,輸送用機器,1d,1営業日,4,2,2,0.053812199036918106,0.053812199036918106,1.0,サンプル不足,0.08626780222124139
v5,distance_ma60,60日移動平均乖離,終値の60日移動平均からの乖離,True,業種,輸送用機器,3d,3営業日,1,1,1,-0.007042253521126751,-0.007042253521126751,0.0,サンプル不足,0.11409093174040807
v5,distance_ma60,60日移動平均乖離,終値の60日移動平均からの乖離,True,業種,輸送用機器,3d,3営業日,2,1,1,-0.10258780036968573,-0.10258780036968573,0.0,サンプル不足,0.11409093174040807
v5,distance_ma60,60日移動平均乖離,終値の60日移動平均からの乖離,True,業種,輸送用機器,3d,3営業日,4,2,2,0.10704867821928132,0.10704867821928132,1.0,サンプル不足,0.11409093174040807
v5,distance_ma60,60日移動平均乖離,終値の60日移動平均からの乖離,True,業種,輸送用機器,5d,5営業日,1,1,1,-0.06307409675443965,-0.06307409675443965,0.0,サンプル不足,0.1824856013241648
v5,distance_ma60,60日移動平均乖離,終値の60日移動平均からの乖離,True,業種,輸送用機器,5d,5営業日,2,1,1,-0.2541589648798521,-0.2541589648798521,0.0,サンプル不足,0.1824856013241648
v5,distance_ma60,60日移動平均乖離,終値の60日移動平均からの乖離,True,業種,輸送用機器,5d,5営業日,4,2,2,0.11941150456972514,0.11941150456972514,1.0,サンプル不足,0.1824856013241648
v5,distance_ma60,60日移動平均乖離,終値の60日移動平均からの乖離,True,業種,金属製品,10d,10営業日,4,2,2,-0.06602070675548044,-0.06602070675548044,0.0,サンプル不足,0.27313150988845925
v5,distance_ma60,60日移動平均乖離,終値の60日移動平均からの乖離,True,業種,金属製品,10d,10営業日,5,2,2,0.2071108031329788,0.2071108031329788,1.0,サンプル不足,0.27313150988845925
v5,distance_ma60,60日移動平均乖離,終値の60日移動平均からの乖離,True,業種,金属製品,1d,1営業日,4,2,2,0.025793791103882302,0.025793791103882302,0.5,サンプル不足,0.06344777196669009
v5,distance_ma60,60日移動平均乖離,終値の60日移動平均からの乖離,True,業種,金属製品,1d,1営業日,5,2,2,0.08924156307057239,0.08924156307057239,1.0,サンプル不足,0.06344777196669009
v5,distance_ma60,60日移動平均乖離,終値の60日移動平均からの乖離,True,業種,金属製品,3d,3営業日,4,2,2,0.05413525774993966,0.05413525774993966,1.0,サンプル不足,0.14037189664071048
v5,distance_ma60,60日移動平均乖離,終値の60日移動平均からの乖離,True,業種,金属製品,3d,3営業日,5,2,2,0.19450715439065014,0.19450715439065014,1.0,サンプル不足,0.14037189664071048
v5,distance_ma60,60日移動平均乖離,終値の60日移動平均からの乖離,True,業種,金属製品,5d,5営業日,4,2,2,-0.02986752841861179,-0.02986752841861179,0.5,サンプル不足,0.08418247565974288
v5,distance_ma60,60日移動平均乖離,終値の60日移動平均からの乖離,True,業種,金属製品,5d,5営業日,5,2,2,0.05431494724113109,0.05431494724113109,0.5,サンプル不足,0.08418247565974288
v5,distance_ma60,60日移動平均乖離,終値の60日移動平均からの乖離,True,業種,鉄鋼,10d,10営業日,3,1,1,-0.0461538461538461,-0.0461538461538461,0.0,サンプル不足,0.0
v5,distance_ma60,60日移動平均乖離,終値の60日移動平均からの乖離,True,業種,鉄鋼,1d,1営業日,3,1,1,-0.03538461538461535,-0.03538461538461535,0.0,サンプル不足,0.0
v5,distance_ma60,60日移動平均乖離,終値の60日移動平均からの乖離,True,業種,鉄鋼,3d,3営業日,3,1,1,-0.019230769230769273,-0.019230769230769273,0.0,サンプル不足,0.0
v5,distance_ma60,60日移動平均乖離,終値の60日移動平均からの乖離,True,業種,鉄鋼,5d,5営業日,3,1,1,-0.0592307692307692,-0.0592307692307692,0.0,サンプル不足,0.0
v5,distance_ma60,60日移動平均乖離,終値の60日移動平均からの乖離,True,業種,銀行業,10d,10営業日,1,2,2,-0.016952079574369616,-0.016952079574369616,0.0,サンプル不足,-0.007029933915512987
v5,distance_ma60,60日移動平均乖離,終値の60日移動平均からの乖離,True,業種,銀行業,10d,10営業日,2,2,2,-0.005138122855897376,-0.005138122855897376,0.0,サンプル不足,-0.007029933915512987
v5,distance_ma60,60日移動平均乖離,終値の60日移動平均からの乖離,True,業種,銀行業,10d,10営業日,3,1,1,-0.023982013489882603,-0.023982013489882603,0.0,サンプル不足,-0.007029933915512987
v5,distance_ma60,60日移動平均乖離,終値の60日移動平均からの乖離,True,業種,銀行業,1d,1営業日,1,2,2,0.049219819569743306,0.049219819569743306,1.0,サンプル不足,-0.018867583746610572
v5,distance_ma60,60日移動平均乖離,終値の60日移動平均からの乖離,True,業種,銀行業,1d,1営業日,2,2,2,0.037137184662913825,0.037137184662913825,1.0,サンプル不足,-0.018867583746610572
v5,distance_ma60,60日移動平均乖離,終値の60日移動平均からの乖離,True,業種,銀行業,1d,1営業日,3,1,1,0.030352235823132734,0.030352235823132734,1.0,サンプル不足,-0.018867583746610572
v5,distance_ma60,60日移動平均乖離,終値の60日移動平均からの乖離,True,業種,銀行業,3d,3営業日,1,2,2,0.03888547767753869,0.03888547767753869,1.0,サンプル不足,-0.03426394382792597
v5,distance_ma60,60日移動平均乖離,終値の60日移動平均からの乖離,True,業種,銀行業,3d,3営業日,2,2,2,0.02443779496218801,0.02443779496218801,1.0,サンプル不足,-0.03426394382792597
v5,distance_ma60,60日移動平均乖離,終値の60日移動平均からの乖離,True,業種,銀行業,3d,3営業日,3,1,1,0.0046215338496127245,0.0046215338496127245,1.0,サンプル不足,-0.03426394382792597
v5,distance_ma60,60日移動平均乖離,終値の60日移動平均からの乖離,True,業種,銀行業,5d,5営業日,1,2,2,-0.013208494101318524,-0.013208494101318524,0.0,サンプル不足,-0.02226490085246613
v5,distance_ma60,60日移動平均乖離,終値の60日移動平均からの乖離,True,業種,銀行業,5d,5営業日,2,2,2,-0.01752520801349483,-0.01752520801349483,0.0,サンプル不足,-0.02226490085246613
v5,distance_ma60,60日移動平均乖離,終値の60日移動平均からの乖離,True,業種,銀行業,5d,5営業日,3,1,1,-0.035473394953784654,-0.035473394953784654,0.0,サンプル不足,-0.02226490085246613
v5,distance_ma60,60日移動平均乖離,終値の60日移動平均からの乖離,True,業種,電気・ガス業,10d,10営業日,1,1,1,0.10313108084203071,0.10313108084203071,1.0,サンプル不足,0.0
v5,distance_ma60,60日移動平均乖離,終値の60日移動平均からの乖離,True,業種,電気・ガス業,1d,1営業日,1,1,1,0.002476561117990439,0.002476561117990439,1.0,サンプル不足,0.0
v5,distance_ma60,60日移動平均乖離,終値の60日移動平均からの乖離,True,業種,電気・ガス業,3d,3営業日,1,1,1,0.012736600035379464,0.012736600035379464,1.0,サンプル不足,0.0
v5,distance_ma60,60日移動平均乖離,終値の60日移動平均からの乖離,True,業種,電気・ガス業,5d,5営業日,1,1,1,0.03307978064744388,0.03307978064744388,1.0,サンプル不足,0.0
v5,distance_ma60,60日移動平均乖離,終値の60日移動平均からの乖離,True,業種,電気機器,10d,10営業日,1,1,1,-0.01330671989354626,-0.01330671989354626,0.0,サンプル不足,0.013510067251609229
v5,distance_ma60,60日移動平均乖離,終値の60日移動平均からの乖離,True,業種,電気機器,10d,10営業日,2,1,1,-0.017525035765379116,-0.017525035765379116,0.0,サンプル不足,0.013510067251609229
v5,distance_ma60,60日移動平均乖離,終値の60日移動平均からの乖離,True,業種,電気機器,10d,10営業日,3,7,7,-0.061958738683592085,-0.01008100810081003,0.42857142857142855,サンプル不足,0.013510067251609229
v5,distance_ma60,60日移動平均乖離,終値の60日移動平均からの乖離,True,業種,電気機器,10d,10営業日,4,7,7,0.06831038843814805,0.050478677110531,0.7142857142857143,サンプル不足,0.013510067251609229
v5,distance_ma60,60日移動平均乖離,終値の60日移動平均からの乖離,True,業種,電気機器,10d,10営業日,5,9,9,0.00020334735806297002,0.07437500000000008,0.6666666666666666,サンプル不足,0.013510067251609229
v5,distance_ma60,60日移動平均乖離,終値の60日移動平均からの乖離,True,業種,電気機器,1d,1営業日,1,1,1,0.010778443113772518,0.010778443113772518,1.0,サンプル不足,0.007537402739040196
v5,distance_ma60,60日移動平均乖離,終値の60日移動平均からの乖離,True,業種,電気機器,1d,1営業日,2,1,1,-0.006795422031473541,-0.006795422031473541,0.0,サンプル不足,0.007537402739040196
v5,distance_ma60,60日移動平均乖離,終値の60日移動平均からの乖離,True,業種,電気機器,1d,1営業日,3,7,7,0.008687633669299474,0.007984031936127733,0.5714285714285714,サンプル不足,0.007537402739040196
v5,distance_ma60,60日移動平均乖離,終値の60日移動平均からの乖離,True,業種,電気機器,1d,1営業日,4,7,7,0.018321142553859828,0.012235933905040852,0.8571428571428571,サンプル不足,0.007537402739040196
v5,distance_ma60,60日移動平均乖離,終値の60日移動平均からの乖離,True,業種,電気機器,1d,1営業日,5,9,9,0.018315845852812714,0.012629161882893314,0.6666666666666666,サンプル不足,0.007537402739040196
v5,distance_ma60,60日移動平均乖離,終値の60日移動平均からの乖離,True,業種,電気機器,3d,3営業日,1,1,1,0.05921490352628078,0.05921490352628078,1.0,サンプル不足,-0.032021269303488906
v5,distance_ma60,60日移動平均乖離,終値の60日移動平均からの乖離,True,業種,電気機器,3d,3営業日,2,1,1,-0.013233190271816908,-0.013233190271816908,0.0,サンプル不足,-0.032021269303488906
v5,distance_ma60,60日移動平均乖離,終値の60日移動平均からの乖離,True,業種,電気機器,3d,3営業日,3,7,7,0.014025209755085508,0.017281728172817257,0.5714285714285714,サンプル不足,-0.032021269303488906
v5,distance_ma60,60日移動平均乖離,終値の60日移動平均からの乖離,True,業種,電気機器,3d,3営業日,4,7,7,0.0596560711876859,0.060835509138381205,0.8571428571428571,サンプル不足,-0.032021269303488906
v5,distance_ma60,60日移動平均乖離,終値の60日移動平均からの乖離,True,業種,電気機器,3d,3営業日,5,9,9,0.027193634222791876,0.07103524229074898,0.6666666666666666,サンプル不足,-0.032021269303488906
v5,distance_ma60,60日移動平均乖離,終値の60日移動平均からの乖離,True,業種,電気機器,5d,5営業日,1,1,1,-0.02035928143712573,-0.02035928143712573,0.0,サンプル不足,-0.046972340976243976
v5,distance_ma60,60日移動平均乖離,終値の60日移動平均からの乖離,True,業種,電気機器,5d,5営業日,2,1,1,-0.01645207439198859,-0.01645207439198859,0.0,サンプル不足,-0.046972340976243976
v5,distance_ma60,60日移動平均乖離,終値の60日移動平均からの乖離,True,業種,電気機器,5d,5営業日,3,7,7,-0.047320787244861405,-0.03870387038703871,0.2857142857142857,サンプル不足,-0.046972340976243976
v5,distance_ma60,60日移動平均乖離,終値の60日移動平均からの乖離,True,業種,電気機器,5d,5営業日,4,7,7,-0.01171302427402359,-0.03965844734111246,0.2857142857142857,サンプル不足,-0.046972340976243976
v5,distance_ma60,60日移動平均乖離,終値の60日移動平均からの乖離,True,業種,電気機器,5d,5営業日,5,9,9,-0.06733162241336971,-0.03772026431718056,0.3333333333333333,サンプル不足,-0.046972340976243976
v5,distance_ma60,60日移動平均乖離,終値の60日移動平均からの乖離,True,業種,非鉄金属,10d,10営業日,1,1,1,-0.03366926248282176,-0.03366926248282176,0.0,サンプル不足,-0.044704721257015634
v5,distance_ma60,60日移動平均乖離,終値の60日移動平均からの乖離,True,業種,非鉄金属,10d,10営業日,2,1,1,-0.0783739837398374,-0.0783739837398374,0.0,サンプル不足,-0.044704721257015634
v5,distance_ma60,60日移動平均乖離,終値の60日移動平均からの乖離,True,業種,非鉄金属,1d,1営業日,1,1,1,0.000916170407695871,0.000916170407695871,1.0,サンプル不足,-0.009046251708508923
v5,distance_ma60,60日移動平均乖離,終値の60日移動平均からの乖離,True,業種,非鉄金属,1d,1営業日,2,1,1,-0.008130081300813052,-0.008130081300813052,0.0,サンプル不足,-0.009046251708508923
v5,distance_ma60,60日移動平均乖離,終値の60日移動平均からの乖離,True,業種,非鉄金属,3d,3営業日,1,1,1,0.22194228126431526,0.22194228126431526,1.0,サンプル不足,-0.12438130565455907
v5,distance_ma60,60日移動平均乖離,終値の60日移動平均からの乖離,True,業種,非鉄金属,3d,3営業日,2,1,1,0.09756097560975618,0.09756097560975618,1.0,サンプル不足,-0.12438130565455907
v5,distance_ma60,60日移動平均乖離,終値の60日移動平均からの乖離,True,業種,非鉄金属,5d,5営業日,1,1,1,0.06115437471369667,0.06115437471369667,1.0,サンプル不足,-0.06725193568930643
v5,distance_ma60,60日移動平均乖離,終値の60日移動平均からの乖離,True,業種,非鉄金属,5d,5営業日,2,1,1,-0.0060975609756097615,-0.0060975609756097615,0.0,サンプル不足,-0.06725193568930643
v5,distance_ma60,60日移動平均乖離,終値の60日移動平均からの乖離,True,業種,食料品,10d,10営業日,1,1,1,0.15636704119850187,0.15636704119850187,1.0,サンプル不足,0.0
v5,distance_ma60,60日移動平均乖離,終値の60日移動平均からの乖離,True,業種,食料品,1d,1営業日,1,1,1,0.08370786516853923,0.08370786516853923,1.0,サンプル不足,0.0
v5,distance_ma60,60日移動平均乖離,終値の60日移動平均からの乖離,True,業種,食料品,3d,3営業日,1,1,1,0.15355805243445686,0.15355805243445686,1.0,サンプル不足,0.0
v5,distance_ma60,60日移動平均乖離,終値の60日移動平均からの乖離,True,業種,食料品,5d,5営業日,1,1,1,0.02621722846441954,0.02621722846441954,1.0,サンプル不足,0.0
v5,return_120d,120日モメンタム,120営業日の騰落率,True,全体,全体,10d,10営業日,1,20,20,-0.023226121150371787,-0.01971764751046101,0.35,サンプル不足,0.0809725835736011
v5,return_120d,120日モメンタム,120営業日の騰落率,True,全体,全体,10d,10営業日,2,20,20,-0.008397197888618558,-0.013027136409327178,0.2,サンプル不足,0.0809725835736011
v5,return_120d,120日モメンタム,120営業日の騰落率,True,全体,全体,10d,10営業日,3,20,20,-0.004699689491849224,-0.0093536550920717,0.4,サンプル不足,0.0809725835736011
v5,return_120d,120日モメンタム,120営業日の騰落率,True,全体,全体,10d,10営業日,4,20,20,-0.023420111839356227,-0.012176387136746292,0.45,サンプル不足,0.0809725835736011
v5,return_120d,120日モメンタム,120営業日の騰落率,True,全体,全体,10d,10営業日,5,20,20,0.057746462423229304,0.01760935119450255,0.6,サンプル不足,0.0809725835736011
v5,return_120d,120日モメンタム,120営業日の騰落率,True,全体,全体,1d,1営業日,1,20,20,-0.006346947127051246,-0.004047284676959084,0.35,サンプル不足,0.06177155381531148
v5,return_120d,120日モメンタム,120営業日の騰落率,True,全体,全体,1d,1営業日,2,20,20,0.007068199447986217,0.013057933213327932,0.6,サンプル不足,0.06177155381531148
v5,return_120d,120日モメンタム,120営業日の騰落率,True,全体,全体,1d,1営業日,3,20,20,0.022181637629739303,0.013632682050447764,0.6,サンプル不足,0.06177155381531148
v5,return_120d,120日モメンタム,120営業日の騰落率,True,全体,全体,1d,1営業日,4,20,20,-0.01350293734544646,-0.007543301519971735,0.4,サンプル不足,0.06177155381531148
v5,return_120d,120日モメンタム,120営業日の騰落率,True,全体,全体,1d,1営業日,5,20,20,0.055424606688260235,0.043909577193358085,0.85,サンプル不足,0.06177155381531148
v5,return_120d,120日モメンタム,120営業日の騰落率,True,全体,全体,3d,3営業日,1,20,20,-0.015641840843514585,-0.012988530247391532,0.35,サンプル不足,0.10885442206063034
v5,return_120d,120日モメンタム,120営業日の騰落率,True,全体,全体,3d,3営業日,2,20,20,0.012604419940505002,0.014209756906145676,0.65,サンプル不足,0.10885442206063034
v5,return_120d,120日モメンタム,120営業日の騰落率,True,全体,全体,3d,3営業日,3,20,20,0.05230084262931124,0.06102999946714982,0.7,サンプル不足,0.10885442206063034
v5,return_120d,120日モメンタム,120営業日の騰落率,True,全体,全体,3d,3営業日,4,20,20,0.025978521438943185,0.04523228803716603,0.7,サンプル不足,0.10885442206063034
v5,return_120d,120日モメンタム,120営業日の騰落率,True,全体,全体,3d,3営業日,5,20,20,0.09321258121711576,0.10495111072990826,0.85,サンプル不足,0.10885442206063034
v5,return_120d,120日モメンタム,120営業日の騰落率,True,全体,全体,5d,5営業日,1,20,20,-0.030551972559615677,-0.028108936309072033,0.2,サンプル不足,0.042451362622341456
v5,return_120d,120日モメンタム,120営業日の騰落率,True,全体,全体,5d,5営業日,2,20,20,-0.02050271490991596,-0.0213706211046637,0.2,サンプル不足,0.042451362622341456
v5,return_120d,120日モメンタム,120営業日の騰落率,True,全体,全体,5d,5営業日,3,20,20,-0.012787287498889669,-0.005016451750412931,0.45,サンプル不足,0.042451362622341456
v5,return_120d,120日モメンタム,120営業日の騰落率,True,全体,全体,5d,5営業日,4,20,20,-0.04220060060289663,-0.02789465400556107,0.25,サンプル不足,0.042451362622341456
v5,return_120d,120日モメンタム,120営業日の騰落率,True,全体,全体,5d,5営業日,5,20,20,0.011899390062725779,0.012558646825103437,0.55,サンプル不足,0.042451362622341456
v5,return_120d,120日モメンタム,120営業日の騰落率,True,業種,その他金融業,10d,10営業日,2,1,1,-0.05977272727272731,-0.05977272727272731,0.0,サンプル不足,0.0
v5,return_120d,120日モメンタム,120営業日の騰落率,True,業種,その他金融業,1d,1営業日,2,1,1,0.02659090909090911,0.02659090909090911,1.0,サンプル不足,0.0
v5,return_120d,120日モメンタム,120営業日の騰落率,True,業種,その他金融業,3d,3営業日,2,1,1,-0.020454545454545503,-0.020454545454545503,0.0,サンプル不足,0.0
v5,return_120d,120日モメンタム,120営業日の騰落率,True,業種,その他金融業,5d,5営業日,2,1,1,-0.08386363636363636,-0.08386363636363636,0.0,サンプル不足,0.0
v5,return_120d,120日モメンタム,120営業日の騰落率,True,業種,ガラス・土石製品,10d,10営業日,3,2,2,-0.03987546107206179,-0.03987546107206179,0.0,サンプル不足,-0.03544729992334017
v5,return_120d,120日モメンタム,120営業日の騰落率,True,業種,ガラス・土石製品,10d,10営業日,5,2,2,-0.07532276099540196,-0.07532276099540196,0.0,サンプル不足,-0.03544729992334017
v5,return_120d,120日モメンタム,120営業日の騰落率,True,業種,ガラス・土石製品,1d,1営業日,3,2,2,-0.008257642318895616,-0.008257642318895616,0.0,サンプル不足,0.11886339010858062
v5,return_120d,120日モメンタム,120営業日の騰落率,True,業種,ガラス・土石製品,1d,1営業日,5,2,2,0.110605747789685,0.110605747789685,1.0,サンプル不足,0.11886339010858062
v5,return_120d,120日モメンタム,120営業日の騰落率,True,業種,ガラス・土石製品,3d,3営業日,3,2,2,-0.010689253261144815,-0.010689253261144815,0.0,サンプル不足,0.13451307037275662
v5,return_120d,120日モメンタム,120営業日の騰落率,True,業種,ガラス・土石製品,3d,3営業日,5,2,2,0.1238238171116118,0.1238238171116118,1.0,サンプル不足,0.13451307037275662
v5,return_120d,120日モメンタム,120営業日の騰落率,True,業種,ガラス・土石製品,5d,5営業日,3,2,2,-0.03213152822631714,-0.03213152822631714,0.0,サンプル不足,0.15737614662162042
v5,return_120d,120日モメンタム,120営業日の騰落率,True,業種,ガラス・土石製品,5d,5営業日,5,2,2,0.1252446183953033,0.1252446183953033,0.5,サンプル不足,0.15737614662162042
v5,return_120d,120日モメンタム,120営業日の騰落率,True,業種,サービス業,10d,10営業日,1,4,4,0.018168645704505555,0.011923822844558254,0.75,サンプル不足,0.004623377087517304
v5,return_120d,120日モメンタム,120営業日の騰落率,True,業種,サービス業,10d,10営業日,2,1,1,-0.012747552925108097,-0.012747552925108097,0.0,サンプル不足,0.004623377087517304
v5,return_120d,120日モメンタム,120営業日の騰落率,True,業種,サービス業,10d,10営業日,3,1,1,0.02279202279202286,0.02279202279202286,1.0,サンプル不足,0.004623377087517304
v5,return_120d,120日モメンタム,120営業日の騰落率,True,業種,サービス業,1d,1営業日,1,4,4,0.0052874296385796975,-0.007750578032081889,0.25,サンプル不足,-0.03320765755880767
v5,return_120d,120日モメンタム,120営業日の騰落率,True,業種,サービス業,1d,1営業日,2,1,1,0.017072615524698298,0.017072615524698298,1.0,サンプル不足,-0.03320765755880767
v5,return_120d,120日モメンタム,120営業日の騰落率,True,業種,サービス業,1d,1営業日,3,1,1,-0.02792022792022797,-0.02792022792022797,0.0,サンプル不足,-0.03320765755880767
v5,return_120d,120日モメンタム,120営業日の騰落率,True,業種,サービス業,3d,3営業日,1,4,4,0.005407970256665406,0.0017362982515640906,0.5,サンプル不足,0.14217037732168225
v5,return_120d,120日モメンタム,120営業日の騰落率,True,業種,サービス業,3d,3営業日,2,1,1,0.01411336216708392,0.01411336216708392,1.0,サンプル不足,0.14217037732168225
v5,return_120d,120日モメンタム,120営業日の騰落率,True,業種,サービス業,3d,3営業日,3,1,1,0.14757834757834765,0.14757834757834765,1.0,サンプル不足,0.14217037732168225
v5,return_120d,120日モメンタム,120営業日の騰落率,True,業種,サービス業,5d,5営業日,1,4,4,-0.0015953123997845126,-0.008504903700626577,0.5,サンプル不足,0.06142437222884435
v5,return_120d,120日モメンタム,120営業日の騰落率,True,業種,サービス業,5d,5営業日,2,1,1,0.013202822672433445,0.013202822672433445,1.0,サンプル不足,0.06142437222884435
v5,return_120d,120日モメンタム,120営業日の騰落率,True,業種,サービス業,5d,5営業日,3,1,1,0.05982905982905984,0.05982905982905984,1.0,サンプル不足,0.06142437222884435
v5,return_120d,120日モメンタム,120営業日の騰落率,True,業種,パルプ・紙,10d,10営業日,5,1,1,0.032064128256513,0.032064128256513,1.0,サンプル不足,0.0
v5,return_120d,120日モメンタム,120営業日の騰落率,True,業種,パルプ・紙,1d,1営業日,5,1,1,0.066132264529058,0.066132264529058,1.0,サンプル不足,0.0
v5,return_120d,120日モメンタム,120営業日の騰落率,True,業種,パルプ・紙,3d,3営業日,5,1,1,0.0220440881763526,0.0220440881763526,1.0,サンプル不足,0.0
v5,return_120d,120日モメンタム,120営業日の騰落率,True,業種,パルプ・紙,5d,5営業日,5,1,1,-0.0420841683366733,-0.0420841683366733,0.0,サンプル不足,0.0
v5,return_120d,120日モメンタム,120営業日の騰落率,True,業種,不動産業,10d,10営業日,1,1,1,-0.09090909090909094,-0.09090909090909094,0.0,サンプル不足,0.2504835589941973
v5,return_120d,120日モメンタム,120営業日の騰落率,True,業種,不動産業,10d,10営業日,2,1,1,0.15957446808510634,0.15957446808510634,1.0,サンプル不足,0.2504835589941973
v5,return_120d,120日モメンタム,120営業日の騰落率,True,業種,不動産業,1d,1営業日,1,1,1,-0.09090909090909094,-0.09090909090909094,0.0,サンプル不足,0.06963249516441006
v5,return_120d,120日モメンタム,120営業日の騰落率,True,業種,不動産業,1d,1営業日,2,1,1,-0.021276595744680882,-0.021276595744680882,0.0,サンプル不足,0.06963249516441006
v5,return_120d,120日モメンタム,120営業日の騰落率,True,業種,不動産業,3d,3営業日,1,1,1,-0.09090909090909094,-0.09090909090909094,0.0,サンプル不足,0.04835589941972929
v5,return_120d,120日モメンタム,120営業日の騰落率,True,業種,不動産業,3d,3営業日,2,1,1,-0.04255319148936165,-0.04255319148936165,0.0,サンプル不足,0.04835589941972929
v5,return_120d,120日モメンタム,120営業日の騰落率,True,業種,不動産業,5d,5営業日,1,1,1,-0.09090909090909094,-0.09090909090909094,0.0,サンプル不足,0.06963249516441006
v5,return_120d,120日モメンタム,120営業日の騰落率,True,業種,不動産業,5d,5営業日,2,1,1,-0.021276595744680882,-0.021276595744680882,0.0,サンプル不足,0.06963249516441006
v5,return_120d,120日モメンタム,120営業日の騰落率,True,業種,保険業,10d,10営業日,1,1,1,-0.06056616194865039,-0.06056616194865039,0.0,サンプル不足,0.05945071298044069
v5,return_120d,120日モメンタム,120営業日の騰落率,True,業種,保険業,10d,10営業日,2,1,1,-0.001115448968209698,-0.001115448968209698,0.0,サンプル不足,0.05945071298044069
v5,return_120d,120日モメンタム,120営業日の騰落率,True,業種,保険業,1d,1営業日,1,1,1,0.006802721088435382,0.006802721088435382,1.0,サンプル不足,0.008534702224447965
v5,return_120d,120日モメンタム,120営業日の騰落率,True,業種,保険業,1d,1営業日,2,1,1,0.015337423312883347,0.015337423312883347,1.0,サンプル不足,0.008534702224447965
v5,return_120d,120日モメンタム,120営業日の騰落率,True,業種,保険業,3d,3営業日,1,1,1,0.01821373710774643,0.01821373710774643,1.0,サンプル不足,0.004931828982605024
v5,return_120d,120日モメンタム,120営業日の騰落率,True,業種,保険業,3d,3営業日,2,1,1,0.023145566090351455,0.023145566090351455,1.0,サンプル不足,0.004931828982605024
v5,return_120d,120日モメンタム,120営業日の騰落率,True,業種,保険業,5d,5営業日,1,1,1,-0.023480359885889812,-0.023480359885889812,0.0,サンプル不足,-0.012771731580925594
v5,return_120d,120日モメンタム,120営業日の騰落率,True,業種,保険業,5d,5営業日,2,1,1,-0.036252091466815406,-0.036252091466815406,0.0,サンプル不足,-0.012771731580925594
v5,return_120d,120日モメンタム,120営業日の騰落率,True,業種,化学,10d,10営業日,1,3,3,-0.017071890406869888,-0.021929824561403466,0.3333333333333333,サンプル不足,-0.04580627127274657
v5,return_120d,120日モメンタム,120営業日の騰落率,True,業種,化学,10d,10営業日,2,1,1,-0.0041899441340782495,-0.0041899441340782495,0.0,サンプル不足,-0.04580627127274657
v5,return_120d,120日モメンタム,120営業日の騰落率,True,業種,化学,10d,10営業日,3,1,1,-0.03841568419658237,-0.03841568419658237,0.0,サンプル不足,-0.04580627127274657
v5,return_120d,120日モメンタム,120営業日の騰落率,True,業種,化学,10d,10営業日,4,2,2,-0.06287816167961646,-0.06287816167961646,0.0,サンプル不足,-0.04580627127274657
v5,return_120d,120日モメンタム,120営業日の騰落率,True,業種,化学,1d,1営業日,1,3,3,-0.004814490651255536,-0.013010273173576503,0.3333333333333333,サンプル不足,0.026051058679028776
v5,return_120d,120日モメンタム,120営業日の騰落率,True,業種,化学,1d,1営業日,2,1,1,-0.003351955307262622,-0.003351955307262622,0.0,サンプル不足,0.026051058679028776
v5,return_120d,120日モメンタム,120営業日の騰落率,True,業種,化学,1d,1営業日,3,1,1,-0.011922108888594463,-0.011922108888594463,0.0,サンプル不足,0.026051058679028776
v5,return_120d,120日モメンタム,120営業日の騰落率,True,業種,化学,1d,1営業日,4,2,2,0.02123656802777324,0.02123656802777324,0.5,サンプル不足,0.026051058679028776
v5,return_120d,120日モメンタム,120営業日の騰落率,True,業種,化学,3d,3営業日,1,3,3,-0.02508881199398279,-0.03552631578947374,0.0,サンプル不足,0.06713047177245858
v5,return_120d,120日モメンタム,120営業日の騰落率,True,業種,化学,3d,3営業日,2,1,1,0.01871508379888276,0.01871508379888276,1.0,サンプル不足,0.06713047177245858
v5,return_120d,120日モメンタム,120営業日の騰落率,True,業種,化学,3d,3営業日,3,1,1,-0.03205722612266526,-0.03205722612266526,0.0,サンプル不足,0.06713047177245858
v5,return_120d,120日モメンタム,120営業日の騰落率,True,業種,化学,3d,3営業日,4,2,2,0.04204165977847579,0.04204165977847579,0.5,サンプル不足,0.06713047177245858
v5,return_120d,120日モメンタム,120営業日の騰落率,True,業種,化学,5d,5営業日,1,3,3,-0.04241459311838336,-0.047368421052631615,0.0,サンプル不足,0.0330171720570509
v5,return_120d,120日モメンタム,120営業日の騰落率,True,業種,化学,5d,5営業日,2,1,1,0.003351955307262511,0.003351955307262511,1.0,サンプル不足,0.0330171720570509
v5,return_120d,120日モメンタム,120営業日の騰落率,True,業種,化学,5d,5営業日,3,1,1,-0.05947807656643267,-0.05947807656643267,0.0,サンプル不足,0.0330171720570509
v5,return_120d,120日モメンタム,120営業日の騰落率,True,業種,化学,5d,5営業日,4,2,2,-0.009397421061332456,-0.009397421061332456,0.5,サンプル不足,0.0330171720570509
v5,return_120d,120日モメンタム,120営業日の騰落率,True,業種,卸売業,10d,10営業日,1,1,1,-0.0235674676524954,-0.0235674676524954,0.0,サンプル不足,0.08022902967393486
v5,return_120d,120日モメンタム,120営業日の騰落率,True,業種,卸売業,10d,10営業日,3,1,1,0.05666156202143946,0.05666156202143946,1.0,サンプル不足,0.08022902967393486
v5,return_120d,120日モメンタム,120営業日の騰落率,True,業種,卸売業,1d,1営業日,1,1,1,-0.0009242144177449285,-0.0009242144177449285,0.0,サンプル不足,0.03920905362142035
v5,return_120d,120日モメンタム,120営業日の騰落率,True,業種,卸売業,1d,1営業日,3,1,1,0.038284839203675425,0.038284839203675425,1.0,サンプル不足,0.03920905362142035
v5,return_120d,120日モメンタム,120営業日の騰落率,True,業種,卸売業,3d,3営業日,1,1,1,-0.01802218114602583,-0.01802218114602583,0.0,サンプル不足,0.10224882739411167
v5,return_120d,120日モメンタム,120営業日の騰落率,True,業種,卸売業,3d,3営業日,3,1,1,0.08422664624808585,0.08422664624808585,1.0,サンプル不足,0.10224882739411167
v5,return_120d,120日モメンタム,120営業日の騰落率,True,業種,卸売業,5d,5営業日,1,1,1,-0.008317929759704246,-0.008317929759704246,0.0,サンプル不足,0.040477194690791585
v5,return_120d,120日モメンタム,120営業日の騰落率,True,業種,卸売業,5d,5営業日,3,1,1,0.03215926493108734,0.03215926493108734,1.0,サンプル不足,0.040477194690791585
v5,return_120d,120日モメンタム,120営業日の騰落率,True,業種,小売業,10d,10営業日,1,2,2,-0.008752735229759279,-0.008752735229759279,0.0,サンプル不足,0.04158101805804215
v5,return_120d,120日モメンタム,120営業日の騰落率,True,業種,小売業,10d,10営業日,2,1,1,0.03282828282828287,0.03282828282828287,1.0,サンプル不足,0.04158101805804215
v5,return_120d,120日モメンタム,120営業日の騰落率,True,業種,小売業,1d,1営業日,1,2,2,-0.0026258205689277947,-0.0026258205689277947,0.0,サンプル不足,0.044292487235594535
v5,return_120d,120日モメンタム,120営業日の騰落率,True,業種,小売業,1d,1営業日,2,1,1,0.04166666666666674,0.04166666666666674,1.0,サンプル不足,0.044292487235594535
v5,return_120d,120日モメンタム,120営業日の騰落率,True,業種,小売業,3d,3営業日,1,2,2,-0.01893407781885858,-0.01893407781885858,0.0,サンプル不足,0.04418660307138388
v5,return_120d,120日モメンタム,120営業日の騰落率,True,業種,小売業,3d,3営業日,2,1,1,0.025252525252525304,0.025252525252525304,1.0,サンプル不足,0.04418660307138388
v5,return_120d,120日モメンタム,120営業日の騰落率,True,業種,小売業,5d,5営業日,1,2,2,-0.042763902512638605,-0.042763902512638605,0.0,サンプル不足,0.021299256047992085
v5,return_120d,120日モメンタム,120営業日の騰落率,True,業種,小売業,5d,5営業日,2,1,1,-0.02146464646464652,-0.02146464646464652,0.0,サンプル不足,0.021299256047992085
v5,return_120d,120日モメンタム,120営業日の騰落率,True,業種,建設業,10d,10営業日,1,2,2,-0.08126967165410691,-0.08126967165410691,0.5,サンプル不足,0.0
v5,return_120d,120日モメンタム,120営業日の騰落率,True,業種,建設業,1d,1営業日,1,2,2,0.0032556912820974997,0.0032556912820974997,0.5,サンプル不足,0.0
v5,return_120d,120日モメンタム,120営業日の騰落率,True,業種,建設業,3d,3営業日,1,2,2,-0.048379760137671174,-0.048379760137671174,0.5,サンプル不足,0.0
v5,return_120d,120日モメンタム,120営業日の騰落率,True,業種,建設業,5d,5営業日,1,2,2,-0.04495695481667489,-0.04495695481667489,0.5,サンプル不足,0.0
v5,return_120d,120日モメンタム,120営業日の騰落率,True,業種,情報・通信業,10d,10営業日,2,1,1,-0.16524638755094478,-0.16524638755094478,0.0,サンプル不足,-0.013541491236934017
v5,return_120d,120日モメンタム,120営業日の騰落率,True,業種,情報・通信業,10d,10営業日,3,3,3,-0.06553885013475158,-0.04340704340704338,0.0,サンプル不足,-0.013541491236934017
v5,return_120d,120日モメンタム,120営業日の騰落率,True,業種,情報・通信業,10d,10営業日,4,1,1,-0.1787878787878788,-0.1787878787878788,0.0,サンプル不足,-0.013541491236934017
v5,return_120d,120日モメンタム,120営業日の騰落率,True,業種,情報・通信業,1d,1営業日,2,1,1,-0.07076695072248984,-0.07076695072248984,0.0,サンプル不足,-0.08074820079266165
v5,return_120d,120日モメンタム,120営業日の騰落率,True,業種,情報・通信業,1d,1営業日,3,3,3,0.04884143440009206,0.04491279069767451,0.6666666666666666,サンプル不足,-0.08074820079266165
v5,return_120d,120日モメンタム,120営業日の騰落率,True,業種,情報・通信業,1d,1営業日,4,1,1,-0.1515151515151515,-0.1515151515151515,0.0,サンプル不足,-0.08074820079266165
v5,return_120d,120日モメンタム,120営業日の騰落率,True,業種,情報・通信業,3d,3営業日,2,1,1,-0.048165987402741806,-0.048165987402741806,0.0,サンプル不足,-0.2215309822942278
v5,return_120d,120日モメンタム,120営業日の騰落率,True,業種,情報・通信業,3d,3営業日,3,3,3,0.07018010254828123,0.052906976744186096,0.6666666666666666,サンプル不足,-0.2215309822942278
v5,return_120d,120日モメンタム,120営業日の騰落率,True,業種,情報・通信業,3d,3営業日,4,1,1,-0.2696969696969696,-0.2696969696969696,0.0,サンプル不足,-0.2215309822942278
v5,return_120d,120日モメンタム,120営業日の騰落率,True,業種,情報・通信業,5d,5営業日,2,1,1,-0.09596146721007781,-0.09596146721007781,0.0,サンプル不足,-0.1434324721838615
v5,return_120d,120日モメンタム,120営業日の騰落率,True,業種,情報・通信業,5d,5営業日,3,3,3,-0.003776913544067615,-0.0308030803080308,0.3333333333333333,サンプル不足,-0.1434324721838615
v5,return_120d,120日モメンタム,120営業日の騰落率,True,業種,情報・通信業,5d,5営業日,4,1,1,-0.2393939393939393,-0.2393939393939393,0.0,サンプル不足,-0.1434324721838615
v5,return_120d,120日モメンタム,120営業日の騰落率,True,業種,機械,10d,10営業日,1,2,2,-0.0733876293198327,-0.0733876293198327,0.0,サンプル不足,0.27340437481613267
v5,return_120d,120日モメンタム,120営業日の騰落率,True,業種,機械,10d,10営業日,2,3,3,0.003196490897512741,-0.0020366598778004,0.3333333333333333,サンプル不足,0.27340437481613267
v5,return_120d,120日モメンタム,120営業日の騰落率,True,業種,機械,10d,10営業日,3,1,1,0.14935064935064934,0.14935064935064934,1.0,サンプル不足,0.27340437481613267
v5,return_120d,120日モメンタム,120営業日の騰落率,True,業種,機械,10d,10営業日,4,4,4,0.011824349189539587,0.03978291953724167,0.75,サンプル不足,0.27340437481613267
v5,return_120d,120日モメンタム,120営業日の騰落率,True,業種,機械,10d,10営業日,5,3,3,0.20001674549629997,0.0020544427324087,0.6666666666666666,サンプル不足,0.27340437481613267
v5,return_120d,120日モメンタム,120営業日の騰落率,True,業種,機械,1d,1営業日,1,2,2,-0.013988553819062211,-0.013988553819062211,0.5,サンプル不足,0.07885450210178079
v5,return_120d,120日モメンタム,120営業日の騰落率,True,業種,機械,1d,1営業日,2,3,3,0.01172704937483828,0.0022222222222221255,0.6666666666666666,サンプル不足,0.07885450210178079
v5,return_120d,120日モメンタム,120営業日の騰落率,True,業種,機械,1d,1営業日,3,1,1,0.08116883116883122,0.08116883116883122,1.0,サンプル不足,0.07885450210178079
v5,return_120d,120日モメンタム,120営業日の騰落率,True,業種,機械,1d,1営業日,4,4,4,-0.0220203435095001,-0.029485785303712885,0.25,サンプル不足,0.07885450210178079
v5,return_120d,120日モメンタム,120営業日の騰落率,True,業種,機械,1d,1営業日,5,3,3,0.06486594828271858,0.0107858243451464,0.6666666666666666,サンプル不足,0.07885450210178079
v5,return_120d,120日モメンタム,120営業日の騰落率,True,業種,機械,3d,3営業日,1,2,2,-0.0037420206911731486,-0.0037420206911731486,0.5,サンプル不足,0.1107645057383389
v5,return_120d,120日モメンタム,120営業日の騰落率,True,業種,機械,3d,3営業日,2,3,3,0.022996068802909535,0.014306151645207432,1.0,サンプル不足,0.1107645057383389
v5,return_120d,120日モメンタム,120営業日の騰落率,True,業種,機械,3d,3営業日,3,1,1,0.14935064935064934,0.14935064935064934,1.0,サンプル不足,0.1107645057383389
v5,return_120d,120日モメンタム,120営業日の騰落率,True,業種,機械,3d,3営業日,4,4,4,0.059675967811333296,0.0770331676246698,0.75,サンプル不足,0.1107645057383389
v5,return_120d,120日モメンタム,120営業日の騰落率,True,業種,機械,3d,3営業日,5,3,3,0.10702248504716576,0.11398963730569944,1.0,サンプル不足,0.1107645057383389
v5,return_120d,120日モメンタム,120営業日の騰落率,True,業種,機械,5d,5営業日,1,2,2,-0.04761171032357473,-0.04761171032357473,0.0,サンプル不足,0.10936591907072177
v5,return_120d,120日モメンタム,120営業日の騰落率,True,業種,機械,5d,5営業日,2,3,3,-0.02070801691615833,-0.0251188051595383,0.3333333333333333,サンプル不足,0.10936591907072177
v5,return_120d,120日モメンタム,120営業日の騰落率,True,業種,機械,5d,5営業日,3,1,1,0.02759740259740262,0.02759740259740262,1.0,サンプル不足,0.10936591907072177
v5,return_120d,120日モメンタム,120営業日の騰落率,True,業種,機械,5d,5営業日,4,4,4,-0.0325591859851721,-0.020899701343952172,0.0,サンプル不足,0.10936591907072177
v5,return_120d,120日モメンタム,120営業日の騰落率,True,業種,機械,5d,5営業日,5,3,3,0.061754208747147044,0.0724191063174113,1.0,サンプル不足,0.10936591907072177
v5,return_120d,120日モメンタム,120営業日の騰落率,True,業種,精密機器,10d,10営業日,1,1,1,-0.09425406950794635,-0.09425406950794635,0.0,サンプル不足,0.40398858278228267
v5,return_120d,120日モメンタム,120営業日の騰落率,True,業種,精密機器,10d,10営業日,3,1,1,-0.04469763365468882,-0.04469763365468882,0.0,サンプル不足,0.40398858278228267
v5,return_120d,120日モメンタム,120営業日の騰落率,True,業種,精密機器,10d,10営業日,4,4,4,0.011296285309659898,0.013871450127141027,0.5,サンプル不足,0.40398858278228267
v5,return_120d,120日モメンタム,120営業日の騰落率,True,業種,精密機器,10d,10営業日,5,1,1,0.3097345132743363,0.3097345132743363,1.0,サンプル不足,0.40398858278228267
v5,return_120d,120日モメンタム,120営業日の騰落率,True,業種,精密機器,1d,1営業日,1,1,1,-0.027343811374313298,-0.027343811374313298,0.0,サンプル不足,0.17483643674304494
v5,return_120d,120日モメンタム,120営業日の騰落率,True,業種,精密機器,1d,1営業日,3,1,1,0.019281332164767795,0.019281332164767795,1.0,サンプル不足,0.17483643674304494
v5,return_120d,120日モメンタム,120営業日の騰落率,True,業種,精密機器,1d,1営業日,4,4,4,-0.002715321609178839,-0.024835236831439067,0.25,サンプル不足,0.17483643674304494
v5,return_120d,120日モメンタム,120営業日の騰落率,True,業種,精密機器,1d,1営業日,5,1,1,0.14749262536873164,0.14749262536873164,1.0,サンプル不足,0.17483643674304494
v5,return_120d,120日モメンタム,120営業日の騰落率,True,業種,精密機器,3d,3営業日,1,1,1,-0.040625055161111145,-0.040625055161111145,0.0,サンプル不足,0.29431237079532946
v5,return_120d,120日モメンタム,120営業日の騰落率,True,業種,精密機器,3d,3営業日,3,1,1,0.07668711656441718,0.07668711656441718,1.0,サンプル不足,0.29431237079532946
v5,return_120d,120日モメンタム,120営業日の騰落率,True,業種,精密機器,3d,3営業日,4,4,4,0.034264525557459846,0.025688702119063156,0.75,サンプル不足,0.29431237079532946
v5,return_120d,120日モメンタム,120営業日の騰落率,True,業種,精密機器,3d,3営業日,5,1,1,0.2536873156342183,0.2536873156342183,1.0,サンプル不足,0.29431237079532946
v5,return_120d,120日モメンタム,120営業日の騰落率,True,業種,精密機器,5d,5営業日,1,1,1,-0.07031254697786937,-0.07031254697786937,0.0,サンプル不足,0.24877862367403458
v5,return_120d,120日モメンタム,120営業日の騰落率,True,業種,精密機器,5d,5営業日,3,1,1,0.014899211218229569,0.014899211218229569,1.0,サンプル不足,0.24877862367403458
v5,return_120d,120日モメンタム,120営業日の騰落率,True,業種,精密機器,5d,5営業日,4,4,4,0.002471879855865805,-0.009129142535977852,0.5,サンプル不足,0.24877862367403458
v5,return_120d,120日モメンタム,120営業日の騰落率,True,業種,精密機器,5d,5営業日,5,1,1,0.1784660766961652,0.1784660766961652,1.0,サンプル不足,0.24877862367403458
v5,return_120d,120日モメンタム,120営業日の騰落率,True,業種,証券、商品先物取引業,10d,10営業日,1,2,2,0.0035022234893509196,0.0035022234893509196,0.5,サンプル不足,0.0
v5,return_120d,120日モメンタム,120営業日の騰落率,True,業種,証券、商品先物取引業,1d,1営業日,1,2,2,0.0014850057824656315,0.0014850057824656315,0.5,サンプル不足,0.0
v5,return_120d,120日モメンタム,120営業日の騰落率,True,業種,証券、商品先物取引業,3d,3営業日,1,2,2,0.000757722726751453,0.000757722726751453,0.5,サンプル不足,0.0
v5,return_120d,120日モメンタム,120営業日の騰落率,True,業種,証券、商品先物取引業,5d,5営業日,1,2,2,-0.02340457002356927,-0.02340457002356927,0.0,サンプル不足,0.0
v5,return_120d,120日モメンタム,120営業日の騰落率,True,業種,輸送用機器,10d,10営業日,2,2,2,0.05852818776010099,0.05852818776010099,0.5,サンプル不足,-0.1124607720297639
v5,return_120d,120日モメンタム,120営業日の騰落率,True,業種,輸送用機器,10d,10営業日,4,1,1,-0.2735674676524954,-0.2735674676524954,0.0,サンプル不足,-0.1124607720297639
v5,return_120d,120日モメンタム,120営業日の騰落率,True,業種,輸送用機器,10d,10営業日,5,1,1,-0.0539325842696629,-0.0539325842696629,0.0,サンプル不足,-0.1124607720297639
v5,return_120d,120日モメンタム,120営業日の騰落率,True,業種,輸送用機器,1d,1営業日,2,2,2,0.0016293412649812655,0.0016293412649812655,0.5,サンプル不足,0.07028077109456914
v5,return_120d,120日モメンタム,120営業日の騰落率,True,業種,輸送用機器,1d,1営業日,4,1,1,-0.17467652495378927,-0.17467652495378927,0.0,サンプル不足,0.07028077109456914
v5,return_120d,120日モメンタム,120営業日の騰落率,True,業種,輸送用機器,1d,1営業日,5,1,1,0.0719101123595504,0.0719101123595504,1.0,サンプル不足,0.07028077109456914
v5,return_120d,120日モメンタム,120営業日の騰落率,True,業種,輸送用機器,3d,3営業日,2,2,2,0.05296575370590895,0.05296575370590895,0.5,サンプル不足,0.048157841799709056
v5,return_120d,120日モメンタム,120営業日の騰落率,True,業種,輸送用機器,3d,3営業日,4,1,1,-0.10258780036968573,-0.10258780036968573,0.0,サンプル不足,0.048157841799709056
v5,return_120d,120日モメンタム,120営業日の騰落率,True,業種,輸送用機器,3d,3営業日,5,1,1,0.101123595505618,0.101123595505618,1.0,サンプル不足,0.048157841799709056
v5,return_120d,120日モメンタム,120営業日の騰落率,True,業種,輸送用機器,5d,5営業日,2,2,2,0.07888569214756147,0.07888569214756147,0.5,サンプル不足,-0.06090816405767377
v5,return_120d,120日モメンタム,120営業日の騰落率,True,業種,輸送用機器,5d,5営業日,4,1,1,-0.2541589648798521,-0.2541589648798521,0.0,サンプル不足,-0.06090816405767377
v5,return_120d,120日モメンタム,120営業日の騰落率,True,業種,輸送用機器,5d,5営業日,5,1,1,0.0179775280898877,0.0179775280898877,1.0,サンプル不足,-0.06090816405767377
v5,return_120d,120日モメンタム,120営業日の騰落率,True,業種,金属製品,10d,10営業日,3,1,1,-0.007110208227526615,-0.007110208227526615,0.0,サンプル不足,0.21422101136050542
v5,return_120d,120日モメンタム,120営業日の騰落率,True,業種,金属製品,10d,10営業日,4,1,1,-0.12493120528343427,-0.12493120528343427,0.0,サンプル不足,0.21422101136050542
v5,return_120d,120日モメンタム,120営業日の騰落率,True,業種,金属製品,10d,10営業日,5,2,2,0.2071108031329788,0.2071108031329788,1.0,サンプル不足,0.21422101136050542
v5,return_120d,120日モメンタム,120営業日の騰落率,True,業種,金属製品,1d,1営業日,3,1,1,0.06424581005586583,0.06424581005586583,1.0,サンプル不足,0.024995753014706565
v5,return_120d,120日モメンタム,120営業日の騰落率,True,業種,金属製品,1d,1営業日,4,1,1,-0.012658227848101222,-0.012658227848101222,0.0,サンプル不足,0.024995753014706565
v5,return_120d,120日モメンタム,120営業日の騰落率,True,業種,金属製品,1d,1営業日,5,2,2,0.08924156307057239,0.08924156307057239,1.0,サンプル不足,0.024995753014706565
v5,return_120d,120日モメンタム,120営業日の騰落率,True,業種,金属製品,3d,3営業日,3,1,1,0.07745048247841546,0.07745048247841546,1.0,サンプル不足,0.11705667191223468
v5,return_120d,120日モメンタム,120営業日の騰落率,True,業種,金属製品,3d,3営業日,4,1,1,0.030820033021463855,0.030820033021463855,1.0,サンプル不足,0.11705667191223468
v5,return_120d,120日モメンタム,120営業日の騰落率,True,業種,金属製品,3d,3営業日,5,2,2,0.19450715439065014,0.19450715439065014,1.0,サンプル不足,0.11705667191223468
v5,return_120d,120日モメンタム,120営業日の騰落率,True,業種,金属製品,5d,5営業日,3,1,1,0.0002539360081259545,0.0002539360081259545,1.0,サンプル不足,0.054061011233005135
v5,return_120d,120日モメンタム,120営業日の騰落率,True,業種,金属製品,5d,5営業日,4,1,1,-0.05998899284534953,-0.05998899284534953,0.0,サンプル不足,0.054061011233005135
v5,return_120d,120日モメンタム,120営業日の騰落率,True,業種,金属製品,5d,5営業日,5,2,2,0.05431494724113109,0.05431494724113109,0.5,サンプル不足,0.054061011233005135
v5,return_120d,120日モメンタム,120営業日の騰落率,True,業種,鉄鋼,10d,10営業日,2,1,1,-0.0461538461538461,-0.0461538461538461,0.0,サンプル不足,0.0
v5,return_120d,120日モメンタム,120営業日の騰落率,True,業種,鉄鋼,1d,1営業日,2,1,1,-0.03538461538461535,-0.03538461538461535,0.0,サンプル不足,0.0
v5,return_120d,120日モメンタム,120営業日の騰落率,True,業種,鉄鋼,3d,3営業日,2,1,1,-0.019230769230769273,-0.019230769230769273,0.0,サンプル不足,0.0
v5,return_120d,120日モメンタム,120営業日の騰落率,True,業種,鉄鋼,5d,5営業日,2,1,1,-0.0592307692307692,-0.0592307692307692,0.0,サンプル不足,0.0
v5,return_120d,120日モメンタム,120営業日の騰落率,True,業種,銀行業,10d,10営業日,2,4,4,-0.01400060458760416,-0.014692372972902656,0.0,サンプル不足,0.001840604587604211
v5,return_120d,120日モメンタム,120営業日の騰落率,True,業種,銀行業,10d,10営業日,3,1,1,-0.012159999999999949,-0.012159999999999949,0.0,サンプル不足,0.001840604587604211
v5,return_120d,120日モメンタム,120営業日の騰落率,True,業種,銀行業,1d,1営業日,2,4,4,0.03708656107211172,0.037137184662913825,1.0,サンプル不足,0.01763343892788838
v5,return_120d,120日モメンタム,120営業日の騰落率,True,業種,銀行業,1d,1営業日,3,1,1,0.0547200000000001,0.0547200000000001,1.0,サンプル不足,0.01763343892788838
v5,return_120d,120日モメンタム,120営業日の騰落率,True,業種,銀行業,3d,3営業日,2,4,4,0.021297019782266557,0.02443779496218801,1.0,サンプル不足,0.02478298021773334
v5,return_120d,120日モメンタム,120営業日の騰落率,True,業種,銀行業,3d,3営業日,3,1,1,0.0460799999999999,0.0460799999999999,1.0,サンプル不足,0.02478298021773334
v5,return_120d,120日モメンタム,120営業日の騰落率,True,業種,銀行業,5d,5営業日,2,4,4,-0.022315199795852836,-0.019606880409386962,0.0,サンプル不足,0.014635199795852816
v5,return_120d,120日モメンタム,120営業日の騰落率,True,業種,銀行業,5d,5営業日,3,1,1,-0.00768000000000002,-0.00768000000000002,0.0,サンプル不足,0.014635199795852816
v5,return_120d,120日モメンタム,120営業日の騰落率,True,業種,電気・ガス業,10d,10営業日,1,1,1,0.10313108084203071,0.10313108084203071,1.0,サンプル不足,0.0
v5,return_120d,120日モメンタム,120営業日の騰落率,True,業種,電気・ガス業,1d,1営業日,1,1,1,0.002476561117990439,0.002476561117990439,1.0,サンプル不足,0.0
v5,return_120d,120日モメンタム,120営業日の騰落率,True,業種,電気・ガス業,3d,3営業日,1,1,1,0.012736600035379464,0.012736600035379464,1.0,サンプル不足,0.0
v5,return_120d,120日モメンタム,120営業日の騰落率,True,業種,電気・ガス業,5d,5営業日,1,1,1,0.03307978064744388,0.03307978064744388,1.0,サンプル不足,0.0
v5,return_120d,120日モメンタム,120営業日の騰落率,True,業種,電気機器,10d,10営業日,2,3,3,-0.047254743847723234,-0.017525035765379116,0.0,サンプル不足,0.05137764750574194
v5,return_120d,120日モメンタム,120営業日の騰落率,True,業種,電気機器,10d,10営業日,3,7,7,-0.01434486665320313,0.019749132639445,0.5714285714285714,サンプル不足,0.05137764750574194
v5,return_120d,120日モメンタム,120営業日の騰落率,True,業種,電気機器,10d,10営業日,4,6,6,0.03675534733982605,0.09309648141240834,0.6666666666666666,サンプル不足,0.05137764750574194
v5,return_120d,120日モメンタム,120営業日の騰落率,True,業種,電気機器,10d,10営業日,5,9,9,0.004122903658018706,0.07437500000000008,0.6666666666666666,サンプル不足,0.05137764750574194
v5,return_120d,120日モメンタム,120営業日の騰落率,True,業種,電気機器,1d,1営業日,2,3,3,-0.0051031944731029085,-0.006795422031473541,0.3333333333333333,サンプル不足,0.030408582754380475
v5,return_120d,120日モメンタム,120営業日の騰落率,True,業種,電気機器,1d,1営業日,3,7,7,0.001722484725634854,0.006527415143603221,0.5714285714285714,サンプル不足,0.030408582754380475
v5,return_120d,120日モメンタム,120営業日の騰落率,True,業種,電気機器,1d,1営業日,4,6,6,0.02223179385468253,0.014270747832573982,0.8333333333333334,サンプル不足,0.030408582754380475
v5,return_120d,120日モメンタム,120営業日の騰落率,True,業種,電気機器,1d,1営業日,5,9,9,0.025305388281277565,0.012629161882893314,0.7777777777777778,サンプル不足,0.030408582754380475
v5,return_120d,120日モメンタム,120営業日の騰落率,True,業種,電気機器,3d,3営業日,2,3,3,0.013719520709687358,-0.0048231511254018,0.3333333333333333,サンプル不足,0.020472139914289304
v5,return_120d,120日モメンタム,120営業日の騰落率,True,業種,電気機器,3d,3営業日,3,7,7,0.021997283275994817,0.060835509138381205,0.7142857142857143,サンプル不足,0.020472139914289304
v5,return_120d,120日モメンタム,120営業日の騰落率,True,業種,電気機器,3d,3営業日,4,6,6,0.05060481619702915,0.06156644356131913,0.8333333333333334,サンプル不足,0.020472139914289304
v5,return_120d,120日モメンタム,120営業日の騰落率,True,業種,電気機器,3d,3営業日,5,9,9,0.03419166062397666,0.07103524229074898,0.6666666666666666,サンプル不足,0.020472139914289304
v5,return_120d,120日モメンタム,120営業日の騰落率,True,業種,電気機器,5d,5営業日,2,3,3,-0.03831546802020854,-0.02035928143712573,0.0,サンプル不足,-0.019674283915665967
v5,return_120d,120日モメンタム,120営業日の騰落率,True,業種,電気機器,5d,5営業日,3,7,7,-0.039135711339264065,-0.0063775510204081565,0.2857142857142857,サンプル不足,-0.019674283915665967
v5,return_120d,120日モメンタム,120営業日の騰落率,True,業種,電気機器,5d,5営業日,4,6,6,-0.024204747887215328,-0.04126090339205318,0.3333333333333333,サンプル不足,-0.019674283915665967
v5,return_120d,120日モメンタム,120営業日の騰落率,True,業種,電気機器,5d,5営業日,5,9,9,-0.05798975193587451,-0.03772026431718056,0.3333333333333333,サンプル不足,-0.019674283915665967
v5,return_120d,120日モメンタム,120営業日の騰落率,True,業種,非鉄金属,10d,10営業日,4,1,1,-0.0783739837398374,-0.0783739837398374,0.0,サンプル不足,0.044704721257015634
v5,return_120d,120日モメンタム,120営業日の騰落率,True,業種,非鉄金属,10d,10営業日,5,1,1,-0.03366926248282176,-0.03366926248282176,0.0,サンプル不足,0.044704721257015634
v5,return_120d,120日モメンタム,120営業日の騰落率,True,業種,非鉄金属,1d,1営業日,4,1,1,-0.008130081300813052,-0.008130081300813052,0.0,サンプル不足,0.009046251708508923
v5,return_120d,120日モメンタム,120営業日の騰落率,True,業種,非鉄金属,1d,1営業日,5,1,1,0.000916170407695871,0.000916170407695871,1.0,サンプル不足,0.009046251708508923
v5,return_120d,120日モメンタム,120営業日の騰落率,True,業種,非鉄金属,3d,3営業日,4,1,1,0.09756097560975618,0.09756097560975618,1.0,サンプル不足,0.12438130565455907
v5,return_120d,120日モメンタム,120営業日の騰落率,True,業種,非鉄金属,3d,3営業日,5,1,1,0.22194228126431526,0.22194228126431526,1.0,サンプル不足,0.12438130565455907
v5,return_120d,120日モメンタム,120営業日の騰落率,True,業種,非鉄金属,5d,5営業日,4,1,1,-0.0060975609756097615,-0.0060975609756097615,0.0,サンプル不足,0.06725193568930643
v5,return_120d,120日モメンタム,120営業日の騰落率,True,業種,非鉄金属,5d,5営業日,5,1,1,0.06115437471369667,0.06115437471369667,1.0,サンプル不足,0.06725193568930643
v5,return_120d,120日モメンタム,120営業日の騰落率,True,業種,食料品,10d,10営業日,3,1,1,0.15636704119850187,0.15636704119850187,1.0,サンプル不足,0.0
v5,return_120d,120日モメンタム,120営業日の騰落率,True,業種,食料品,1d,1営業日,3,1,1,0.08370786516853923,0.08370786516853923,1.0,サンプル不足,0.0
v5,return_120d,120日モメンタム,120営業日の騰落率,True,業種,食料品,3d,3営業日,3,1,1,0.15355805243445686,0.15355805243445686,1.0,サンプル不足,0.0
v5,return_120d,120日モメンタム,120営業日の騰落率,True,業種,食料品,5d,5営業日,3,1,1,0.02621722846441954,0.02621722846441954,1.0,サンプル不足,0.0
v5,return_20d,20日モメンタム,20営業日の騰落率,True,全体,全体,10d,10営業日,1,20,20,-0.005773484916323031,-0.011120504050404989,0.25,サンプル不足,0.020577110840945986
v5,return_20d,20日モメンタム,20営業日の騰落率,True,全体,全体,10d,10営業日,2,20,20,-0.040743317179922085,-0.020546251708937258,0.3,サンプル不足,0.020577110840945986
v5,return_20d,20日モメンタム,20営業日の騰落率,True,全体,全体,10d,10営業日,3,20,20,-0.024715182756293547,-0.019384601399872692,0.35,サンプル不足,0.020577110840945986
v5,return_20d,20日モメンタム,20営業日の騰落率,True,全体,全体,10d,10営業日,4,20,20,0.05443170098094925,0.01788936286719475,0.55,サンプル不足,0.020577110840945986
v5,return_20d,20日モメンタム,20営業日の騰落率,True,全体,全体,10d,10営業日,5,20,20,0.014803625924622954,0.002604508432450397,0.55,サンプル不足,0.020577110840945986
v5,return_20d,20日モメンタム,20営業日の騰落率,True,全体,全体,1d,1営業日,1,20,20,0.013325803311228502,0.00879058210110395,0.6,サンプル不足,0.023289527550156234
v5,return_20d,20日モメンタム,20営業日の騰落率,True,全体,全体,1d,1営業日,2,20,20,-0.006167872896209156,-0.0020996617940253204,0.45,サンプル不足,0.023289527550156234
v5,return_20d,20日モメンタム,20営業日の騰落率,True,全体,全体,1d,1営業日,3,20,20,0.003847513891454059,0.002570551860032577,0.5,サンプル不足,0.023289527550156234
v5,return_20d,20日モメンタム,20営業日の騰落率,True,全体,全体,1d,1営業日,4,20,20,0.017203784125629902,0.0026558048362393108,0.5,サンプル不足,0.023289527550156234
v5,return_20d,20日モメンタム,20営業日の騰落率,True,全体,全体,1d,1営業日,5,20,20,0.036615330861384736,0.04839324299425474,0.75,サンプル不足,0.023289527550156234
v5,return_20d,20日モメンタム,20営業日の騰落率,True,全体,全体,3d,3営業日,1,20,20,0.025858486959337134,0.0184283844462938,0.75,サンプル不足,0.00927043015211949
v5,return_20d,20日モメンタム,20営業日の騰落率,True,全体,全体,3d,3営業日,2,20,20,0.015596231647806996,0.0005720572057205866,0.5,サンプル不足,0.00927043015211949
v5,return_20d,20日モメンタム,20営業日の騰落率,True,全体,全体,3d,3営業日,3,20,20,0.033464764924689284,0.04343158125169444,0.65,サンプル不足,0.00927043015211949
v5,return_20d,20日モメンタム,20営業日の騰落率,True,全体,全体,3d,3営業日,4,20,20,0.05840612373907056,0.038714689265536784,0.65,サンプル不足,0.00927043015211949
v5,return_20d,20日モメンタム,20営業日の騰落率,True,全体,全体,3d,3営業日,5,20,20,0.035128917111456624,0.07410787423050313,0.7,サンプル不足,0.00927043015211949
v5,return_20d,20日モメンタム,20営業日の騰落率,True,全体,全体,5d,5営業日,1,20,20,-0.020550499462986177,-0.020970709540391708,0.25,サンプル不足,-0.009362103181681968
v5,return_20d,20日モメンタム,20営業日の騰落率,True,全体,全体,5d,5営業日,2,20,20,-0.03285358221370804,-0.016468649948715886,0.3,サンプル不足,-0.009362103181681968
v5,return_20d,20日モメンタム,20営業日の騰落率,True,全体,全体,5d,5営業日,3,20,20,-0.02310883094430289,-0.006237555998008959,0.4,サンプル不足,-0.009362103181681968
v5,return_20d,20日モメンタム,20営業日の騰落率,True,全体,全体,5d,5営業日,4,20,20,0.012282329757073081,-0.02197739074491062,0.3,サンプル不足,-0.009362103181681968
v5,return_20d,20日モメンタム,20営業日の騰落率,True,全体,全体,5d,5営業日,5,20,20,-0.029912602644668145,-0.03868935582914651,0.4,サンプル不足,-0.009362103181681968
v5,return_20d,20日モメンタム,20営業日の騰落率,True,業種,その他金融業,10d,10営業日,3,1,1,-0.05977272727272731,-0.05977272727272731,0.0,サンプル不足,0.0
v5,return_20d,20日モメンタム,20営業日の騰落率,True,業種,その他金融業,1d,1営業日,3,1,1,0.02659090909090911,0.02659090909090911,1.0,サンプル不足,0.0
v5,return_20d,20日モメンタム,20営業日の騰落率,True,業種,その他金融業,3d,3営業日,3,1,1,-0.020454545454545503,-0.020454545454545503,0.0,サンプル不足,0.0
v5,return_20d,20日モメンタム,20営業日の騰落率,True,業種,その他金融業,5d,5営業日,3,1,1,-0.08386363636363636,-0.08386363636363636,0.0,サンプル不足,0.0
v5,return_20d,20日モメンタム,20営業日の騰落率,True,業種,ガラス・土石製品,10d,10営業日,3,1,1,-0.054102795311091,-0.054102795311091,0.0,サンプル不足,-0.042439931368621904
v5,return_20d,20日モメンタム,20営業日の騰落率,True,業種,ガラス・土石製品,10d,10営業日,4,2,2,-0.03987546107206179,-0.03987546107206179,0.0,サンプル不足,-0.042439931368621904
v5,return_20d,20日モメンタム,20営業日の騰落率,True,業種,ガラス・土石製品,10d,10営業日,5,1,1,-0.0965427266797129,-0.0965427266797129,0.0,サンプル不足,-0.042439931368621904
v5,return_20d,20日モメンタム,20営業日の騰落率,True,業種,ガラス・土石製品,1d,1営業日,3,1,1,0.0144274120829577,0.0144274120829577,1.0,サンプル不足,0.1923566714134546
v5,return_20d,20日モメンタム,20営業日の騰落率,True,業種,ガラス・土石製品,1d,1営業日,4,2,2,-0.008257642318895616,-0.008257642318895616,0.0,サンプル不足,0.1923566714134546
v5,return_20d,20日モメンタム,20営業日の騰落率,True,業種,ガラス・土石製品,1d,1営業日,5,1,1,0.2067840834964123,0.2067840834964123,1.0,サンプル不足,0.1923566714134546
v5,return_20d,20日モメンタム,20営業日の騰落率,True,業種,ガラス・土石製品,3d,3営業日,3,1,1,0.1100090171325518,0.1100090171325518,1.0,サンプル不足,0.02762959995811999
v5,return_20d,20日モメンタム,20営業日の騰落率,True,業種,ガラス・土石製品,3d,3営業日,4,2,2,-0.010689253261144815,-0.010689253261144815,0.0,サンプル不足,0.02762959995811999
v5,return_20d,20日モメンタム,20営業日の騰落率,True,業種,ガラス・土石製品,3d,3営業日,5,1,1,0.1376386170906718,0.1376386170906718,1.0,サンプル不足,0.02762959995811999
v5,return_20d,20日モメンタム,20営業日の騰落率,True,業種,ガラス・土石製品,5d,5営業日,3,1,1,0.0,0.0,0.0,サンプル不足,0.2504892367906066
v5,return_20d,20日モメンタム,20営業日の騰落率,True,業種,ガラス・土石製品,5d,5営業日,4,2,2,-0.03213152822631714,-0.03213152822631714,0.0,サンプル不足,0.2504892367906066
v5,return_20d,20日モメンタム,20営業日の騰落率,True,業種,ガラス・土石製品,5d,5営業日,5,1,1,0.2504892367906066,0.2504892367906066,1.0,サンプル不足,0.2504892367906066
v5,return_20d,20日モメンタム,20営業日の騰落率,True,業種,サービス業,10d,10営業日,1,3,3,-0.01237873252230571,-0.012747552925108097,0.3333333333333333,サンプル不足,0.028408325617250207
v5,return_20d,20日モメンタム,20営業日の騰落率,True,業種,サービス業,10d,10営業日,2,1,1,0.0960076045627376,0.0960076045627376,1.0,サンプル不足,0.028408325617250207
v5,return_20d,20日モメンタム,20営業日の騰落率,True,業種,サービス業,10d,10営業日,3,1,1,0.00781805259417201,0.00781805259417201,1.0,サンプル不足,0.028408325617250207
v5,return_20d,20日モメンタム,20営業日の騰落率,True,業種,サービス業,10d,10営業日,4,1,1,0.0160295930949445,0.0160295930949445,1.0,サンプル不足,0.028408325617250207
v5,return_20d,20日モメンタム,20営業日の騰落率,True,業種,サービス業,1d,1営業日,1,3,3,-0.00783528008121029,-0.0126582278481012,0.3333333333333333,サンプル不足,-0.016825632372550407
v5,return_20d,20日モメンタム,20営業日の騰落率,True,業種,サービス業,1d,1営業日,2,1,1,0.06131178707224327,0.06131178707224327,1.0,サンプル不足,-0.016825632372550407
v5,return_20d,20日モメンタム,20営業日の騰落率,True,業種,サービス業,1d,1営業日,3,1,1,-0.002842928216062579,-0.002842928216062579,0.0,サンプル不足,-0.016825632372550407
v5,return_20d,20日モメンタム,20営業日の騰落率,True,業種,サービス業,1d,1営業日,4,1,1,-0.0246609124537607,-0.0246609124537607,0.0,サンプル不足,-0.016825632372550407
v5,return_20d,20日モメンタム,20営業日の騰落率,True,業種,サービス業,3d,3営業日,1,3,3,0.04315692204402762,0.01411336216708392,0.6666666666666666,サンプル不足,-0.054254332648219925
v5,return_20d,20日モメンタム,20営業日の騰落率,True,業種,サービス業,3d,3営業日,2,1,1,0.050380228136882144,0.050380228136882144,1.0,サンプル不足,-0.054254332648219925
v5,return_20d,20日モメンタム,20営業日の騰落率,True,業種,サービス業,3d,3営業日,3,1,1,0.014570007107320482,0.014570007107320482,1.0,サンプル不足,-0.054254332648219925
v5,return_20d,20日モメンタム,20営業日の騰落率,True,業種,サービス業,3d,3営業日,4,1,1,-0.0110974106041923,-0.0110974106041923,0.0,サンプル不足,-0.054254332648219925
v5,return_20d,20日モメンタム,20営業日の騰落率,True,業種,サービス業,5d,5営業日,1,3,3,0.005548410392711062,0.013202822672433445,0.6666666666666666,サンプル不足,-0.031442368469159765
v5,return_20d,20日モメンタム,20営業日の騰落率,True,業種,サービス業,5d,5営業日,2,1,1,0.0670152091254752,0.0670152091254752,1.0,サンプル不足,-0.031442368469159765
v5,return_20d,20日モメンタム,20営業日の騰落率,True,業種,サービス業,5d,5営業日,3,1,1,0.008884150675195546,0.008884150675195546,1.0,サンプル不足,-0.031442368469159765
v5,return_20d,20日モメンタム,20営業日の騰落率,True,業種,サービス業,5d,5営業日,4,1,1,-0.0258939580764487,-0.0258939580764487,0.0,サンプル不足,-0.031442368469159765
v5,return_20d,20日モメンタム,20営業日の騰落率,True,業種,パルプ・紙,10d,10営業日,5,1,1,0.032064128256513,0.032064128256513,1.0,サンプル不足,0.0
v5,return_20d,20日モメンタム,20営業日の騰落率,True,業種,パルプ・紙,1d,1営業日,5,1,1,0.066132264529058,0.066132264529058,1.0,サンプル不足,0.0
v5,return_20d,20日モメンタム,20営業日の騰落率,True,業種,パルプ・紙,3d,3営業日,5,1,1,0.0220440881763526,0.0220440881763526,1.0,サンプル不足,0.0
v5,return_20d,20日モメンタム,20営業日の騰落率,True,業種,パルプ・紙,5d,5営業日,5,1,1,-0.0420841683366733,-0.0420841683366733,0.0,サンプル不足,0.0
v5,return_20d,20日モメンタム,20営業日の騰落率,True,業種,不動産業,10d,10営業日,2,1,1,-0.09090909090909094,-0.09090909090909094,0.0,サンプル不足,0.2504835589941973
v5,return_20d,20日モメンタム,20営業日の騰落率,True,業種,不動産業,10d,10営業日,4,1,1,0.15957446808510634,0.15957446808510634,1.0,サンプル不足,0.2504835589941973
v5,return_20d,20日モメンタム,20営業日の騰落率,True,業種,不動産業,1d,1営業日,2,1,1,-0.09090909090909094,-0.09090909090909094,0.0,サンプル不足,0.06963249516441006
v5,return_20d,20日モメンタム,20営業日の騰落率,True,業種,不動産業,1d,1営業日,4,1,1,-0.021276595744680882,-0.021276595744680882,0.0,サンプル不足,0.06963249516441006
v5,return_20d,20日モメンタム,20営業日の騰落率,True,業種,不動産業,3d,3営業日,2,1,1,-0.09090909090909094,-0.09090909090909094,0.0,サンプル不足,0.04835589941972929
v5,return_20d,20日モメンタム,20営業日の騰落率,True,業種,不動産業,3d,3営業日,4,1,1,-0.04255319148936165,-0.04255319148936165,0.0,サンプル不足,0.04835589941972929
v5,return_20d,20日モメンタム,20営業日の騰落率,True,業種,不動産業,5d,5営業日,2,1,1,-0.09090909090909094,-0.09090909090909094,0.0,サンプル不足,0.06963249516441006
v5,return_20d,20日モメンタム,20営業日の騰落率,True,業種,不動産業,5d,5営業日,4,1,1,-0.021276595744680882,-0.021276595744680882,0.0,サンプル不足,0.06963249516441006
v5,return_20d,20日モメンタム,20営業日の騰落率,True,業種,保険業,10d,10営業日,1,2,2,-0.030840805458430043,-0.030840805458430043,0.0,サンプル不足,0.0
v5,return_20d,20日モメンタム,20営業日の騰落率,True,業種,保険業,1d,1営業日,1,2,2,0.011070072200659364,0.011070072200659364,1.0,サンプル不足,0.0
v5,return_20d,20日モメンタム,20営業日の騰落率,True,業種,保険業,3d,3営業日,1,2,2,0.020679651599048943,0.020679651599048943,1.0,サンプル不足,0.0
v5,return_20d,20日モメンタム,20営業日の騰落率,True,業種,保険業,5d,5営業日,1,2,2,-0.02986622567635261,-0.02986622567635261,0.0,サンプル不足,0.0
v5,return_20d,20日モメンタム,20営業日の騰落率,True,業種,化学,10d,10営業日,1,3,3,-0.011158596931094814,-0.0041899441340782495,0.3333333333333333,サンプル不足,-0.09720642208031201
v5,return_20d,20日モメンタム,20営業日の騰落率,True,業種,化学,10d,10営業日,2,2,2,-0.027903494272204232,-0.027903494272204232,0.0,サンプル不足,-0.09720642208031201
v5,return_20d,20日モメンタム,20営業日の騰落率,True,業種,化学,10d,10営業日,3,1,1,-0.021929824561403466,-0.021929824561403466,0.0,サンプル不足,-0.09720642208031201
v5,return_20d,20日モメンタム,20営業日の騰落率,True,業種,化学,10d,10営業日,5,1,1,-0.10836501901140683,-0.10836501901140683,0.0,サンプル不足,-0.09720642208031201
v5,return_20d,20日モメンタム,20営業日の騰落率,True,業種,化学,1d,1営業日,1,3,3,-0.00081485002268226,-0.003351955307262622,0.3333333333333333,サンプル不足,0.05024450781735915
v5,return_20d,20日モメンタム,20営業日の騰落率,True,業種,化学,1d,1営業日,2,2,2,-0.00943931531386244,-0.00943931531386244,0.0,サンプル不足,0.05024450781735915
v5,return_20d,20日モメンタム,20営業日の騰落率,True,業種,化学,1d,1営業日,3,1,1,-0.015350877192982448,-0.015350877192982448,0.0,サンプル不足,0.05024450781735915
v5,return_20d,20日モメンタム,20営業日の騰落率,True,業種,化学,1d,1営業日,5,1,1,0.049429657794676896,0.049429657794676896,1.0,サンプル不足,0.05024450781735915
v5,return_20d,20日モメンタム,20営業日の騰落率,True,業種,化学,3d,3営業日,1,3,3,-0.007008345464530626,-0.0038495706248149464,0.3333333333333333,サンプル不足,-0.006299639326343846
v5,return_20d,20日モメンタム,20営業日の騰落率,True,業種,化学,3d,3営業日,2,2,2,0.0326670391125804,0.0326670391125804,0.5,サンプル不足,-0.006299639326343846
v5,return_20d,20日モメンタム,20営業日の騰落率,True,業種,化学,3d,3営業日,3,1,1,-0.03552631578947374,-0.03552631578947374,0.0,サンプル不足,-0.006299639326343846
v5,return_20d,20日モメンタム,20営業日の騰落率,True,業種,化学,3d,3営業日,5,1,1,-0.013307984790874472,-0.013307984790874472,0.0,サンプル不足,-0.006299639326343846
v5,return_20d,20日モメンタム,20営業日の騰落率,True,業種,化学,5d,5営業日,1,3,3,-0.02550780099841865,-0.013029315960912058,0.3333333333333333,サンプル不足,-0.04198269329815929
v5,return_20d,20日モメンタム,20営業日の騰落率,True,業種,化学,5d,5営業日,2,2,2,-0.00539121219625982,-0.00539121219625982,0.5,サンプル不足,-0.04198269329815929
v5,return_20d,20日モメンタム,20営業日の騰落率,True,業種,化学,5d,5営業日,3,1,1,-0.047368421052631615,-0.047368421052631615,0.0,サンプル不足,-0.04198269329815929
v5,return_20d,20日モメンタム,20営業日の騰落率,True,業種,化学,5d,5営業日,5,1,1,-0.06749049429657794,-0.06749049429657794,0.0,サンプル不足,-0.04198269329815929
v5,return_20d,20日モメンタム,20営業日の騰落率,True,業種,卸売業,10d,10営業日,2,2,2,0.01654704718447203,0.01654704718447203,0.5,サンプル不足,0.0
v5,return_20d,20日モメンタム,20営業日の騰落率,True,業種,卸売業,1d,1営業日,2,2,2,0.018680312392965248,0.018680312392965248,0.5,サンプル不足,0.0
v5,return_20d,20日モメンタム,20営業日の騰落率,True,業種,卸売業,3d,3営業日,2,2,2,0.03310223255103001,0.03310223255103001,0.5,サンプル不足,0.0
v5,return_20d,20日モメンタム,20営業日の騰落率,True,業種,卸売業,5d,5営業日,2,2,2,0.011920667585691547,0.011920667585691547,0.5,サンプル不足,0.0
v5,return_20d,20日モメンタム,20営業日の騰落率,True,業種,小売業,10d,10営業日,1,2,2,0.016414141414141437,0.016414141414141437,0.5,サンプル不足,-0.033919611873659994
v5,return_20d,20日モメンタム,20営業日の騰落率,True,業種,小売業,10d,10営業日,2,1,1,-0.017505470459518557,-0.017505470459518557,0.0,サンプル不足,-0.033919611873659994
v5,return_20d,20日モメンタム,20営業日の騰落率,True,業種,小売業,1d,1営業日,1,2,2,0.02083333333333337,0.02083333333333337,0.5,サンプル不足,-0.02608497447118896
v5,return_20d,20日モメンタム,20営業日の騰落率,True,業種,小売業,1d,1営業日,2,1,1,-0.005251641137855589,-0.005251641137855589,0.0,サンプル不足,-0.02608497447118896
v5,return_20d,20日モメンタム,20営業日の騰落率,True,業種,小売業,3d,3営業日,1,2,2,0.001132009752699453,0.001132009752699453,0.5,サンプル不足,-0.016011659643290217
v5,return_20d,20日モメンタム,20営業日の騰落率,True,業種,小売業,3d,3営業日,2,1,1,-0.014879649890590763,-0.014879649890590763,0.0,サンプル不足,-0.016011659643290217
v5,return_20d,20日モメンタム,20営業日の騰落率,True,業種,小売業,5d,5営業日,1,2,2,-0.03314611633577151,-0.03314611633577151,0.0,サンプル不足,-0.007554102482609196
v5,return_20d,20日モメンタム,20営業日の騰落率,True,業種,小売業,5d,5営業日,2,1,1,-0.04070021881838071,-0.04070021881838071,0.0,サンプル不足,-0.007554102482609196
v5,return_20d,20日モメンタム,20営業日の騰落率,True,業種,建設業,10d,10営業日,3,2,2,-0.08126967165410691,-0.08126967165410691,0.5,サンプル不足,0.0
v5,return_20d,20日モメンタム,20営業日の騰落率,True,業種,建設業,1d,1営業日,3,2,2,0.0032556912820974997,0.0032556912820974997,0.5,サンプル不足,0.0
v5,return_20d,20日モメンタム,20営業日の騰落率,True,業種,建設業,3d,3営業日,3,2,2,-0.048379760137671174,-0.048379760137671174,0.5,サンプル不足,0.0
v5,return_20d,20日モメンタム,20営業日の騰落率,True,業種,建設業,5d,5営業日,3,2,2,-0.04495695481667489,-0.04495695481667489,0.5,サンプル不足,0.0
v5,return_20d,20日モメンタム,20営業日の騰落率,True,業種,情報・通信業,10d,10営業日,2,1,1,-0.0253025302530253,-0.0253025302530253,0.0,サンプル不足,-0.10384457299559703
v5,return_20d,20日モメンタム,20営業日の騰落率,True,業種,情報・通信業,10d,10営業日,4,1,1,-0.12790697674418605,-0.12790697674418605,0.0,サンプル不足,-0.10384457299559703
v5,return_20d,20日モメンタム,20営業日の騰落率,True,業種,情報・通信業,10d,10営業日,5,3,3,-0.12914710324862233,-0.16524638755094478,0.0,サンプル不足,-0.10384457299559703
v5,return_20d,20日モメンタム,20営業日の騰落率,True,業種,情報・通信業,1d,1営業日,2,1,1,-0.0110011001100109,-0.0110011001100109,0.0,サンプル不足,-0.025555396431665354
v5,return_20d,20日モメンタム,20営業日の騰落率,True,業種,情報・通信業,1d,1営業日,4,1,1,0.04491279069767451,0.04491279069767451,1.0,サンプル不足,-0.025555396431665354
v5,return_20d,20日モメンタム,20営業日の騰落率,True,業種,情報・通信業,1d,1営業日,5,3,3,-0.03655649654167625,-0.07076695072248984,0.3333333333333333,サンプル不足,-0.025555396431665354
v5,return_20d,20日モメンタム,20営業日の騰落率,True,業種,情報・通信業,3d,3営業日,2,1,1,-0.0033003300330033,-0.0033003300330033,0.0,サンプル不足,-0.049009435355680205
v5,return_20d,20日モメンタム,20営業日の騰落率,True,業種,情報・通信業,3d,3営業日,4,1,1,0.052906976744186096,0.052906976744186096,1.0,サンプル不足,-0.049009435355680205
v5,return_20d,20日モメンタム,20営業日の騰落率,True,業種,情報・通信業,3d,3営業日,5,3,3,-0.0523097653886835,-0.048165987402741806,0.3333333333333333,サンプル不足,-0.049009435355680205
v5,return_20d,20日モメンタム,20営業日の騰落率,True,業種,情報・通信業,5d,5営業日,2,1,1,-0.0308030803080308,-0.0308030803080308,0.0,サンプル不足,-0.06078003502462138
v5,return_20d,20日モメンタム,20営業日の騰落率,True,業種,情報・通信業,5d,5営業日,4,1,1,-0.0411337209302326,-0.0411337209302326,0.0,サンプル不足,-0.06078003502462138
v5,return_20d,20日モメンタム,20営業日の騰落率,True,業種,情報・通信業,5d,5営業日,5,3,3,-0.09158311533265218,-0.09596146721007781,0.3333333333333333,サンプル不足,-0.06078003502462138
v5,return_20d,20日モメンタム,20営業日の騰落率,True,業種,機械,10d,10営業日,1,1,1,-0.039484978540772486,-0.039484978540772486,0.0,サンプル不足,0.3479297859043934
v5,return_20d,20日モメンタム,20営業日の騰落率,True,業種,機械,10d,10営業日,2,4,4,0.019136097158745254,0.05514739229024945,0.75,サンプル不足,0.3479297859043934
v5,return_20d,20日モメンタム,20営業日の騰落率,True,業種,機械,10d,10営業日,3,3,3,0.01349557707833561,-0.016839378238341918,0.3333333333333333,サンプル不足,0.3479297859043934
v5,return_20d,20日モメンタム,20営業日の騰落率,True,業種,機械,10d,10営業日,4,3,3,-0.011641086468625592,-0.0020366598778004,0.3333333333333333,サンプル不足,0.3479297859043934
v5,return_20d,20日モメンタム,20営業日の騰落率,True,業種,機械,10d,10営業日,5,2,2,0.3084448073636209,0.3084448073636209,1.0,サンプル不足,0.3479297859043934
v5,return_20d,20日モメンタム,20営業日の騰落率,True,業種,機械,1d,1営業日,1,1,1,0.052646638054363315,0.052646638054363315,1.0,サンプル不足,0.04983363151997364
v5,return_20d,20日モメンタム,20営業日の騰落率,True,業種,機械,1d,1営業日,2,4,4,-0.012381681423493274,-0.017720057720057737,0.5,サンプル不足,0.04983363151997364
v5,return_20d,20日モメンタム,20営業日の騰落率,True,業種,機械,1d,1営業日,3,3,3,0.0023341519622393503,-0.010362694300518172,0.3333333333333333,サンプル不足,0.04983363151997364
v5,return_20d,20日モメンタム,20営業日の騰落率,True,業種,機械,1d,1営業日,4,3,3,-0.006731188310135063,-0.010191082802547768,0.3333333333333333,サンプル不足,0.04983363151997364
v5,return_20d,20日モメンタム,20営業日の騰落率,True,業種,機械,1d,1営業日,5,2,2,0.10248026957433695,0.10248026957433695,1.0,サンプル不足,0.04983363151997364
v5,return_20d,20日モメンタム,20営業日の騰落率,True,業種,機械,3d,3営業日,1,1,1,0.014306151645207432,0.014306151645207432,1.0,サンプル不足,0.08923275727269146
v5,return_20d,20日モメンタム,20営業日の騰落率,True,業種,機械,3d,3営業日,2,4,4,0.03056012464113509,0.024478319783197786,0.75,サンプル不足,0.08923275727269146
v5,return_20d,20日モメンタム,20営業日の騰落率,True,業種,機械,3d,3営業日,3,3,3,0.07857764156438622,0.11398963730569944,0.6666666666666666,サンプル不足,0.08923275727269146
v5,return_20d,20日モメンタム,20営業日の騰落率,True,業種,機械,3d,3営業日,4,3,3,0.06375624934171926,0.0502376103190767,1.0,サンプル不足,0.08923275727269146
v5,return_20d,20日モメンタム,20営業日の騰落率,True,業種,機械,3d,3営業日,5,2,2,0.1035389089178989,0.1035389089178989,1.0,サンプル不足,0.08923275727269146
v5,return_20d,20日モメンタム,20営業日の騰落率,True,業種,機械,5d,5営業日,1,1,1,-0.05922746781115884,-0.05922746781115884,0.0,サンプル不足,0.14689332324621449
v5,return_20d,20日モメンタム,20営業日の騰落率,True,業種,機械,5d,5営業日,2,4,4,-0.025673515895641326,-0.020899701343952172,0.25,サンプル不足,0.14689332324621449
v5,return_20d,20日モメンタム,20営業日の騰落率,True,業種,機械,5d,5営業日,3,3,3,-0.01612041752780488,0.00993091537132984,0.6666666666666666,サンプル不足,0.14689332324621449
v5,return_20d,20日モメンタム,20営業日の騰落率,True,業種,機械,5d,5営業日,4,3,3,-0.013257704463480534,-0.01210653753026636,0.0,サンプル不足,0.14689332324621449
v5,return_20d,20日モメンタム,20営業日の騰落率,True,業種,機械,5d,5営業日,5,2,2,0.08766585543505565,0.08766585543505565,1.0,サンプル不足,0.14689332324621449
v5,return_20d,20日モメンタム,20営業日の騰落率,True,業種,精密機器,10d,10営業日,3,2,2,-0.02582955179017765,-0.02582955179017765,0.0,サンプル不足,0.10158712754775334
v5,return_20d,20日モメンタム,20営業日の騰落率,True,業種,精密機器,10d,10営業日,4,4,4,0.04796736979328009,-0.011805482296634806,0.5,サンプル不足,0.10158712754775334
v5,return_20d,20日モメンタム,20営業日の騰落率,True,業種,精密機器,10d,10営業日,5,1,1,0.07575757575757569,0.07575757575757569,1.0,サンプル不足,0.10158712754775334
v5,return_20d,20日モメンタム,20営業日の騰落率,True,業種,精密機器,1d,1営業日,3,2,2,-0.004171523521317944,-0.004171523521317944,0.5,サンプル不足,0.0706050899548844
v5,return_20d,20日モメンタム,20営業日の騰落率,True,業種,精密機器,1d,1営業日,4,4,4,0.017619585082885053,-0.024835236831439067,0.25,サンプル不足,0.0706050899548844
v5,return_20d,20日モメンタム,20営業日の騰落率,True,業種,精密機器,1d,1営業日,5,1,1,0.06643356643356646,0.06643356643356646,1.0,サンプル不足,0.0706050899548844
v5,return_20d,20日モメンタム,20営業日の騰落率,True,業種,精密機器,3d,3営業日,3,2,2,0.06338958687942087,0.06338958687942087,1.0,サンプル不足,0.029850506360672324
v5,return_20d,20日モメンタム,20営業日の騰落率,True,業種,精密機器,3d,3営業日,4,4,4,0.0516970530671072,-0.003137024102339181,0.5,サンプル不足,0.029850506360672324
v5,return_20d,20日モメンタム,20営業日の騰落率,True,業種,精密機器,3d,3営業日,5,1,1,0.09324009324009319,0.09324009324009319,1.0,サンプル不足,0.029850506360672324
v5,return_20d,20日モメンタム,20営業日の騰落率,True,業種,精密機器,5d,5営業日,3,2,2,0.00965955594570711,0.00965955594570711,1.0,サンプル不足,0.04162249533634421
v5,return_20d,20日モメンタム,20営業日の騰落率,True,業種,精密機器,5d,5営業日,4,4,4,0.015584774296630771,-0.022907216265886376,0.25,サンプル不足,0.04162249533634421
v5,return_20d,20日モメンタム,20営業日の騰落率,True,業種,精密機器,5d,5営業日,5,1,1,0.05128205128205132,0.05128205128205132,1.0,サンプル不足,0.04162249533634421
v5,return_20d,20日モメンタム,20営業日の騰落率,True,業種,証券、商品先物取引業,10d,10営業日,2,1,1,0.014930015552099496,0.014930015552099496,1.0,サンプル不足,-0.022855584125497153
v5,return_20d,20日モメンタム,20営業日の騰落率,True,業種,証券、商品先物取引業,10d,10営業日,3,1,1,-0.007925568573397657,-0.007925568573397657,0.0,サンプル不足,-0.022855584125497153
v5,return_20d,20日モメンタム,20営業日の騰落率,True,業種,証券、商品先物取引業,1d,1営業日,2,1,1,0.013996889580093264,0.013996889580093264,1.0,サンプル不足,-0.025023767595255264
v5,return_20d,20日モメンタム,20営業日の騰落率,True,業種,証券、商品先物取引業,1d,1営業日,3,1,1,-0.011026878015162,-0.011026878015162,0.0,サンプル不足,-0.025023767595255264
v5,return_20d,20日モメンタム,20営業日の騰落率,True,業種,証券、商品先物取引業,3d,3営業日,2,1,1,0.011508553654743459,0.011508553654743459,1.0,サンプル不足,-0.02150166185598401
v5,return_20d,20日モメンタム,20営業日の騰落率,True,業種,証券、商品先物取引業,3d,3営業日,3,1,1,-0.009993108201240553,-0.009993108201240553,0.0,サンプル不足,-0.02150166185598401
v5,return_20d,20日モメンタム,20営業日の騰落率,True,業種,証券、商品先物取引業,5d,5営業日,2,1,1,-0.01648522550544318,-0.01648522550544318,0.0,サンプル不足,-0.013838689036252183
v5,return_20d,20日モメンタム,20営業日の騰落率,True,業種,証券、商品先物取引業,5d,5営業日,3,1,1,-0.030323914541695363,-0.030323914541695363,0.0,サンプル不足,-0.013838689036252183
v5,return_20d,20日モメンタム,20営業日の騰落率,True,業種,輸送用機器,10d,10営業日,2,2,2,-0.16375002596107915,-0.16375002596107915,0.0,サンプル不足,0.4545663524916914
v5,return_20d,20日モメンタム,20営業日の騰落率,True,業種,輸送用機器,10d,10営業日,3,1,1,-0.1737599510104103,-0.1737599510104103,0.0,サンプル不足,0.4545663524916914
v5,return_20d,20日モメンタム,20営業日の騰落率,True,業種,輸送用機器,10d,10営業日,4,1,1,0.2908163265306123,0.2908163265306123,1.0,サンプル不足,0.4545663524916914
v5,return_20d,20日モメンタム,20営業日の騰落率,True,業種,輸送用機器,1d,1営業日,2,2,2,-0.051383206297119434,-0.051383206297119434,0.5,サンプル不足,0.08709749201140524
v5,return_20d,20日モメンタム,20営業日の騰落率,True,業種,輸送用機器,1d,1営業日,3,1,1,-0.03245560318432328,-0.03245560318432328,0.0,サンプル不足,0.08709749201140524
v5,return_20d,20日モメンタム,20営業日の騰落率,True,業種,輸送用機器,1d,1営業日,4,1,1,0.03571428571428581,0.03571428571428581,1.0,サンプル不足,0.08709749201140524
v5,return_20d,20日モメンタム,20営業日の騰落率,True,業種,輸送用機器,3d,3営業日,2,2,2,-0.0007321024320338654,-0.0007321024320338654,0.5,サンプル不足,0.11370586336497851
v5,return_20d,20日モメンタム,20営業日の騰落率,True,業種,輸送用機器,3d,3営業日,3,1,1,-0.007042253521126751,-0.007042253521126751,0.0,サンプル不足,0.11370586336497851
v5,return_20d,20日モメンタム,20営業日の騰落率,True,業種,輸送用機器,3d,3営業日,4,1,1,0.11297376093294464,0.11297376093294464,1.0,サンプル不足,0.11370586336497851
v5,return_20d,20日モメンタム,20営業日の騰落率,True,業種,輸送用機器,5d,5営業日,2,2,2,-0.11809071839498221,-0.11809071839498221,0.5,サンプル不足,0.3389361994445448
v5,return_20d,20日モメンタム,20営業日の騰落率,True,業種,輸送用機器,5d,5営業日,3,1,1,-0.06307409675443965,-0.06307409675443965,0.0,サンプル不足,0.3389361994445448
v5,return_20d,20日モメンタム,20営業日の騰落率,True,業種,輸送用機器,5d,5営業日,4,1,1,0.2208454810495626,0.2208454810495626,1.0,サンプル不足,0.3389361994445448
v5,return_20d,20日モメンタム,20営業日の騰落率,True,業種,金属製品,10d,10営業日,1,1,1,-0.12493120528343427,-0.12493120528343427,0.0,サンプル不足,0.2606350046295779
v5,return_20d,20日モメンタム,20営業日の騰落率,True,業種,金属製品,10d,10営業日,4,3,3,0.13570379934614366,0.14196008147600092,0.6666666666666666,サンプル不足,0.2606350046295779
v5,return_20d,20日モメンタム,20営業日の騰落率,True,業種,金属製品,1d,1営業日,1,1,1,-0.012658227848101222,-0.012658227848101222,0.0,サンプル不足,0.09356787324710476
v5,return_20d,20日モメンタム,20営業日の騰落率,True,業種,金属製品,1d,1営業日,4,3,3,0.08090964539900354,0.06424581005586583,1.0,サンプル不足,0.09356787324710476
v5,return_20d,20日モメンタム,20営業日の騰落率,True,業種,金属製品,3d,3営業日,1,1,1,0.030820033021463855,0.030820033021463855,1.0,サンプル不足,0.12466823073177472
v5,return_20d,20日モメンタム,20営業日の騰落率,True,業種,金属製品,3d,3営業日,4,3,3,0.15548826375323857,0.07745048247841546,1.0,サンプル不足,0.12466823073177472
v5,return_20d,20日モメンタム,20営業日の騰落率,True,業種,金属製品,5d,5営業日,1,1,1,-0.05998899284534953,-0.05998899284534953,0.0,サンプル不足,0.09628360300881225
v5,return_20d,20日モメンタム,20営業日の騰落率,True,業種,金属製品,5d,5営業日,4,3,3,0.036294610163462714,0.0002539360081259545,0.6666666666666666,サンプル不足,0.09628360300881225
v5,return_20d,20日モメンタム,20営業日の騰落率,True,業種,鉄鋼,10d,10営業日,1,1,1,-0.0461538461538461,-0.0461538461538461,0.0,サンプル不足,0.0
v5,return_20d,20日モメンタム,20営業日の騰落率,True,業種,鉄鋼,1d,1営業日,1,1,1,-0.03538461538461535,-0.03538461538461535,0.0,サンプル不足,0.0
v5,return_20d,20日モメンタム,20営業日の騰落率,True,業種,鉄鋼,3d,3営業日,1,1,1,-0.019230769230769273,-0.019230769230769273,0.0,サンプル不足,0.0
v5,return_20d,20日モメンタム,20営業日の騰落率,True,業種,鉄鋼,5d,5営業日,1,1,1,-0.0592307692307692,-0.0592307692307692,0.0,サンプル不足,0.0
v5,return_20d,20日モメンタム,20営業日の騰落率,True,業種,銀行業,10d,10営業日,1,3,3,-0.013848248648601754,-0.012159999999999949,0.0,サンプル不足,-0.010133764841280849
v5,return_20d,20日モメンタム,20営業日の騰落率,True,業種,銀行業,10d,10営業日,2,1,1,-0.0026356589147287224,-0.0026356589147287224,0.0,サンプル不足,-0.010133764841280849
v5,return_20d,20日モメンタム,20営業日の騰落率,True,業種,銀行業,10d,10営業日,3,1,1,-0.023982013489882603,-0.023982013489882603,0.0,サンプル不足,-0.010133764841280849
v5,return_20d,20日モメンタム,20営業日の騰落率,True,業種,銀行業,1d,1営業日,1,3,3,0.04320441109050529,0.04371963913948651,1.0,サンプル不足,-0.012852175267372555
v5,return_20d,20日モメンタム,20営業日の騰落率,True,業種,銀行業,1d,1営業日,2,1,1,0.0431007751937984,0.0431007751937984,1.0,サンプル不足,-0.012852175267372555
v5,return_20d,20日モメンタム,20営業日の騰落率,True,業種,銀行業,1d,1営業日,3,1,1,0.030352235823132734,0.030352235823132734,1.0,サンプル不足,-0.012852175267372555
v5,return_20d,20日モメンタム,20営業日の騰落率,True,業種,銀行業,3d,3営業日,1,3,3,0.03213799571330619,0.03169095535507749,1.0,サンプル不足,-0.027516461863693463
v5,return_20d,20日モメンタム,20営業日の騰落率,True,業種,銀行業,3d,3営業日,2,1,1,0.03023255813953485,0.03023255813953485,1.0,サンプル不足,-0.027516461863693463
v5,return_20d,20日モメンタム,20営業日の騰落率,True,業種,銀行業,3d,3営業日,3,1,1,0.0046215338496127245,0.0046215338496127245,1.0,サンプル不足,-0.027516461863693463
v5,return_20d,20日モメンタム,20営業日の騰落率,True,業種,銀行業,5d,5営業日,1,3,3,-0.015631253606257983,-0.018736988202637028,0.0,サンプル不足,-0.01984214134752667
v5,return_20d,20日モメンタム,20営業日の騰落率,True,業種,銀行業,5d,5営業日,2,1,1,-0.014573643410852766,-0.014573643410852766,0.0,サンプル不足,-0.01984214134752667
v5,return_20d,20日モメンタム,20営業日の騰落率,True,業種,銀行業,5d,5営業日,3,1,1,-0.035473394953784654,-0.035473394953784654,0.0,サンプル不足,-0.01984214134752667
v5,return_20d,20日モメンタム,20営業日の騰落率,True,業種,電気・ガス業,10d,10営業日,1,1,1,0.10313108084203071,0.10313108084203071,1.0,サンプル不足,0.0
v5,return_20d,20日モメンタム,20営業日の騰落率,True,業種,電気・ガス業,1d,1営業日,1,1,1,0.002476561117990439,0.002476561117990439,1.0,サンプル不足,0.0
v5,return_20d,20日モメンタム,20営業日の騰落率,True,業種,電気・ガス業,3d,3営業日,1,1,1,0.012736600035379464,0.012736600035379464,1.0,サンプル不足,0.0
v5,return_20d,20日モメンタム,20営業日の騰落率,True,業種,電気・ガス業,5d,5営業日,1,1,1,0.03307978064744388,0.03307978064744388,1.0,サンプル不足,0.0
v5,return_20d,20日モメンタム,20営業日の騰落率,True,業種,電気機器,10d,10営業日,1,2,2,-0.011693863997178144,-0.011693863997178144,0.0,サンプル不足,0.026576614468824984
v5,return_20d,20日モメンタム,20営業日の騰落率,True,業種,電気機器,10d,10営業日,2,3,3,-0.16070446441048392,-0.1927542963307014,0.0,サンプル不足,0.026576614468824984
v5,return_20d,20日モメンタム,20営業日の騰落率,True,業種,電気機器,10d,10営業日,3,5,5,0.018287374378453815,0.050478677110531,0.8,サンプル不足,0.026576614468824984
v5,return_20d,20日モメンタム,20営業日の騰落率,True,業種,電気機器,10d,10営業日,4,4,4,0.0664534782477392,0.07773170917686534,0.75,サンプル不足,0.026576614468824984
v5,return_20d,20日モメンタム,20営業日の騰落率,True,業種,電気機器,10d,10営業日,5,11,11,0.014882750471646838,0.07437500000000008,0.6363636363636364,サンプル不足,0.026576614468824984
v5,return_20d,20日モメンタム,20営業日の騰落率,True,業種,電気機器,1d,1営業日,1,2,2,0.0041290955442849775,0.0041290955442849775,0.5,サンプル不足,0.018437813133018288
v5,return_20d,20日モメンタム,20営業日の騰落率,True,業種,電気機器,1d,1営業日,2,3,3,-0.000570034630350051,-0.0032751091703057122,0.3333333333333333,サンプル不足,0.018437813133018288
v5,return_20d,20日モメンタム,20営業日の騰落率,True,業種,電気機器,1d,1営業日,3,5,5,0.014043059466629568,0.01196692776327235,0.8,サンプル不足,0.018437813133018288
v5,return_20d,20日モメンタム,20営業日の騰落率,True,業種,電気機器,1d,1営業日,4,4,4,0.008221921834681234,0.011416488451855167,0.75,サンプル不足,0.018437813133018288
v5,return_20d,20日モメンタム,20営業日の騰落率,True,業種,電気機器,1d,1営業日,5,11,11,0.022566908677303266,0.012629161882893314,0.7272727272727273,サンプル不足,0.018437813133018288
v5,return_20d,20日モメンタム,20営業日の騰落率,True,業種,電気機器,3d,3営業日,1,2,2,0.03824831584954902,0.03824831584954902,1.0,サンプル不足,-0.0007196788638088314
v5,return_20d,20日モメンタム,20営業日の騰落率,True,業種,電気機器,3d,3営業日,2,3,3,-0.048454918144781416,-0.0589874593590339,0.0,サンプル不足,-0.0007196788638088314
v5,return_20d,20日モメンタム,20営業日の騰落率,True,業種,電気機器,3d,3営業日,3,5,5,0.04995948191685459,0.061224489795918435,0.8,サンプル不足,-0.0007196788638088314
v5,return_20d,20日モメンタム,20営業日の騰落率,True,業種,電気機器,3d,3営業日,4,4,4,0.05318727354170544,0.053393945045381086,0.75,サンプル不足,-0.0007196788638088314
v5,return_20d,20日モメンタム,20営業日の騰落率,True,業種,電気機器,3d,3営業日,5,11,11,0.03752863698574019,0.07718050617025729,0.7272727272727273,サンプル不足,-0.0007196788638088314
v5,return_20d,20日モメンタム,20営業日の騰落率,True,業種,電気機器,5d,5営業日,1,2,2,-0.02953157591208222,-0.02953157591208222,0.0,サンプル不足,-0.03328942801563818
v5,return_20d,20日モメンタム,20営業日の騰落率,True,業種,電気機器,5d,5営業日,2,3,3,-0.08865112652262264,-0.1212261960055736,0.0,サンプル不足,-0.03328942801563818
v5,return_20d,20日モメンタム,20営業日の騰落率,True,業種,電気機器,5d,5営業日,3,5,5,-0.01718073891882115,-0.0063775510204081565,0.4,サンプル不足,-0.03328942801563818
v5,return_20d,20日モメンタム,20営業日の騰落率,True,業種,電気機器,5d,5営業日,4,4,4,0.01147965775235646,0.023412439908998217,0.5,サンプル不足,-0.03328942801563818
v5,return_20d,20日モメンタム,20営業日の騰落率,True,業種,電気機器,5d,5営業日,5,11,11,-0.0628210039277204,-0.03965844734111246,0.2727272727272727,サンプル不足,-0.03328942801563818
v5,return_20d,20日モメンタム,20営業日の騰落率,True,業種,非鉄金属,10d,10営業日,2,1,1,-0.03366926248282176,-0.03366926248282176,0.0,サンプル不足,-0.044704721257015634
v5,return_20d,20日モメンタム,20営業日の騰落率,True,業種,非鉄金属,10d,10営業日,3,1,1,-0.0783739837398374,-0.0783739837398374,0.0,サンプル不足,-0.044704721257015634
v5,return_20d,20日モメンタム,20営業日の騰落率,True,業種,非鉄金属,1d,1営業日,2,1,1,0.000916170407695871,0.000916170407695871,1.0,サンプル不足,-0.009046251708508923
v5,return_20d,20日モメンタム,20営業日の騰落率,True,業種,非鉄金属,1d,1営業日,3,1,1,-0.008130081300813052,-0.008130081300813052,0.0,サンプル不足,-0.009046251708508923
v5,return_20d,20日モメンタム,20営業日の騰落率,True,業種,非鉄金属,3d,3営業日,2,1,1,0.22194228126431526,0.22194228126431526,1.0,サンプル不足,-0.12438130565455907
v5,return_20d,20日モメンタム,20営業日の騰落率,True,業種,非鉄金属,3d,3営業日,3,1,1,0.09756097560975618,0.09756097560975618,1.0,サンプル不足,-0.12438130565455907
v5,return_20d,20日モメンタム,20営業日の騰落率,True,業種,非鉄金属,5d,5営業日,2,1,1,0.06115437471369667,0.06115437471369667,1.0,サンプル不足,-0.06725193568930643
v5,return_20d,20日モメンタム,20営業日の騰落率,True,業種,非鉄金属,5d,5営業日,3,1,1,-0.0060975609756097615,-0.0060975609756097615,0.0,サンプル不足,-0.06725193568930643
v5,return_20d,20日モメンタム,20営業日の騰落率,True,業種,食料品,10d,10営業日,1,1,1,0.15636704119850187,0.15636704119850187,1.0,サンプル不足,0.0
v5,return_20d,20日モメンタム,20営業日の騰落率,True,業種,食料品,1d,1営業日,1,1,1,0.08370786516853923,0.08370786516853923,1.0,サンプル不足,0.0
v5,return_20d,20日モメンタム,20営業日の騰落率,True,業種,食料品,3d,3営業日,1,1,1,0.15355805243445686,0.15355805243445686,1.0,サンプル不足,0.0
v5,return_20d,20日モメンタム,20営業日の騰落率,True,業種,食料品,5d,5営業日,1,1,1,0.02621722846441954,0.02621722846441954,1.0,サンプル不足,0.0
v5,return_60d,60日モメンタム,60営業日の騰落率,True,全体,全体,10d,10営業日,1,20,20,-0.03490105007679848,-0.036042473339702064,0.3,サンプル不足,0.045352851964651976
v5,return_60d,60日モメンタム,60営業日の騰落率,True,全体,全体,10d,10営業日,2,20,20,-0.0004745152326902039,-0.013027136409327178,0.3,サンプル不足,0.045352851964651976
v5,return_60d,60日モメンタム,60営業日の騰落率,True,全体,全体,10d,10営業日,3,20,20,0.007908025284405281,-0.004872933571127669,0.35,サンプル不足,0.045352851964651976
v5,return_60d,60日モメンタム,60営業日の騰落率,True,全体,全体,10d,10営業日,4,20,20,0.015019080190263438,0.008856236380822299,0.5,サンプル不足,0.045352851964651976
v5,return_60d,60日モメンタム,60営業日の騰落率,True,全体,全体,10d,10営業日,5,20,20,0.010451801887853496,0.002604508432450397,0.55,サンプル不足,0.045352851964651976
v5,return_60d,60日モメンタム,60営業日の騰落率,True,全体,全体,1d,1営業日,1,20,20,-0.005166530058815192,-0.0018835713169037538,0.45,サンプル不足,0.02972478218180127
v5,return_60d,60日モメンタム,60営業日の騰落率,True,全体,全体,1d,1営業日,2,20,20,0.014051544159808615,0.013925529319235408,0.6,サンプル不足,0.02972478218180127
v5,return_60d,60日モメンタム,60営業日の騰落率,True,全体,全体,1d,1営業日,3,20,20,0.018730174282423205,0.009022828667471137,0.55,サンプル不足,0.02972478218180127
v5,return_60d,60日モメンタム,60営業日の騰落率,True,全体,全体,1d,1営業日,4,20,20,0.012651118787085339,0.009247171453437786,0.55,サンプル不足,0.02972478218180127
v5,return_60d,60日モメンタム,60営業日の騰落率,True,全体,全体,1d,1営業日,5,20,20,0.02455825212298608,0.012432547893967083,0.65,サンプル不足,0.02972478218180127
v5,return_60d,60日モメンタム,60営業日の騰落率,True,全体,全体,3d,3営業日,1,20,20,0.0090768272711999,0.00029743690981476334,0.5,サンプル不足,0.02732969987622482
v5,return_60d,60日モメンタム,60営業日の騰落率,True,全体,全体,3d,3営業日,2,20,20,0.026787539575589603,0.0164745917150243,0.6,サンプル不足,0.02732969987622482
v5,return_60d,60日モメンタム,60営業日の騰落率,True,全体,全体,3d,3営業日,3,20,20,0.050615266289242525,0.031148515300078228,0.8,サンプル不足,0.02732969987622482
v5,return_60d,60日モメンタム,60営業日の騰落率,True,全体,全体,3d,3営業日,4,20,20,0.04556836409890386,0.050164833756750626,0.65,サンプル不足,0.02732969987622482
v5,return_60d,60日モメンタム,60営業日の騰落率,True,全体,全体,3d,3営業日,5,20,20,0.03640652714742472,0.04482317838357408,0.7,サンプル不足,0.02732969987622482
v5,return_60d,60日モメンタム,60営業日の騰落率,True,全体,全体,5d,5営業日,1,20,20,-0.023156329271724924,-0.014757270733177619,0.35,サンプル不足,-0.015559494565441298
v5,return_60d,60日モメンタム,60営業日の騰落率,True,全体,全体,5d,5営業日,2,20,20,-0.021643118137255495,-0.020418027026631314,0.25,サンプル不足,-0.015559494565441298
v5,return_60d,60日モメンタム,60営業日の騰落率,True,全体,全体,5d,5営業日,3,20,20,-0.0002874826712232395,-0.01885494509874258,0.3,サンプル不足,-0.015559494565441298
v5,return_60d,60日モメンタム,60営業日の騰落率,True,全体,全体,5d,5営業日,4,20,20,-0.010340431591222287,-0.02197739074491062,0.35,サンプル不足,-0.015559494565441298
v5,return_60d,60日モメンタム,60営業日の騰落率,True,全体,全体,5d,5営業日,5,20,20,-0.03871582383716622,-0.04160894463345295,0.4,サンプル不足,-0.015559494565441298
v5,return_60d,60日モメンタム,60営業日の騰落率,True,業種,その他金融業,10d,10営業日,2,1,1,-0.05977272727272731,-0.05977272727272731,0.0,サンプル不足,0.0
v5,return_60d,60日モメンタム,60営業日の騰落率,True,業種,その他金融業,1d,1営業日,2,1,1,0.02659090909090911,0.02659090909090911,1.0,サンプル不足,0.0
v5,return_60d,60日モメンタム,60営業日の騰落率,True,業種,その他金融業,3d,3営業日,2,1,1,-0.020454545454545503,-0.020454545454545503,0.0,サンプル不足,0.0
v5,return_60d,60日モメンタム,60営業日の騰落率,True,業種,その他金融業,5d,5営業日,2,1,1,-0.08386363636363636,-0.08386363636363636,0.0,サンプル不足,0.0
v5,return_60d,60日モメンタム,60営業日の騰落率,True,業種,ガラス・土石製品,10d,10営業日,1,1,1,-0.054102795311091,-0.054102795311091,0.0,サンプル不足,-0.042439931368621904
v5,return_60d,60日モメンタム,60営業日の騰落率,True,業種,ガラス・土石製品,10d,10営業日,3,1,1,-0.0711246200607902,-0.0711246200607902,0.0,サンプル不足,-0.042439931368621904
v5,return_60d,60日モメンタム,60営業日の騰落率,True,業種,ガラス・土石製品,10d,10営業日,4,1,1,-0.00862630208333337,-0.00862630208333337,0.0,サンプル不足,-0.042439931368621904
v5,return_60d,60日モメンタム,60営業日の騰落率,True,業種,ガラス・土石製品,10d,10営業日,5,1,1,-0.0965427266797129,-0.0965427266797129,0.0,サンプル不足,-0.042439931368621904
v5,return_60d,60日モメンタム,60営業日の騰落率,True,業種,ガラス・土石製品,1d,1営業日,1,1,1,0.0144274120829577,0.0144274120829577,1.0,サンプル不足,0.1923566714134546
v5,return_60d,60日モメンタム,60営業日の騰落率,True,業種,ガラス・土石製品,1d,1営業日,3,1,1,-0.0012158054711246,-0.0012158054711246,0.0,サンプル不足,0.1923566714134546
v5,return_60d,60日モメンタム,60営業日の騰落率,True,業種,ガラス・土石製品,1d,1営業日,4,1,1,-0.01529947916666663,-0.01529947916666663,0.0,サンプル不足,0.1923566714134546
v5,return_60d,60日モメンタム,60営業日の騰落率,True,業種,ガラス・土石製品,1d,1営業日,5,1,1,0.2067840834964123,0.2067840834964123,1.0,サンプル不足,0.1923566714134546
v5,return_60d,60日モメンタム,60営業日の騰落率,True,業種,ガラス・土石製品,3d,3営業日,1,1,1,0.1100090171325518,0.1100090171325518,1.0,サンプル不足,0.02762959995811999
v5,return_60d,60日モメンタム,60営業日の騰落率,True,業種,ガラス・土石製品,3d,3営業日,3,1,1,-0.006079027355623,-0.006079027355623,0.0,サンプル不足,0.02762959995811999
v5,return_60d,60日モメンタム,60営業日の騰落率,True,業種,ガラス・土石製品,3d,3営業日,4,1,1,-0.01529947916666663,-0.01529947916666663,0.0,サンプル不足,0.02762959995811999
v5,return_60d,60日モメンタム,60営業日の騰落率,True,業種,ガラス・土石製品,3d,3営業日,5,1,1,0.1376386170906718,0.1376386170906718,1.0,サンプル不足,0.02762959995811999
v5,return_60d,60日モメンタム,60営業日の騰落率,True,業種,ガラス・土石製品,5d,5営業日,1,1,1,0.0,0.0,0.0,サンプル不足,0.2504892367906066
v5,return_60d,60日モメンタム,60営業日の騰落率,True,業種,ガラス・土石製品,5d,5営業日,3,1,1,-0.0370820668693009,-0.0370820668693009,0.0,サンプル不足,0.2504892367906066
v5,return_60d,60日モメンタム,60営業日の騰落率,True,業種,ガラス・土石製品,5d,5営業日,4,1,1,-0.02718098958333337,-0.02718098958333337,0.0,サンプル不足,0.2504892367906066
v5,return_60d,60日モメンタム,60営業日の騰落率,True,業種,ガラス・土石製品,5d,5営業日,5,1,1,0.2504892367906066,0.2504892367906066,1.0,サンプル不足,0.2504892367906066
v5,return_60d,60日モメンタム,60営業日の騰落率,True,業種,サービス業,10d,10営業日,1,2,2,-0.019681307419829944,-0.019681307419829944,0.5,サンプル不足,0.11568891198256755
v5,return_60d,60日モメンタム,60営業日の騰落率,True,業種,サービス業,10d,10営業日,2,2,2,0.001641020084918201,0.001641020084918201,0.5,サンプル不足,0.11568891198256755
v5,return_60d,60日モメンタム,60営業日の騰落率,True,業種,サービス業,10d,10営業日,3,1,1,0.02279202279202286,0.02279202279202286,1.0,サンプル不足,0.11568891198256755
v5,return_60d,60日モメンタム,60営業日の騰落率,True,業種,サービス業,10d,10営業日,4,1,1,0.0960076045627376,0.0960076045627376,1.0,サンプル不足,0.11568891198256755
v5,return_60d,60日モメンタム,60営業日の騰落率,True,業種,サービス業,1d,1営業日,1,2,2,-0.007750578032081889,-0.007750578032081889,0.0,サンプル不足,0.06906236510432516
v5,return_60d,60日モメンタム,60営業日の騰落率,True,業種,サービス業,1d,1営業日,2,2,2,-0.0037941484645312006,-0.0037941484645312006,0.5,サンプル不足,0.06906236510432516
v5,return_60d,60日モメンタム,60営業日の騰落率,True,業種,サービス業,1d,1営業日,3,1,1,-0.02792022792022797,-0.02792022792022797,0.0,サンプル不足,0.06906236510432516
v5,return_60d,60日モメンタム,60営業日の騰落率,True,業種,サービス業,1d,1営業日,4,1,1,0.06131178707224327,0.06131178707224327,1.0,サンプル不足,0.06906236510432516
v5,return_60d,60日モメンタム,60営業日の騰落率,True,業種,サービス業,3d,3営業日,1,2,2,-0.00882546825301411,-0.00882546825301411,0.5,サンプル不足,0.059205696389896256
v5,return_60d,60日モメンタム,60営業日の騰落率,True,業種,サービス業,3d,3営業日,2,2,2,0.00150797578144581,0.00150797578144581,0.5,サンプル不足,0.059205696389896256
v5,return_60d,60日モメンタム,60営業日の騰落率,True,業種,サービス業,3d,3営業日,3,1,1,0.14757834757834765,0.14757834757834765,1.0,サンプル不足,0.059205696389896256
v5,return_60d,60日モメンタム,60営業日の騰落率,True,業種,サービス業,3d,3営業日,4,1,1,0.050380228136882144,0.050380228136882144,1.0,サンプル不足,0.059205696389896256
v5,return_60d,60日モメンタム,60営業日の騰落率,True,業種,サービス業,5d,5営業日,1,2,2,-0.023751250324082276,-0.023751250324082276,0.5,サンプル不足,0.09076645944955748
v5,return_60d,60日モメンタム,60営業日の騰落率,True,業種,サービス業,5d,5営業日,2,2,2,-0.006345567702007627,-0.006345567702007627,0.5,サンプル不足,0.09076645944955748
v5,return_60d,60日モメンタム,60営業日の騰落率,True,業種,サービス業,5d,5営業日,3,1,1,0.05982905982905984,0.05982905982905984,1.0,サンプル不足,0.09076645944955748
v5,return_60d,60日モメンタム,60営業日の騰落率,True,業種,サービス業,5d,5営業日,4,1,1,0.0670152091254752,0.0670152091254752,1.0,サンプル不足,0.09076645944955748
v5,return_60d,60日モメンタム,60営業日の騰落率,True,業種,パルプ・紙,10d,10営業日,5,1,1,0.032064128256513,0.032064128256513,1.0,サンプル不足,0.0
v5,return_60d,60日モメンタム,60営業日の騰落率,True,業種,パルプ・紙,1d,1営業日,5,1,1,0.066132264529058,0.066132264529058,1.0,サンプル不足,0.0
v5,return_60d,60日モメンタム,60営業日の騰落率,True,業種,パルプ・紙,3d,3営業日,5,1,1,0.0220440881763526,0.0220440881763526,1.0,サンプル不足,0.0
v5,return_60d,60日モメンタム,60営業日の騰落率,True,業種,パルプ・紙,5d,5営業日,5,1,1,-0.0420841683366733,-0.0420841683366733,0.0,サンプル不足,0.0
v5,return_60d,60日モメンタム,60営業日の騰落率,True,業種,不動産業,10d,10営業日,2,1,1,-0.09090909090909094,-0.09090909090909094,0.0,サンプル不足,0.2504835589941973
v5,return_60d,60日モメンタム,60営業日の騰落率,True,業種,不動産業,10d,10営業日,4,1,1,0.15957446808510634,0.15957446808510634,1.0,サンプル不足,0.2504835589941973
v5,return_60d,60日モメンタム,60営業日の騰落率,True,業種,不動産業,1d,1営業日,2,1,1,-0.09090909090909094,-0.09090909090909094,0.0,サンプル不足,0.06963249516441006
v5,return_60d,60日モメンタム,60営業日の騰落率,True,業種,不動産業,1d,1営業日,4,1,1,-0.021276595744680882,-0.021276595744680882,0.0,サンプル不足,0.06963249516441006
v5,return_60d,60日モメンタム,60営業日の騰落率,True,業種,不動産業,3d,3営業日,2,1,1,-0.09090909090909094,-0.09090909090909094,0.0,サンプル不足,0.04835589941972929
v5,return_60d,60日モメンタム,60営業日の騰落率,True,業種,不動産業,3d,3営業日,4,1,1,-0.04255319148936165,-0.04255319148936165,0.0,サンプル不足,0.04835589941972929
v5,return_60d,60日モメンタム,60営業日の騰落率,True,業種,不動産業,5d,5営業日,2,1,1,-0.09090909090909094,-0.09090909090909094,0.0,サンプル不足,0.06963249516441006
v5,return_60d,60日モメンタム,60営業日の騰落率,True,業種,不動産業,5d,5営業日,4,1,1,-0.021276595744680882,-0.021276595744680882,0.0,サンプル不足,0.06963249516441006
v5,return_60d,60日モメンタム,60営業日の騰落率,True,業種,保険業,10d,10営業日,1,1,1,-0.06056616194865039,-0.06056616194865039,0.0,サンプル不足,0.05945071298044069
v5,return_60d,60日モメンタム,60営業日の騰落率,True,業種,保険業,10d,10営業日,3,1,1,-0.001115448968209698,-0.001115448968209698,0.0,サンプル不足,0.05945071298044069
v5,return_60d,60日モメンタム,60営業日の騰落率,True,業種,保険業,1d,1営業日,1,1,1,0.006802721088435382,0.006802721088435382,1.0,サンプル不足,0.008534702224447965
v5,return_60d,60日モメンタム,60営業日の騰落率,True,業種,保険業,1d,1営業日,3,1,1,0.015337423312883347,0.015337423312883347,1.0,サンプル不足,0.008534702224447965
v5,return_60d,60日モメンタム,60営業日の騰落率,True,業種,保険業,3d,3営業日,1,1,1,0.01821373710774643,0.01821373710774643,1.0,サンプル不足,0.004931828982605024
v5,return_60d,60日モメンタム,60営業日の騰落率,True,業種,保険業,3d,3営業日,3,1,1,0.023145566090351455,0.023145566090351455,1.0,サンプル不足,0.004931828982605024
v5,return_60d,60日モメンタム,60営業日の騰落率,True,業種,保険業,5d,5営業日,1,1,1,-0.023480359885889812,-0.023480359885889812,0.0,サンプル不足,-0.012771731580925594
v5,return_60d,60日モメンタム,60営業日の騰落率,True,業種,保険業,5d,5営業日,3,1,1,-0.036252091466815406,-0.036252091466815406,0.0,サンプル不足,-0.012771731580925594
v5,return_60d,60日モメンタム,60営業日の騰落率,True,業種,化学,10d,10営業日,1,4,4,-0.017972868747466703,-0.021302814165330308,0.25,サンプル不足,-0.09039215026394012
v5,return_60d,60日モメンタム,60営業日の騰落率,True,業種,化学,10d,10営業日,2,2,2,-0.019660564454614782,-0.019660564454614782,0.0,サンプル不足,-0.09039215026394012
v5,return_60d,60日モメンタム,60営業日の騰落率,True,業種,化学,10d,10営業日,4,1,1,-0.10836501901140683,-0.10836501901140683,0.0,サンプル不足,-0.09039215026394012
v5,return_60d,60日モメンタム,60営業日の騰落率,True,業種,化学,1d,1営業日,1,4,4,-0.0035916647391603107,-0.007637032097928542,0.25,サンプル不足,0.053021322533837206
v5,return_60d,60日モメンタム,60営業日の騰落率,True,業種,化学,1d,1営業日,2,2,2,-0.011153699466056433,-0.011153699466056433,0.0,サンプル不足,0.053021322533837206
v5,return_60d,60日モメンタム,60営業日の騰落率,True,業種,化学,1d,1営業日,4,1,1,0.049429657794676896,0.049429657794676896,1.0,サンプル不足,0.053021322533837206
v5,return_60d,60日モメンタム,60営業日の騰落率,True,業種,化学,3d,3営業日,1,4,4,-0.013270565629064285,-0.017953398373740104,0.25,サンプル不足,-3.741916181018712e-05
v5,return_60d,60日モメンタム,60営業日の騰落率,True,業種,化学,3d,3営業日,2,2,2,0.03093249427917616,0.03093249427917616,0.5,サンプル不足,-3.741916181018712e-05
v5,return_60d,60日モメンタム,60営業日の騰落率,True,業種,化学,3d,3営業日,4,1,1,-0.013307984790874472,-0.013307984790874472,0.0,サンプル不足,-3.741916181018712e-05
v5,return_60d,60日モメンタム,60営業日の騰落率,True,業種,化学,5d,5営業日,1,4,4,-0.034000369890422155,-0.036253696263672364,0.25,サンプル不足,-0.033490124406155786
v5,return_60d,60日モメンタム,60営業日の騰落率,True,業種,化学,5d,5営業日,2,2,2,0.0006636155606407068,0.0006636155606407068,0.5,サンプル不足,-0.033490124406155786
v5,return_60d,60日モメンタム,60営業日の騰落率,True,業種,化学,5d,5営業日,4,1,1,-0.06749049429657794,-0.06749049429657794,0.0,サンプル不足,-0.033490124406155786
v5,return_60d,60日モメンタム,60営業日の騰落率,True,業種,卸売業,10d,10営業日,1,1,1,-0.0235674676524954,-0.0235674676524954,0.0,サンプル不足,0.08022902967393486
v5,return_60d,60日モメンタム,60営業日の騰落率,True,業種,卸売業,10d,10営業日,3,1,1,0.05666156202143946,0.05666156202143946,1.0,サンプル不足,0.08022902967393486
v5,return_60d,60日モメンタム,60営業日の騰落率,True,業種,卸売業,1d,1営業日,1,1,1,-0.0009242144177449285,-0.0009242144177449285,0.0,サンプル不足,0.03920905362142035
v5,return_60d,60日モメンタム,60営業日の騰落率,True,業種,卸売業,1d,1営業日,3,1,1,0.038284839203675425,0.038284839203675425,1.0,サンプル不足,0.03920905362142035
v5,return_60d,60日モメンタム,60営業日の騰落率,True,業種,卸売業,3d,3営業日,1,1,1,-0.01802218114602583,-0.01802218114602583,0.0,サンプル不足,0.10224882739411167
v5,return_60d,60日モメンタム,60営業日の騰落率,True,業種,卸売業,3d,3営業日,3,1,1,0.08422664624808585,0.08422664624808585,1.0,サンプル不足,0.10224882739411167
v5,return_60d,60日モメンタム,60営業日の騰落率,True,業種,卸売業,5d,5営業日,1,1,1,-0.008317929759704246,-0.008317929759704246,0.0,サンプル不足,0.040477194690791585
v5,return_60d,60日モメンタム,60営業日の騰落率,True,業種,卸売業,5d,5営業日,3,1,1,0.03215926493108734,0.03215926493108734,1.0,サンプル不足,0.040477194690791585
v5,return_60d,60日モメンタム,60営業日の騰落率,True,業種,小売業,10d,10営業日,1,1,1,-0.017505470459518557,-0.017505470459518557,0.0,サンプル不足,0.017505470459518557
v5,return_60d,60日モメンタム,60営業日の騰落率,True,業種,小売業,10d,10営業日,2,1,1,0.03282828282828287,0.03282828282828287,1.0,サンプル不足,0.017505470459518557
v5,return_60d,60日モメンタム,60営業日の騰落率,True,業種,小売業,10d,10営業日,3,1,1,0.0,0.0,0.0,サンプル不足,0.017505470459518557
v5,return_60d,60日モメンタム,60営業日の騰落率,True,業種,小売業,1d,1営業日,1,1,1,-0.005251641137855589,-0.005251641137855589,0.0,サンプル不足,0.005251641137855589
v5,return_60d,60日モメンタム,60営業日の騰落率,True,業種,小売業,1d,1営業日,2,1,1,0.04166666666666674,0.04166666666666674,1.0,サンプル不足,0.005251641137855589
v5,return_60d,60日モメンタム,60営業日の騰落率,True,業種,小売業,1d,1営業日,3,1,1,0.0,0.0,0.0,サンプル不足,0.005251641137855589
v5,return_60d,60日モメンタム,60営業日の騰落率,True,業種,小売業,3d,3営業日,1,1,1,-0.014879649890590763,-0.014879649890590763,0.0,サンプル不足,-0.008108855856535636
v5,return_60d,60日モメンタム,60営業日の騰落率,True,業種,小売業,3d,3営業日,2,1,1,0.025252525252525304,0.025252525252525304,1.0,サンプル不足,-0.008108855856535636
v5,return_60d,60日モメンタム,60営業日の騰落率,True,業種,小売業,3d,3営業日,3,1,1,-0.0229885057471264,-0.0229885057471264,0.0,サンプル不足,-0.008108855856535636
v5,return_60d,60日モメンタム,60営業日の騰落率,True,業種,小売業,5d,5営業日,1,1,1,-0.04070021881838071,-0.04070021881838071,0.0,サンプル不足,-0.004127367388515796
v5,return_60d,60日モメンタム,60営業日の騰落率,True,業種,小売業,5d,5営業日,2,1,1,-0.02146464646464652,-0.02146464646464652,0.0,サンプル不足,-0.004127367388515796
v5,return_60d,60日モメンタム,60営業日の騰落率,True,業種,小売業,5d,5営業日,3,1,1,-0.0448275862068965,-0.0448275862068965,0.0,サンプル不足,-0.004127367388515796
v5,return_60d,60日モメンタム,60営業日の騰落率,True,業種,建設業,10d,10営業日,1,2,2,-0.08126967165410691,-0.08126967165410691,0.5,サンプル不足,0.0
v5,return_60d,60日モメンタム,60営業日の騰落率,True,業種,建設業,1d,1営業日,1,2,2,0.0032556912820974997,0.0032556912820974997,0.5,サンプル不足,0.0
v5,return_60d,60日モメンタム,60営業日の騰落率,True,業種,建設業,3d,3営業日,1,2,2,-0.048379760137671174,-0.048379760137671174,0.5,サンプル不足,0.0
v5,return_60d,60日モメンタム,60営業日の騰落率,True,業種,建設業,5d,5営業日,1,2,2,-0.04495695481667489,-0.04495695481667489,0.5,サンプル不足,0.0
v5,return_60d,60日モメンタム,60営業日の騰落率,True,業種,情報・通信業,10d,10営業日,4,3,3,-0.07798532040367116,-0.04340704340704338,0.0,サンプル不足,-0.07536210736236128
v5,return_60d,60日モメンタム,60営業日の騰落率,True,業種,情報・通信業,10d,10営業日,5,2,2,-0.15334742776603244,-0.15334742776603244,0.0,サンプル不足,-0.07536210736236128
v5,return_60d,60日モメンタム,60営業日の騰落率,True,業種,情報・通信業,1d,1営業日,4,3,3,0.01028152059337061,-0.0110011001100109,0.3333333333333333,サンプル不足,-0.0635827010021091
v5,return_60d,60日モメンタム,60営業日の騰落率,True,業種,情報・通信業,1d,1営業日,5,2,2,-0.05330118040873849,-0.05330118040873849,0.5,サンプル不足,-0.0635827010021091
v5,return_60d,60日モメンタム,60営業日の騰落率,True,業種,情報・通信業,3d,3営業日,4,3,3,0.03648911449930527,-0.0033003300330033,0.3333333333333333,サンプル不足,-0.14488411097569703
v5,return_60d,60日モメンタム,60営業日の騰落率,True,業種,情報・通信業,3d,3営業日,5,2,2,-0.10839499647639175,-0.10839499647639175,0.5,サンプル不足,-0.14488411097569703
v5,return_60d,60日モメンタム,60営業日の騰落率,True,業種,情報・通信業,5d,5営業日,4,3,3,-0.022052828970682687,-0.0308030803080308,0.3333333333333333,サンプル不足,-0.11821100119140325
v5,return_60d,60日モメンタム,60営業日の騰落率,True,業種,情報・通信業,5d,5営業日,5,2,2,-0.14026383016208593,-0.14026383016208593,0.0,サンプル不足,-0.11821100119140325
v5,return_60d,60日モメンタム,60営業日の騰落率,True,業種,機械,10d,10営業日,1,3,3,-0.044806640757560995,-0.0920245398773006,0.3333333333333333,サンプル不足,0.24482338625386096
v5,return_60d,60日モメンタム,60営業日の騰落率,True,業種,機械,10d,10営業日,2,2,2,0.05493283540493843,0.05493283540493843,0.5,サンプル不足,0.24482338625386096
v5,return_60d,60日モメンタム,60営業日の騰落率,True,業種,機械,10d,10営業日,3,2,2,0.0032436662139018434,0.0032436662139018434,0.5,サンプル不足,0.24482338625386096
v5,return_60d,60日モメンタム,60営業日の騰落率,True,業種,機械,10d,10営業日,4,3,3,0.025843059732227645,0.020382165605095537,0.6666666666666666,サンプル不足,0.24482338625386096
v5,return_60d,60日モメンタム,60営業日の騰落率,True,業種,機械,10d,10営業日,5,3,3,0.20001674549629997,0.0020544427324087,0.6666666666666666,サンプル不足,0.24482338625386096
v5,return_60d,60日モメンタム,60営業日の騰落率,True,業種,機械,1d,1営業日,1,3,3,-0.03308126547390349,-0.0376623376623376,0.3333333333333333,サンプル不足,0.09794721375662208
v5,return_60d,60日モメンタム,60営業日の騰落率,True,業種,機械,1d,1営業日,2,2,2,0.06690773461159727,0.06690773461159727,1.0,サンプル不足,0.09794721375662208
v5,return_60d,60日モメンタム,60営業日の騰落率,True,業種,機械,1d,1営業日,3,2,2,-0.019547628890332413,-0.019547628890332413,0.5,サンプル不足,0.09794721375662208
v5,return_60d,60日モメンタム,60営業日の騰落率,True,業種,機械,1d,1営業日,4,3,3,0.0016050275321340044,-0.010191082802547768,0.3333333333333333,サンプル不足,0.09794721375662208
v5,return_60d,60日モメンタム,60営業日の騰落率,True,業種,機械,1d,1営業日,5,3,3,0.06486594828271858,0.0107858243451464,0.6666666666666666,サンプル不足,0.09794721375662208
v5,return_60d,60日モメンタム,60営業日の騰落率,True,業種,機械,3d,3営業日,1,3,3,-0.02070798549326151,-0.0276073619631901,0.3333333333333333,サンプル不足,0.12773047054042727
v5,return_60d,60日モメンタム,60営業日の騰落率,True,業種,機械,3d,3営業日,2,2,2,0.08182840049792839,0.08182840049792839,1.0,サンプル不足,0.12773047054042727
v5,return_60d,60日モメンタム,60営業日の騰落率,True,業種,機械,3d,3営業日,3,2,2,0.037994596350321846,0.037994596350321846,1.0,サンプル不足,0.12773047054042727
v5,return_60d,60日モメンタム,60営業日の騰落率,True,業種,機械,3d,3営業日,4,3,3,0.09067888280188297,0.10955414012738851,1.0,サンプル不足,0.12773047054042727
v5,return_60d,60日モメンタム,60営業日の騰落率,True,業種,機械,3d,3営業日,5,3,3,0.10702248504716576,0.11398963730569944,1.0,サンプル不足,0.12773047054042727
v5,return_60d,60日モメンタム,60営業日の騰落率,True,業種,機械,5d,5営業日,1,3,3,-0.048928077148936024,-0.0831168831168831,0.3333333333333333,サンプル不足,0.11068228589608306
v5,return_60d,60日モメンタム,60営業日の騰落率,True,業種,機械,5d,5営業日,2,2,2,-0.01581503260687811,-0.01581503260687811,0.5,サンプル不足,0.11068228589608306
v5,return_60d,60日モメンタム,60営業日の騰落率,True,業種,機械,5d,5営業日,3,2,2,-0.01062643949684048,-0.01062643949684048,0.0,サンプル不足,0.11068228589608306
v5,return_60d,60日モメンタム,60営業日の騰落率,True,業種,機械,5d,5営業日,4,3,3,-0.020106545694888327,-0.0251188051595383,0.0,サンプル不足,0.11068228589608306
v5,return_60d,60日モメンタム,60営業日の騰落率,True,業種,機械,5d,5営業日,5,3,3,0.061754208747147044,0.0724191063174113,1.0,サンプル不足,0.11068228589608306
v5,return_60d,60日モメンタム,60営業日の騰落率,True,業種,精密機器,10d,10営業日,1,1,1,-0.04469763365468882,-0.04469763365468882,0.0,サンプル不足,0.012059231305246498
v5,return_60d,60日モメンタム,60営業日の騰落率,True,業種,精密機器,10d,10営業日,3,4,4,0.08148559742597855,0.055230972968762115,0.75,サンプル不足,0.012059231305246498
v5,return_60d,60日モメンタム,60営業日の騰落率,True,業種,精密機器,10d,10営業日,4,2,2,-0.03263840234944232,-0.03263840234944232,0.0,サンプル不足,0.012059231305246498
v5,return_60d,60日モメンタム,60営業日の騰落率,True,業種,精密機器,1d,1営業日,1,1,1,0.019281332164767795,0.019281332164767795,1.0,サンプル不足,-0.044432614641039814
v5,return_60d,60日モメンタム,60営業日の騰落率,True,業種,精密機器,1d,1営業日,3,4,4,0.03989752312756176,0.01972063925791434,0.5,サンプル不足,-0.044432614641039814
v5,return_60d,60日モメンタム,60営業日の騰落率,True,業種,精密機器,1d,1営業日,4,2,2,-0.02515128247627202,-0.02515128247627202,0.0,サンプル不足,-0.044432614641039814
v5,return_60d,60日モメンタム,60営業日の騰落率,True,業種,精密機器,3d,3営業日,1,1,1,0.07668711656441718,0.07668711656441718,1.0,サンプル不足,-0.05542078559139496
v5,return_60d,60日モメンタム,60営業日の騰落率,True,業種,精密機器,3d,3営業日,3,4,4,0.07689692518922553,0.047262720141897474,0.75,サンプル不足,-0.05542078559139496
v5,return_60d,60日モメンタム,60営業日の騰落率,True,業種,精密機器,3d,3営業日,4,2,2,0.02126633097302222,0.02126633097302222,0.5,サンプル不足,-0.05542078559139496
v5,return_60d,60日モメンタム,60営業日の騰落率,True,業種,精密機器,5d,5営業日,1,1,1,0.014899211218229569,0.014899211218229569,1.0,サンプル不足,-0.02402835375420742
v5,return_60d,60日モメンタム,60営業日の騰落率,True,業種,精密機器,5d,5営業日,3,4,4,0.03407483355342869,0.014072902247709462,0.5,サンプル不足,-0.02402835375420742
v5,return_60d,60日モメンタム,60営業日の騰落率,True,業種,精密機器,5d,5営業日,4,2,2,-0.009129142535977852,-0.009129142535977852,0.5,サンプル不足,-0.02402835375420742
v5,return_60d,60日モメンタム,60営業日の騰落率,True,業種,証券、商品先物取引業,10d,10営業日,1,1,1,0.014930015552099496,0.014930015552099496,1.0,サンプル不足,-0.022855584125497153
v5,return_60d,60日モメンタム,60営業日の騰落率,True,業種,証券、商品先物取引業,10d,10営業日,2,1,1,-0.007925568573397657,-0.007925568573397657,0.0,サンプル不足,-0.022855584125497153
v5,return_60d,60日モメンタム,60営業日の騰落率,True,業種,証券、商品先物取引業,1d,1営業日,1,1,1,0.013996889580093264,0.013996889580093264,1.0,サンプル不足,-0.025023767595255264
v5,return_60d,60日モメンタム,60営業日の騰落率,True,業種,証券、商品先物取引業,1d,1営業日,2,1,1,-0.011026878015162,-0.011026878015162,0.0,サンプル不足,-0.025023767595255264
v5,return_60d,60日モメンタム,60営業日の騰落率,True,業種,証券、商品先物取引業,3d,3営業日,1,1,1,0.011508553654743459,0.011508553654743459,1.0,サンプル不足,-0.02150166185598401
v5,return_60d,60日モメンタム,60営業日の騰落率,True,業種,証券、商品先物取引業,3d,3営業日,2,1,1,-0.009993108201240553,-0.009993108201240553,0.0,サンプル不足,-0.02150166185598401
v5,return_60d,60日モメンタム,60営業日の騰落率,True,業種,証券、商品先物取引業,5d,5営業日,1,1,1,-0.01648522550544318,-0.01648522550544318,0.0,サンプル不足,-0.013838689036252183
v5,return_60d,60日モメンタム,60営業日の騰落率,True,業種,証券、商品先物取引業,5d,5営業日,2,1,1,-0.030323914541695363,-0.030323914541695363,0.0,サンプル不足,-0.013838689036252183
v5,return_60d,60日モメンタム,60営業日の騰落率,True,業種,輸送用機器,10d,10営業日,1,1,1,-0.1737599510104103,-0.1737599510104103,0.0,サンプル不足,-0.09980751664208509
v5,return_60d,60日モメンタム,60営業日の騰落率,True,業種,輸送用機器,10d,10営業日,3,1,1,0.2908163265306123,0.2908163265306123,1.0,サンプル不足,-0.09980751664208509
v5,return_60d,60日モメンタム,60営業日の騰落率,True,業種,輸送用機器,10d,10営業日,4,1,1,-0.0539325842696629,-0.0539325842696629,0.0,サンプル不足,-0.09980751664208509
v5,return_60d,60日モメンタム,60営業日の騰落率,True,業種,輸送用機器,10d,10営業日,5,1,1,-0.2735674676524954,-0.2735674676524954,0.0,サンプル不足,-0.09980751664208509
v5,return_60d,60日モメンタム,60営業日の騰落率,True,業種,輸送用機器,1d,1営業日,1,1,1,-0.03245560318432328,-0.03245560318432328,0.0,サンプル不足,-0.142220921769466
v5,return_60d,60日モメンタム,60営業日の騰落率,True,業種,輸送用機器,1d,1営業日,3,1,1,0.03571428571428581,0.03571428571428581,1.0,サンプル不足,-0.142220921769466
v5,return_60d,60日モメンタム,60営業日の騰落率,True,業種,輸送用機器,1d,1営業日,4,1,1,0.0719101123595504,0.0719101123595504,1.0,サンプル不足,-0.142220921769466
v5,return_60d,60日モメンタム,60営業日の騰落率,True,業種,輸送用機器,1d,1営業日,5,1,1,-0.17467652495378927,-0.17467652495378927,0.0,サンプル不足,-0.142220921769466
v5,return_60d,60日モメンタム,60営業日の騰落率,True,業種,輸送用機器,3d,3営業日,1,1,1,-0.007042253521126751,-0.007042253521126751,0.0,サンプル不足,-0.09554554684855898
v5,return_60d,60日モメンタム,60営業日の騰落率,True,業種,輸送用機器,3d,3営業日,3,1,1,0.11297376093294464,0.11297376093294464,1.0,サンプル不足,-0.09554554684855898
v5,return_60d,60日モメンタム,60営業日の騰落率,True,業種,輸送用機器,3d,3営業日,4,1,1,0.101123595505618,0.101123595505618,1.0,サンプル不足,-0.09554554684855898
v5,return_60d,60日モメンタム,60営業日の騰落率,True,業種,輸送用機器,3d,3営業日,5,1,1,-0.10258780036968573,-0.10258780036968573,0.0,サンプル不足,-0.09554554684855898
v5,return_60d,60日モメンタム,60営業日の騰落率,True,業種,輸送用機器,5d,5営業日,1,1,1,-0.06307409675443965,-0.06307409675443965,0.0,サンプル不足,-0.19108486812541248
v5,return_60d,60日モメンタム,60営業日の騰落率,True,業種,輸送用機器,5d,5営業日,3,1,1,0.2208454810495626,0.2208454810495626,1.0,サンプル不足,-0.19108486812541248
v5,return_60d,60日モメンタム,60営業日の騰落率,True,業種,輸送用機器,5d,5営業日,4,1,1,0.0179775280898877,0.0179775280898877,1.0,サンプル不足,-0.19108486812541248
v5,return_60d,60日モメンタム,60営業日の騰落率,True,業種,輸送用機器,5d,5営業日,5,1,1,-0.2541589648798521,-0.2541589648798521,0.0,サンプル不足,-0.19108486812541248
v5,return_60d,60日モメンタム,60営業日の騰落率,True,業種,金属製品,10d,10営業日,3,2,2,-0.06602070675548044,-0.06602070675548044,0.0,サンプル不足,0.27313150988845925
v5,return_60d,60日モメンタム,60営業日の騰落率,True,業種,金属製品,10d,10営業日,5,2,2,0.2071108031329788,0.2071108031329788,1.0,サンプル不足,0.27313150988845925
v5,return_60d,60日モメンタム,60営業日の騰落率,True,業種,金属製品,1d,1営業日,3,2,2,0.025793791103882302,0.025793791103882302,0.5,サンプル不足,0.06344777196669009
v5,return_60d,60日モメンタム,60営業日の騰落率,True,業種,金属製品,1d,1営業日,5,2,2,0.08924156307057239,0.08924156307057239,1.0,サンプル不足,0.06344777196669009
v5,return_60d,60日モメンタム,60営業日の騰落率,True,業種,金属製品,3d,3営業日,3,2,2,0.05413525774993966,0.05413525774993966,1.0,サンプル不足,0.14037189664071048
v5,return_60d,60日モメンタム,60営業日の騰落率,True,業種,金属製品,3d,3営業日,5,2,2,0.19450715439065014,0.19450715439065014,1.0,サンプル不足,0.14037189664071048
v5,return_60d,60日モメンタム,60営業日の騰落率,True,業種,金属製品,5d,5営業日,3,2,2,-0.02986752841861179,-0.02986752841861179,0.5,サンプル不足,0.08418247565974288
v5,return_60d,60日モメンタム,60営業日の騰落率,True,業種,金属製品,5d,5営業日,5,2,2,0.05431494724113109,0.05431494724113109,0.5,サンプル不足,0.08418247565974288
v5,return_60d,60日モメンタム,60営業日の騰落率,True,業種,鉄鋼,10d,10営業日,2,1,1,-0.0461538461538461,-0.0461538461538461,0.0,サンプル不足,0.0
v5,return_60d,60日モメンタム,60営業日の騰落率,True,業種,鉄鋼,1d,1営業日,2,1,1,-0.03538461538461535,-0.03538461538461535,0.0,サンプル不足,0.0
v5,return_60d,60日モメンタム,60営業日の騰落率,True,業種,鉄鋼,3d,3営業日,2,1,1,-0.019230769230769273,-0.019230769230769273,0.0,サンプル不足,0.0
v5,return_60d,60日モメンタム,60営業日の騰落率,True,業種,鉄鋼,5d,5営業日,2,1,1,-0.0592307692307692,-0.0592307692307692,0.0,サンプル不足,0.0
v5,return_60d,60日モメンタム,60営業日の騰落率,True,業種,銀行業,10d,10営業日,2,3,3,-0.013848248648601754,-0.012159999999999949,0.0,サンプル不足,0.0005394124462960916
v5,return_60d,60日モメンタム,60営業日の騰落率,True,業種,銀行業,10d,10営業日,3,2,2,-0.013308836202305663,-0.013308836202305663,0.0,サンプル不足,0.0005394124462960916
v5,return_60d,60日モメンタム,60営業日の騰落率,True,業種,銀行業,1d,1営業日,2,3,3,0.04320441109050529,0.04371963913948651,1.0,サンプル不足,-0.006477905582039721
v5,return_60d,60日モメンタム,60営業日の騰落率,True,業種,銀行業,1d,1営業日,3,2,2,0.03672650550846557,0.03672650550846557,1.0,サンプル不足,-0.006477905582039721
v5,return_60d,60日モメンタム,60営業日の騰落率,True,業種,銀行業,3d,3営業日,2,3,3,0.03213799571330619,0.03169095535507749,1.0,サンプル不足,-0.014710949718732401
v5,return_60d,60日モメンタム,60営業日の騰落率,True,業種,銀行業,3d,3営業日,3,2,2,0.017427045994573787,0.017427045994573787,1.0,サンプル不足,-0.014710949718732401
v5,return_60d,60日モメンタム,60営業日の騰落率,True,業種,銀行業,5d,5営業日,2,3,3,-0.015631253606257983,-0.018736988202637028,0.0,サンプル不足,-0.009392265576060727
v5,return_60d,60日モメンタム,60営業日の騰落率,True,業種,銀行業,5d,5営業日,3,2,2,-0.02502351918231871,-0.02502351918231871,0.0,サンプル不足,-0.009392265576060727
v5,return_60d,60日モメンタム,60営業日の騰落率,True,業種,電気・ガス業,10d,10営業日,1,1,1,0.10313108084203071,0.10313108084203071,1.0,サンプル不足,0.0
v5,return_60d,60日モメンタム,60営業日の騰落率,True,業種,電気・ガス業,1d,1営業日,1,1,1,0.002476561117990439,0.002476561117990439,1.0,サンプル不足,0.0
v5,return_60d,60日モメンタム,60営業日の騰落率,True,業種,電気・ガス業,3d,3営業日,1,1,1,0.012736600035379464,0.012736600035379464,1.0,サンプル不足,0.0
v5,return_60d,60日モメンタム,60営業日の騰落率,True,業種,電気・ガス業,5d,5営業日,1,1,1,0.03307978064744388,0.03307978064744388,1.0,サンプル不足,0.0
v5,return_60d,60日モメンタム,60営業日の騰落率,True,業種,電気機器,10d,10営業日,2,5,5,-0.005241246379241046,-0.01330671989354626,0.4,サンプル不足,-0.010808241959761704
v5,return_60d,60日モメンタム,60営業日の騰落率,True,業種,電気機器,10d,10営業日,3,3,3,-0.07842199636775911,-0.03243068467176591,0.0,サンプル不足,-0.010808241959761704
v5,return_60d,60日モメンタム,60営業日の騰落率,True,業種,電気機器,10d,10営業日,4,7,7,0.062489574747863305,0.050478677110531,0.8571428571428571,サンプル不足,-0.010808241959761704
v5,return_60d,60日モメンタム,60営業日の騰落率,True,業種,電気機器,10d,10営業日,5,10,10,-0.01604948833900275,0.03876478706624609,0.6,サンプル不足,-0.010808241959761704
v5,return_60d,60日モメンタム,60営業日の騰落率,True,業種,電気機器,1d,1営業日,2,5,5,0.00657060398907808,0.007984031936127733,0.6,サンプル不足,0.006074056932543617
v5,return_60d,60日モメンタム,60営業日の騰落率,True,業種,電気機器,1d,1営業日,3,3,3,0.025665874718502398,0.0083604273107291,0.6666666666666666,サンプル不足,0.006074056932543617
v5,return_60d,60日モメンタム,60営業日の騰落率,True,業種,電気機器,1d,1営業日,4,7,7,0.017369973428944845,0.016305561760107112,0.8571428571428571,サンプル不足,0.006074056932543617
v5,return_60d,60日モメンタム,60営業日の騰落率,True,業種,電気機器,1d,1営業日,5,10,10,0.012644660921621698,0.010805466952520382,0.6,サンプル不足,0.006074056932543617
v5,return_60d,60日モメンタム,60営業日の騰落率,True,業種,電気機器,3d,3営業日,2,5,5,0.03451519987268738,0.05921490352628078,0.6,サンプル不足,-0.016740813164573203
v5,return_60d,60日モメンタム,60営業日の騰落率,True,業種,電気機器,3d,3営業日,3,3,3,0.01639535382718043,0.017281728172817257,0.6666666666666666,サンプル不足,-0.016740813164573203
v5,return_60d,60日モメンタム,60営業日の騰落率,True,業種,電気機器,3d,3営業日,4,7,7,0.05814106570469581,0.060835509138381205,0.8571428571428571,サンプル不足,-0.016740813164573203
v5,return_60d,60日モメンタム,60営業日の騰落率,True,業種,電気機器,3d,3営業日,5,10,10,0.017774386708114175,0.05695994309660968,0.6,サンプル不足,-0.016740813164573203
v5,return_60d,60日モメンタム,60営業日の騰落率,True,業種,電気機器,5d,5営業日,2,5,5,-0.01667996067688542,-0.01645207439198859,0.2,サンプル不足,-0.057512783394808295
v5,return_60d,60日モメンタム,60営業日の騰落率,True,業種,電気機器,5d,5営業日,3,3,3,-0.06652950457790825,-0.03965844734111246,0.0,サンプル不足,-0.057512783394808295
v5,return_60d,60日モメンタム,60営業日の騰落率,True,業種,電気機器,5d,5営業日,4,7,7,-0.004445268620935384,-0.0036553524804177062,0.42857142857142855,サンプル不足,-0.057512783394808295
v5,return_60d,60日モメンタム,60営業日の騰落率,True,業種,電気機器,5d,5営業日,5,10,10,-0.07419274407169371,-0.0726365917904564,0.3,サンプル不足,-0.057512783394808295
v5,return_60d,60日モメンタム,60営業日の騰落率,True,業種,非鉄金属,10d,10営業日,1,1,1,-0.03366926248282176,-0.03366926248282176,0.0,サンプル不足,-0.044704721257015634
v5,return_60d,60日モメンタム,60営業日の騰落率,True,業種,非鉄金属,10d,10営業日,3,1,1,-0.0783739837398374,-0.0783739837398374,0.0,サンプル不足,-0.044704721257015634
v5,return_60d,60日モメンタム,60営業日の騰落率,True,業種,非鉄金属,1d,1営業日,1,1,1,0.000916170407695871,0.000916170407695871,1.0,サンプル不足,-0.009046251708508923
v5,return_60d,60日モメンタム,60営業日の騰落率,True,業種,非鉄金属,1d,1営業日,3,1,1,-0.008130081300813052,-0.008130081300813052,0.0,サンプル不足,-0.009046251708508923
v5,return_60d,60日モメンタム,60営業日の騰落率,True,業種,非鉄金属,3d,3営業日,1,1,1,0.22194228126431526,0.22194228126431526,1.0,サンプル不足,-0.12438130565455907
v5,return_60d,60日モメンタム,60営業日の騰落率,True,業種,非鉄金属,3d,3営業日,3,1,1,0.09756097560975618,0.09756097560975618,1.0,サンプル不足,-0.12438130565455907
v5,return_60d,60日モメンタム,60営業日の騰落率,True,業種,非鉄金属,5d,5営業日,1,1,1,0.06115437471369667,0.06115437471369667,1.0,サンプル不足,-0.06725193568930643
v5,return_60d,60日モメンタム,60営業日の騰落率,True,業種,非鉄金属,5d,5営業日,3,1,1,-0.0060975609756097615,-0.0060975609756097615,0.0,サンプル不足,-0.06725193568930643
v5,return_60d,60日モメンタム,60営業日の騰落率,True,業種,食料品,10d,10営業日,2,1,1,0.15636704119850187,0.15636704119850187,1.0,サンプル不足,0.0
v5,return_60d,60日モメンタム,60営業日の騰落率,True,業種,食料品,1d,1営業日,2,1,1,0.08370786516853923,0.08370786516853923,1.0,サンプル不足,0.0
v5,return_60d,60日モメンタム,60営業日の騰落率,True,業種,食料品,3d,3営業日,2,1,1,0.15355805243445686,0.15355805243445686,1.0,サンプル不足,0.0
v5,return_60d,60日モメンタム,60営業日の騰落率,True,業種,食料品,5d,5営業日,2,1,1,0.02621722846441954,0.02621722846441954,1.0,サンプル不足,0.0
v5,score,総合スコア,現行の全評価要素を合成した順位スコア,True,全体,全体,10d,10営業日,1,20,20,-0.04450260226482996,-0.02053646905600698,0.2,サンプル不足,0.09743988364476375
v5,score,総合スコア,現行の全評価要素を合成した順位スコア,True,全体,全体,10d,10営業日,2,20,20,-0.0302252611464567,-0.03895033136867743,0.3,サンプル不足,0.09743988364476375
v5,score,総合スコア,現行の全評価要素を合成した順位スコア,True,全体,全体,10d,10営業日,3,20,20,-0.02850024579130876,-0.01956773174828269,0.3,サンプル不足,0.09743988364476375
v5,score,総合スコア,現行の全評価要素を合成した順位スコア,True,全体,全体,10d,10営業日,4,20,20,0.048294169875695174,0.02754326789252204,0.6,サンプル不足,0.09743988364476375
v5,score,総合スコア,現行の全評価要素を合成した順位スコア,True,全体,全体,10d,10営業日,5,20,20,0.05293728137993379,0.01760935119450255,0.6,サンプル不足,0.09743988364476375
v5,score,総合スコア,現行の全評価要素を合成した順位スコア,True,全体,全体,1d,1営業日,1,20,20,-0.010004807170194748,-0.0017222332214737457,0.45,サンプル不足,0.043050193222523944
v5,score,総合スコア,現行の全評価要素を合成した順位スコア,True,全体,全体,1d,1営業日,2,20,20,0.007732277369686675,-0.0033977110157367707,0.45,サンプル不足,0.043050193222523944
v5,score,総合スコア,現行の全評価要素を合成した順位スコア,True,全体,全体,1d,1営業日,3,20,20,0.015037758224056291,0.011848925311806223,0.65,サンプル不足,0.043050193222523944
v5,score,総合スコア,現行の全評価要素を合成した順位スコア,True,全体,全体,1d,1営業日,4,20,20,0.01901394481761063,0.012101430834156601,0.6,サンプル不足,0.043050193222523944
v5,score,総合スコア,現行の全評価要素を合成した順位スコア,True,全体,全体,1d,1営業日,5,20,20,0.0330453860523292,0.018814580941446613,0.65,サンプル不足,0.043050193222523944
v5,score,総合スコア,現行の全評価要素を合成した順位スコア,True,全体,全体,3d,3営業日,1,20,20,0.0009617690702781792,0.00029743690981476334,0.5,サンプル不足,0.039058727740323845
v5,score,総合スコア,現行の全評価要素を合成した順位スコア,True,全体,全体,3d,3営業日,2,20,20,0.029463305369016375,0.022891574611950016,0.6,サンプル不足,0.039058727740323845
v5,score,総合スコア,現行の全評価要素を合成した順位スコア,True,全体,全体,3d,3営業日,3,20,20,0.03704985904843752,0.027742541696030076,0.7,サンプル不足,0.039058727740323845
v5,score,総合スコア,現行の全評価要素を合成した順位スコア,True,全体,全体,3d,3営業日,4,20,20,0.0609590940840265,0.05553655972872895,0.75,サンプル不足,0.039058727740323845
v5,score,総合スコア,現行の全評価要素を合成した順位スコア,True,全体,全体,3d,3営業日,5,20,20,0.040020496810602026,0.05849381162156497,0.7,サンプル不足,0.039058727740323845
v5,score,総合スコア,現行の全評価要素を合成した順位スコア,True,全体,全体,5d,5営業日,1,20,20,-0.03830410818210315,-0.021919820661507772,0.25,サンプル不足,0.03338225366276885
v5,score,総合スコア,現行の全評価要素を合成した順位スコア,True,全体,全体,5d,5営業日,2,20,20,-0.020460636118007674,-0.016468649948715886,0.35,サンプル不足,0.03338225366276885
v5,score,総合スコア,現行の全評価要素を合成した順位スコア,True,全体,全体,5d,5営業日,3,20,20,-0.02027310523022483,-0.019606880409386962,0.35,サンプル不足,0.03338225366276885
v5,score,総合スコア,現行の全評価要素を合成した順位スコア,True,全体,全体,5d,5営業日,4,20,20,-0.010183481458922217,-0.026149897371435835,0.25,サンプル不足,0.03338225366276885
v5,score,総合スコア,現行の全評価要素を合成した順位スコア,True,全体,全体,5d,5営業日,5,20,20,-0.004921854519334302,-0.02197739074491062,0.45,サンプル不足,0.03338225366276885
v5,score,総合スコア,現行の全評価要素を合成した順位スコア,True,業種,その他金融業,10d,10営業日,3,1,1,-0.05977272727272731,-0.05977272727272731,0.0,サンプル不足,0.0
v5,score,総合スコア,現行の全評価要素を合成した順位スコア,True,業種,その他金融業,1d,1営業日,3,1,1,0.02659090909090911,0.02659090909090911,1.0,サンプル不足,0.0
v5,score,総合スコア,現行の全評価要素を合成した順位スコア,True,業種,その他金融業,3d,3営業日,3,1,1,-0.020454545454545503,-0.020454545454545503,0.0,サンプル不足,0.0
v5,score,総合スコア,現行の全評価要素を合成した順位スコア,True,業種,その他金融業,5d,5営業日,3,1,1,-0.08386363636363636,-0.08386363636363636,0.0,サンプル不足,0.0
v5,score,総合スコア,現行の全評価要素を合成した順位スコア,True,業種,ガラス・土石製品,10d,10営業日,1,1,1,-0.054102795311091,-0.054102795311091,0.0,サンプル不足,-0.042439931368621904
v5,score,総合スコア,現行の全評価要素を合成した順位スコア,True,業種,ガラス・土石製品,10d,10営業日,3,1,1,-0.0711246200607902,-0.0711246200607902,0.0,サンプル不足,-0.042439931368621904
v5,score,総合スコア,現行の全評価要素を合成した順位スコア,True,業種,ガラス・土石製品,10d,10営業日,4,1,1,-0.00862630208333337,-0.00862630208333337,0.0,サンプル不足,-0.042439931368621904
v5,score,総合スコア,現行の全評価要素を合成した順位スコア,True,業種,ガラス・土石製品,10d,10営業日,5,1,1,-0.0965427266797129,-0.0965427266797129,0.0,サンプル不足,-0.042439931368621904
v5,score,総合スコア,現行の全評価要素を合成した順位スコア,True,業種,ガラス・土石製品,1d,1営業日,1,1,1,0.0144274120829577,0.0144274120829577,1.0,サンプル不足,0.1923566714134546
v5,score,総合スコア,現行の全評価要素を合成した順位スコア,True,業種,ガラス・土石製品,1d,1営業日,3,1,1,-0.0012158054711246,-0.0012158054711246,0.0,サンプル不足,0.1923566714134546
v5,score,総合スコア,現行の全評価要素を合成した順位スコア,True,業種,ガラス・土石製品,1d,1営業日,4,1,1,-0.01529947916666663,-0.01529947916666663,0.0,サンプル不足,0.1923566714134546
v5,score,総合スコア,現行の全評価要素を合成した順位スコア,True,業種,ガラス・土石製品,1d,1営業日,5,1,1,0.2067840834964123,0.2067840834964123,1.0,サンプル不足,0.1923566714134546
v5,score,総合スコア,現行の全評価要素を合成した順位スコア,True,業種,ガラス・土石製品,3d,3営業日,1,1,1,0.1100090171325518,0.1100090171325518,1.0,サンプル不足,0.02762959995811999
v5,score,総合スコア,現行の全評価要素を合成した順位スコア,True,業種,ガラス・土石製品,3d,3営業日,3,1,1,-0.006079027355623,-0.006079027355623,0.0,サンプル不足,0.02762959995811999
v5,score,総合スコア,現行の全評価要素を合成した順位スコア,True,業種,ガラス・土石製品,3d,3営業日,4,1,1,-0.01529947916666663,-0.01529947916666663,0.0,サンプル不足,0.02762959995811999
v5,score,総合スコア,現行の全評価要素を合成した順位スコア,True,業種,ガラス・土石製品,3d,3営業日,5,1,1,0.1376386170906718,0.1376386170906718,1.0,サンプル不足,0.02762959995811999
v5,score,総合スコア,現行の全評価要素を合成した順位スコア,True,業種,ガラス・土石製品,5d,5営業日,1,1,1,0.0,0.0,0.0,サンプル不足,0.2504892367906066
v5,score,総合スコア,現行の全評価要素を合成した順位スコア,True,業種,ガラス・土石製品,5d,5営業日,3,1,1,-0.0370820668693009,-0.0370820668693009,0.0,サンプル不足,0.2504892367906066
v5,score,総合スコア,現行の全評価要素を合成した順位スコア,True,業種,ガラス・土石製品,5d,5営業日,4,1,1,-0.02718098958333337,-0.02718098958333337,0.0,サンプル不足,0.2504892367906066
v5,score,総合スコア,現行の全評価要素を合成した順位スコア,True,業種,ガラス・土石製品,5d,5営業日,5,1,1,0.2504892367906066,0.2504892367906066,1.0,サンプル不足,0.2504892367906066
v5,score,総合スコア,現行の全評価要素を合成した順位スコア,True,業種,サービス業,10d,10営業日,1,3,3,-0.014632875754665165,-0.012747552925108097,0.3333333333333333,サンプル不足,0.022450928348837176
v5,score,総合スコア,現行の全評価要素を合成した順位スコア,True,業種,サービス業,10d,10営業日,2,2,2,0.05939981367738023,0.05939981367738023,1.0,サンプル不足,0.022450928348837176
v5,score,総合スコア,現行の全評価要素を合成した順位スコア,True,業種,サービス業,10d,10営業日,3,1,1,0.00781805259417201,0.00781805259417201,1.0,サンプル不足,0.022450928348837176
v5,score,総合スコア,現行の全評価要素を合成した順位スコア,True,業種,サービス業,1d,1営業日,1,3,3,-0.006748841592387866,-0.0126582278481012,0.3333333333333333,サンプル不足,0.0039059133763252873
v5,score,総合スコア,現行の全評価要素を合成した順位スコア,True,業種,サービス業,1d,1営業日,2,2,2,0.016695779576007652,0.016695779576007652,0.5,サンプル不足,0.0039059133763252873
v5,score,総合スコア,現行の全評価要素を合成した順位スコア,True,業種,サービス業,1d,1営業日,3,1,1,-0.002842928216062579,-0.002842928216062579,0.0,サンプル不足,0.0039059133763252873
v5,score,総合スコア,現行の全評価要素を合成した順位スコア,True,業種,サービス業,3d,3営業日,1,3,3,-0.00973499735015236,-0.0110974106041923,0.3333333333333333,サンプル不足,0.024305004457472842
v5,score,総合スコア,現行の全評価要素を合成した順位スコア,True,業種,サービス業,3d,3営業日,2,2,2,0.0989792878576149,0.0989792878576149,1.0,サンプル不足,0.024305004457472842
v5,score,総合スコア,現行の全評価要素を合成した順位スコア,True,業種,サービス業,3d,3営業日,3,1,1,0.014570007107320482,0.014570007107320482,1.0,サンプル不足,0.024305004457472842
v5,score,総合スコア,現行の全評価要素を合成した順位スコア,True,業種,サービス業,5d,5営業日,1,3,3,-0.02302592890912512,-0.0258939580764487,0.3333333333333333,サンプル不足,0.03191007958432067
v5,score,総合スコア,現行の全評価要素を合成した順位スコア,True,業種,サービス業,5d,5営業日,2,2,2,0.06342213447726752,0.06342213447726752,1.0,サンプル不足,0.03191007958432067
v5,score,総合スコア,現行の全評価要素を合成した順位スコア,True,業種,サービス業,5d,5営業日,3,1,1,0.008884150675195546,0.008884150675195546,1.0,サンプル不足,0.03191007958432067
v5,score,総合スコア,現行の全評価要素を合成した順位スコア,True,業種,パルプ・紙,10d,10営業日,5,1,1,0.032064128256513,0.032064128256513,1.0,サンプル不足,0.0
v5,score,総合スコア,現行の全評価要素を合成した順位スコア,True,業種,パルプ・紙,1d,1営業日,5,1,1,0.066132264529058,0.066132264529058,1.0,サンプル不足,0.0
v5,score,総合スコア,現行の全評価要素を合成した順位スコア,True,業種,パルプ・紙,3d,3営業日,5,1,1,0.0220440881763526,0.0220440881763526,1.0,サンプル不足,0.0
v5,score,総合スコア,現行の全評価要素を合成した順位スコア,True,業種,パルプ・紙,5d,5営業日,5,1,1,-0.0420841683366733,-0.0420841683366733,0.0,サンプル不足,0.0
v5,score,総合スコア,現行の全評価要素を合成した順位スコア,True,業種,不動産業,10d,10営業日,2,1,1,-0.09090909090909094,-0.09090909090909094,0.0,サンプル不足,0.2504835589941973
v5,score,総合スコア,現行の全評価要素を合成した順位スコア,True,業種,不動産業,10d,10営業日,5,1,1,0.15957446808510634,0.15957446808510634,1.0,サンプル不足,0.2504835589941973
v5,score,総合スコア,現行の全評価要素を合成した順位スコア,True,業種,不動産業,1d,1営業日,2,1,1,-0.09090909090909094,-0.09090909090909094,0.0,サンプル不足,0.06963249516441006
v5,score,総合スコア,現行の全評価要素を合成した順位スコア,True,業種,不動産業,1d,1営業日,5,1,1,-0.021276595744680882,-0.021276595744680882,0.0,サンプル不足,0.06963249516441006
v5,score,総合スコア,現行の全評価要素を合成した順位スコア,True,業種,不動産業,3d,3営業日,2,1,1,-0.09090909090909094,-0.09090909090909094,0.0,サンプル不足,0.04835589941972929
v5,score,総合スコア,現行の全評価要素を合成した順位スコア,True,業種,不動産業,3d,3営業日,5,1,1,-0.04255319148936165,-0.04255319148936165,0.0,サンプル不足,0.04835589941972929
v5,score,総合スコア,現行の全評価要素を合成した順位スコア,True,業種,不動産業,5d,5営業日,2,1,1,-0.09090909090909094,-0.09090909090909094,0.0,サンプル不足,0.06963249516441006
v5,score,総合スコア,現行の全評価要素を合成した順位スコア,True,業種,不動産業,5d,5営業日,5,1,1,-0.021276595744680882,-0.021276595744680882,0.0,サンプル不足,0.06963249516441006
v5,score,総合スコア,現行の全評価要素を合成した順位スコア,True,業種,保険業,10d,10営業日,1,1,1,-0.06056616194865039,-0.06056616194865039,0.0,サンプル不足,0.05945071298044069
v5,score,総合スコア,現行の全評価要素を合成した順位スコア,True,業種,保険業,10d,10営業日,3,1,1,-0.001115448968209698,-0.001115448968209698,0.0,サンプル不足,0.05945071298044069
v5,score,総合スコア,現行の全評価要素を合成した順位スコア,True,業種,保険業,1d,1営業日,1,1,1,0.006802721088435382,0.006802721088435382,1.0,サンプル不足,0.008534702224447965
v5,score,総合スコア,現行の全評価要素を合成した順位スコア,True,業種,保険業,1d,1営業日,3,1,1,0.015337423312883347,0.015337423312883347,1.0,サンプル不足,0.008534702224447965
v5,score,総合スコア,現行の全評価要素を合成した順位スコア,True,業種,保険業,3d,3営業日,1,1,1,0.01821373710774643,0.01821373710774643,1.0,サンプル不足,0.004931828982605024
v5,score,総合スコア,現行の全評価要素を合成した順位スコア,True,業種,保険業,3d,3営業日,3,1,1,0.023145566090351455,0.023145566090351455,1.0,サンプル不足,0.004931828982605024
v5,score,総合スコア,現行の全評価要素を合成した順位スコア,True,業種,保険業,5d,5営業日,1,1,1,-0.023480359885889812,-0.023480359885889812,0.0,サンプル不足,-0.012771731580925594
v5,score,総合スコア,現行の全評価要素を合成した順位スコア,True,業種,保険業,5d,5営業日,3,1,1,-0.036252091466815406,-0.036252091466815406,0.0,サンプル不足,-0.012771731580925594
v5,score,総合スコア,現行の全評価要素を合成した順位スコア,True,業種,化学,10d,10営業日,1,3,3,-0.011158596931094814,-0.0041899441340782495,0.3333333333333333,サンプル不足,-0.038070119042450654
v5,score,総合スコア,現行の全評価要素を合成した順位スコア,True,業種,化学,10d,10営業日,2,1,1,-0.03841568419658237,-0.03841568419658237,0.0,サンプル不足,-0.038070119042450654
v5,score,総合スコア,現行の全評価要素を合成した順位スコア,True,業種,化学,10d,10営業日,3,3,3,-0.049228715973545466,-0.021929824561403466,0.0,サンプル不足,-0.038070119042450654
v5,score,総合スコア,現行の全評価要素を合成した順位スコア,True,業種,化学,1d,1営業日,1,3,3,-0.00081485002268226,-0.003351955307262622,0.3333333333333333,サンプル不足,0.00985560297687027
v5,score,総合スコア,現行の全評価要素を合成した順位スコア,True,業種,化学,1d,1営業日,2,1,1,-0.011922108888594463,-0.011922108888594463,0.0,サンプル不足,0.00985560297687027
v5,score,総合スコア,現行の全評価要素を合成した順位スコア,True,業種,化学,1d,1営業日,3,3,3,0.00904075295418801,-0.006956521739130417,0.3333333333333333,サンプル不足,0.00985560297687027
v5,score,総合スコア,現行の全評価要素を合成した順位スコア,True,業種,化学,3d,3営業日,1,3,3,-0.007008345464530626,-0.0038495706248149464,0.3333333333333333,サンプル不足,0.02319401338702324
v5,score,総合スコア,現行の全評価要素を合成した順位スコア,True,業種,化学,3d,3営業日,2,1,1,-0.03205722612266526,-0.03205722612266526,0.0,サンプル不足,0.02319401338702324
v5,score,総合スコア,現行の全評価要素を合成した順位スコア,True,業種,化学,3d,3営業日,3,3,3,0.016185667922492614,-0.013307984790874472,0.3333333333333333,サンプル不足,0.02319401338702324
v5,score,総合スコア,現行の全評価要素を合成した順位スコア,True,業種,化学,5d,5営業日,1,3,3,-0.02550780099841865,-0.013029315960912058,0.3333333333333333,サンプル不足,0.0034533799399864736
v5,score,総合スコア,現行の全評価要素を合成した順位スコア,True,業種,化学,5d,5営業日,2,1,1,-0.05947807656643267,-0.05947807656643267,0.0,サンプル不足,0.0034533799399864736
v5,score,総合スコア,現行の全評価要素を合成した順位スコア,True,業種,化学,5d,5営業日,3,3,3,-0.022054421058432177,-0.047368421052631615,0.3333333333333333,サンプル不足,0.0034533799399864736
v5,score,総合スコア,現行の全評価要素を合成した順位スコア,True,業種,卸売業,10d,10営業日,1,1,1,-0.0235674676524954,-0.0235674676524954,0.0,サンプル不足,0.08022902967393486
v5,score,総合スコア,現行の全評価要素を合成した順位スコア,True,業種,卸売業,10d,10営業日,3,1,1,0.05666156202143946,0.05666156202143946,1.0,サンプル不足,0.08022902967393486
v5,score,総合スコア,現行の全評価要素を合成した順位スコア,True,業種,卸売業,1d,1営業日,1,1,1,-0.0009242144177449285,-0.0009242144177449285,0.0,サンプル不足,0.03920905362142035
v5,score,総合スコア,現行の全評価要素を合成した順位スコア,True,業種,卸売業,1d,1営業日,3,1,1,0.038284839203675425,0.038284839203675425,1.0,サンプル不足,0.03920905362142035
v5,score,総合スコア,現行の全評価要素を合成した順位スコア,True,業種,卸売業,3d,3営業日,1,1,1,-0.01802218114602583,-0.01802218114602583,0.0,サンプル不足,0.10224882739411167
v5,score,総合スコア,現行の全評価要素を合成した順位スコア,True,業種,卸売業,3d,3営業日,3,1,1,0.08422664624808585,0.08422664624808585,1.0,サンプル不足,0.10224882739411167
v5,score,総合スコア,現行の全評価要素を合成した順位スコア,True,業種,卸売業,5d,5営業日,1,1,1,-0.008317929759704246,-0.008317929759704246,0.0,サンプル不足,0.040477194690791585
v5,score,総合スコア,現行の全評価要素を合成した順位スコア,True,業種,卸売業,5d,5営業日,3,1,1,0.03215926493108734,0.03215926493108734,1.0,サンプル不足,0.040477194690791585
v5,score,総合スコア,現行の全評価要素を合成した順位スコア,True,業種,小売業,10d,10営業日,1,1,1,-0.017505470459518557,-0.017505470459518557,0.0,サンプル不足,0.05033375328780143
v5,score,総合スコア,現行の全評価要素を合成した順位スコア,True,業種,小売業,10d,10営業日,2,1,1,0.0,0.0,0.0,サンプル不足,0.05033375328780143
v5,score,総合スコア,現行の全評価要素を合成した順位スコア,True,業種,小売業,10d,10営業日,3,1,1,0.03282828282828287,0.03282828282828287,1.0,サンプル不足,0.05033375328780143
v5,score,総合スコア,現行の全評価要素を合成した順位スコア,True,業種,小売業,1d,1営業日,1,1,1,-0.005251641137855589,-0.005251641137855589,0.0,サンプル不足,0.04691830780452233
v5,score,総合スコア,現行の全評価要素を合成した順位スコア,True,業種,小売業,1d,1営業日,2,1,1,0.0,0.0,0.0,サンプル不足,0.04691830780452233
v5,score,総合スコア,現行の全評価要素を合成した順位スコア,True,業種,小売業,1d,1営業日,3,1,1,0.04166666666666674,0.04166666666666674,1.0,サンプル不足,0.04691830780452233
v5,score,総合スコア,現行の全評価要素を合成した順位スコア,True,業種,小売業,3d,3営業日,1,1,1,-0.014879649890590763,-0.014879649890590763,0.0,サンプル不足,0.04013217514311607
v5,score,総合スコア,現行の全評価要素を合成した順位スコア,True,業種,小売業,3d,3営業日,2,1,1,-0.0229885057471264,-0.0229885057471264,0.0,サンプル不足,0.04013217514311607
v5,score,総合スコア,現行の全評価要素を合成した順位スコア,True,業種,小売業,3d,3営業日,3,1,1,0.025252525252525304,0.025252525252525304,1.0,サンプル不足,0.04013217514311607
v5,score,総合スコア,現行の全評価要素を合成した順位スコア,True,業種,小売業,5d,5営業日,1,1,1,-0.04070021881838071,-0.04070021881838071,0.0,サンプル不足,0.019235572353734187
v5,score,総合スコア,現行の全評価要素を合成した順位スコア,True,業種,小売業,5d,5営業日,2,1,1,-0.0448275862068965,-0.0448275862068965,0.0,サンプル不足,0.019235572353734187
v5,score,総合スコア,現行の全評価要素を合成した順位スコア,True,業種,小売業,5d,5営業日,3,1,1,-0.02146464646464652,-0.02146464646464652,0.0,サンプル不足,0.019235572353734187
v5,score,総合スコア,現行の全評価要素を合成した順位スコア,True,業種,建設業,10d,10営業日,2,2,2,-0.08126967165410691,-0.08126967165410691,0.5,サンプル不足,0.0
v5,score,総合スコア,現行の全評価要素を合成した順位スコア,True,業種,建設業,1d,1営業日,2,2,2,0.0032556912820974997,0.0032556912820974997,0.5,サンプル不足,0.0
v5,score,総合スコア,現行の全評価要素を合成した順位スコア,True,業種,建設業,3d,3営業日,2,2,2,-0.048379760137671174,-0.048379760137671174,0.5,サンプル不足,0.0
v5,score,総合スコア,現行の全評価要素を合成した順位スコア,True,業種,建設業,5d,5営業日,2,2,2,-0.04495695481667489,-0.04495695481667489,0.5,サンプル不足,0.0
v5,score,総合スコア,現行の全評価要素を合成した順位スコア,True,業種,情報・通信業,10d,10営業日,2,3,3,-0.1121868025673914,-0.12790697674418605,0.0,サンプル不足,-0.0666010762204874
v5,score,総合スコア,現行の全評価要素を合成した順位スコア,True,業種,情報・通信業,10d,10営業日,4,1,1,-0.0253025302530253,-0.0253025302530253,0.0,サンプル不足,-0.0666010762204874
v5,score,総合スコア,現行の全評価要素を合成した順位スコア,True,業種,情報・通信業,10d,10営業日,5,1,1,-0.1787878787878788,-0.1787878787878788,0.0,サンプル不足,-0.0666010762204874
v5,score,総合スコア,現行の全評価要素を合成した順位スコア,True,業種,情報・通信業,1d,1営業日,2,3,3,0.028919484195932415,0.04491279069767451,0.6666666666666666,サンプル不足,-0.1804346357110839
v5,score,総合スコア,現行の全評価要素を合成した順位スコア,True,業種,情報・通信業,1d,1営業日,4,1,1,-0.0110011001100109,-0.0110011001100109,0.0,サンプル不足,-0.1804346357110839
v5,score,総合スコア,現行の全評価要素を合成した順位スコア,True,業種,情報・通信業,1d,1営業日,5,1,1,-0.1515151515151515,-0.1515151515151515,0.0,サンプル不足,-0.1804346357110839
v5,score,総合スコア,現行の全評価要素を合成した順位スコア,True,業種,情報・通信業,3d,3営業日,2,3,3,0.055224883425035065,0.052906976744186096,0.6666666666666666,サンプル不足,-0.32492185312200467
v5,score,総合スコア,現行の全評価要素を合成した順位スコア,True,業種,情報・通信業,3d,3営業日,4,1,1,-0.0033003300330033,-0.0033003300330033,0.0,サンプル不足,-0.32492185312200467
v5,score,総合スコア,現行の全評価要素を合成した順位スコア,True,業種,情報・通信業,3d,3営業日,5,1,1,-0.2696969696969696,-0.2696969696969696,0.0,サンプル不足,-0.32492185312200467
v5,score,総合スコア,現行の全評価要素を合成した順位スコア,True,業種,情報・通信業,5d,5営業日,2,3,3,-0.025496375844749952,-0.0411337209302326,0.3333333333333333,サンプル不足,-0.21389756354918935
v5,score,総合スコア,現行の全評価要素を合成した順位スコア,True,業種,情報・通信業,5d,5営業日,4,1,1,-0.0308030803080308,-0.0308030803080308,0.0,サンプル不足,-0.21389756354918935
v5,score,総合スコア,現行の全評価要素を合成した順位スコア,True,業種,情報・通信業,5d,5営業日,5,1,1,-0.2393939393939393,-0.2393939393939393,0.0,サンプル不足,-0.21389756354918935
v5,score,総合スコア,現行の全評価要素を合成した順位スコア,True,業種,機械,10d,10営業日,1,3,3,-0.044806640757560995,-0.0920245398773006,0.3333333333333333,サンプル不足,0.24482338625386096
v5,score,総合スコア,現行の全評価要素を合成した順位スコア,True,業種,機械,10d,10営業日,2,3,3,0.018865635225568316,-0.039484978540772486,0.3333333333333333,サンプル不足,0.24482338625386096
v5,score,総合スコア,現行の全評価要素を合成した順位スコア,True,業種,機械,10d,10営業日,3,1,1,0.0597560975609756,0.0597560975609756,1.0,サンプル不足,0.24482338625386096
v5,score,総合スコア,現行の全評価要素を合成した順位スコア,True,業種,機械,10d,10営業日,4,3,3,0.025843059732227645,0.020382165605095537,0.6666666666666666,サンプル不足,0.24482338625386096
v5,score,総合スコア,現行の全評価要素を合成した順位スコア,True,業種,機械,10d,10営業日,5,3,3,0.20001674549629997,0.0020544427324087,0.6666666666666666,サンプル不足,0.24482338625386096
v5,score,総合スコア,現行の全評価要素を合成した順位スコア,True,業種,機械,1d,1営業日,1,3,3,-0.03308126547390349,-0.0376623376623376,0.3333333333333333,サンプル不足,0.09794721375662208
v5,score,総合スコア,現行の全評価要素を合成した順位スコア,True,業種,機械,1d,1営業日,2,3,3,0.047833566415802574,0.052646638054363315,1.0,サンプル不足,0.09794721375662208
v5,score,総合スコア,現行の全評価要素を合成した順位スコア,True,業種,機械,1d,1営業日,3,1,1,-0.048780487804878,-0.048780487804878,0.0,サンプル不足,0.09794721375662208
v5,score,総合スコア,現行の全評価要素を合成した順位スコア,True,業種,機械,1d,1営業日,4,3,3,0.0016050275321340044,-0.010191082802547768,0.3333333333333333,サンプル不足,0.09794721375662208
v5,score,総合スコア,現行の全評価要素を合成した順位スコア,True,業種,機械,1d,1営業日,5,3,3,0.06486594828271858,0.0107858243451464,0.6666666666666666,サンプル不足,0.09794721375662208
v5,score,総合スコア,現行の全評価要素を合成した順位スコア,True,業種,機械,3d,3営業日,1,3,3,-0.02070798549326151,-0.0276073619631901,0.3333333333333333,サンプル不足,0.12773047054042727
v5,score,総合スコア,現行の全評価要素を合成した順位スコア,True,業種,機械,3d,3営業日,2,3,3,0.0650445995248498,0.0314769975786926,1.0,サンプル不足,0.12773047054042727
v5,score,総合スコア,現行の全評価要素を合成した順位スコア,True,業種,機械,3d,3営業日,3,1,1,0.0445121951219511,0.0445121951219511,1.0,サンプル不足,0.12773047054042727
v5,score,総合スコア,現行の全評価要素を合成した順位スコア,True,業種,機械,3d,3営業日,4,3,3,0.09067888280188297,0.10955414012738851,1.0,サンプル不足,0.12773047054042727
v5,score,総合スコア,現行の全評価要素を合成した順位スコア,True,業種,機械,3d,3営業日,5,3,3,0.10702248504716576,0.11398963730569944,1.0,サンプル不足,0.12773047054042727
v5,score,総合スコア,現行の全評価要素を合成した順位スコア,True,業種,機械,5d,5営業日,1,3,3,-0.048928077148936024,-0.0831168831168831,0.3333333333333333,サンプル不足,0.11068228589608306
v5,score,総合スコア,現行の全評価要素を合成した順位スコア,True,業種,機械,5d,5営業日,2,3,3,-0.01457886758134086,-0.01210653753026636,0.3333333333333333,サンプル不足,0.11068228589608306
v5,score,総合スコア,現行の全評価要素を合成した順位スコア,True,業種,機械,5d,5営業日,3,1,1,-0.0091463414634146,-0.0091463414634146,0.0,サンプル不足,0.11068228589608306
v5,score,総合スコア,現行の全評価要素を合成した順位スコア,True,業種,機械,5d,5営業日,4,3,3,-0.020106545694888327,-0.0251188051595383,0.0,サンプル不足,0.11068228589608306
v5,score,総合スコア,現行の全評価要素を合成した順位スコア,True,業種,機械,5d,5営業日,5,3,3,0.061754208747147044,0.0724191063174113,1.0,サンプル不足,0.11068228589608306
v5,score,総合スコア,現行の全評価要素を合成した順位スコア,True,業種,精密機器,10d,10営業日,1,1,1,-0.04469763365468882,-0.04469763365468882,0.0,サンプル不足,0.1704072229052479
v5,score,総合スコア,現行の全評価要素を合成した順位スコア,True,業種,精密機器,10d,10営業日,2,1,1,-0.006961469925666486,-0.006961469925666486,0.0,サンプル不足,0.1704072229052479
v5,score,総合スコア,現行の全評価要素を合成した順位スコア,True,業種,精密機器,10d,10営業日,4,3,3,0.005402625476525961,0.03470437017994854,0.6666666666666666,サンプル不足,0.1704072229052479
v5,score,総合スコア,現行の全評価要素を合成した順位スコア,True,業種,精密機器,10d,10営業日,5,2,2,0.12570958925055908,0.12570958925055908,0.5,サンプル不足,0.1704072229052479
v5,score,総合スコア,現行の全評価要素を合成した順位スコア,True,業種,精密機器,1d,1営業日,1,1,1,0.019281332164767795,0.019281332164767795,1.0,サンプル不足,0.04312588764702785
v5,score,総合スコア,現行の全評価要素を合成した順位スコア,True,業種,精密機器,1d,1営業日,2,1,1,-0.027624379207403682,-0.027624379207403682,0.0,サンプル不足,0.04312588764702785
v5,score,総合スコア,現行の全評価要素を合成した順位スコア,True,業種,精密機器,1d,1営業日,4,3,3,0.0040324890471717945,-0.02699228791773778,0.3333333333333333,サンプル不足,0.04312588764702785
v5,score,総合スコア,現行の全評価要素を合成した順位スコア,True,業種,精密機器,1d,1営業日,5,2,2,0.062407219811795644,0.062407219811795644,0.5,サンプル不足,0.04312588764702785
v5,score,総合スコア,現行の全評価要素を合成した順位スコア,True,業種,精密機器,3d,3営業日,1,1,1,0.07668711656441718,0.07668711656441718,1.0,サンプル不足,0.04637684362850192
v5,score,総合スコア,現行の全評価要素を合成した順位スコア,True,業種,精密機器,3d,3営業日,2,1,1,0.050092057194424555,0.050092057194424555,1.0,サンプル不足,0.04637684362850192
v5,score,総合スコア,現行の全評価要素を合成した順位スコア,True,業種,精密機器,3d,3営業日,4,3,3,0.0179667950408946,0.0012853470437017567,0.6666666666666666,サンプル不足,0.04637684362850192
v5,score,総合スコア,現行の全評価要素を合成した順位スコア,True,業種,精密機器,3d,3営業日,5,2,2,0.1230639601929191,0.1230639601929191,0.5,サンプル不足,0.04637684362850192
v5,score,総合スコア,現行の全評価要素を合成した順位スコア,True,業種,精密機器,5d,5営業日,1,1,1,0.014899211218229569,0.014899211218229569,1.0,サンプル不足,0.06299473425728286
v5,score,総合スコア,現行の全評価要素を合成した順位スコア,True,業種,精密機器,5d,5営業日,2,1,1,0.004419900673184651,0.004419900673184651,1.0,サンプル不足,0.06299473425728286
v5,score,総合スコア,現行の全評価要素を合成した順位スコア,True,業種,精密機器,5d,5営業日,4,3,3,-0.014055580827483483,-0.023136246786632397,0.3333333333333333,サンプル不足,0.06299473425728286
v5,score,総合スコア,現行の全評価要素を合成した順位スコア,True,業種,精密機器,5d,5営業日,5,2,2,0.07789394547551243,0.07789394547551243,0.5,サンプル不足,0.06299473425728286
v5,score,総合スコア,現行の全評価要素を合成した順位スコア,True,業種,証券、商品先物取引業,10d,10営業日,2,1,1,0.014930015552099496,0.014930015552099496,1.0,サンプル不足,-0.022855584125497153
v5,score,総合スコア,現行の全評価要素を合成した順位スコア,True,業種,証券、商品先物取引業,10d,10営業日,4,1,1,-0.007925568573397657,-0.007925568573397657,0.0,サンプル不足,-0.022855584125497153
v5,score,総合スコア,現行の全評価要素を合成した順位スコア,True,業種,証券、商品先物取引業,1d,1営業日,2,1,1,0.013996889580093264,0.013996889580093264,1.0,サンプル不足,-0.025023767595255264
v5,score,総合スコア,現行の全評価要素を合成した順位スコア,True,業種,証券、商品先物取引業,1d,1営業日,4,1,1,-0.011026878015162,-0.011026878015162,0.0,サンプル不足,-0.025023767595255264
v5,score,総合スコア,現行の全評価要素を合成した順位スコア,True,業種,証券、商品先物取引業,3d,3営業日,2,1,1,0.011508553654743459,0.011508553654743459,1.0,サンプル不足,-0.02150166185598401
v5,score,総合スコア,現行の全評価要素を合成した順位スコア,True,業種,証券、商品先物取引業,3d,3営業日,4,1,1,-0.009993108201240553,-0.009993108201240553,0.0,サンプル不足,-0.02150166185598401
v5,score,総合スコア,現行の全評価要素を合成した順位スコア,True,業種,証券、商品先物取引業,5d,5営業日,2,1,1,-0.01648522550544318,-0.01648522550544318,0.0,サンプル不足,-0.013838689036252183
v5,score,総合スコア,現行の全評価要素を合成した順位スコア,True,業種,証券、商品先物取引業,5d,5営業日,4,1,1,-0.030323914541695363,-0.030323914541695363,0.0,サンプル不足,-0.013838689036252183
v5,score,総合スコア,現行の全評価要素を合成した順位スコア,True,業種,輸送用機器,10d,10営業日,1,1,1,-0.2735674676524954,-0.2735674676524954,0.0,サンプル不足,0.5643837941831077
v5,score,総合スコア,現行の全評価要素を合成した順位スコア,True,業種,輸送用機器,10d,10営業日,2,1,1,-0.1737599510104103,-0.1737599510104103,0.0,サンプル不足,0.5643837941831077
v5,score,総合スコア,現行の全評価要素を合成した順位スコア,True,業種,輸送用機器,10d,10営業日,3,1,1,-0.0539325842696629,-0.0539325842696629,0.0,サンプル不足,0.5643837941831077
v5,score,総合スコア,現行の全評価要素を合成した順位スコア,True,業種,輸送用機器,10d,10営業日,5,1,1,0.2908163265306123,0.2908163265306123,1.0,サンプル不足,0.5643837941831077
v5,score,総合スコア,現行の全評価要素を合成した順位スコア,True,業種,輸送用機器,1d,1営業日,1,1,1,-0.17467652495378927,-0.17467652495378927,0.0,サンプル不足,0.21039081066807508
v5,score,総合スコア,現行の全評価要素を合成した順位スコア,True,業種,輸送用機器,1d,1営業日,2,1,1,-0.03245560318432328,-0.03245560318432328,0.0,サンプル不足,0.21039081066807508
v5,score,総合スコア,現行の全評価要素を合成した順位スコア,True,業種,輸送用機器,1d,1営業日,3,1,1,0.0719101123595504,0.0719101123595504,1.0,サンプル不足,0.21039081066807508
v5,score,総合スコア,現行の全評価要素を合成した順位スコア,True,業種,輸送用機器,1d,1営業日,5,1,1,0.03571428571428581,0.03571428571428581,1.0,サンプル不足,0.21039081066807508
v5,score,総合スコア,現行の全評価要素を合成した順位スコア,True,業種,輸送用機器,3d,3営業日,1,1,1,-0.10258780036968573,-0.10258780036968573,0.0,サンプル不足,0.21556156130263038
v5,score,総合スコア,現行の全評価要素を合成した順位スコア,True,業種,輸送用機器,3d,3営業日,2,1,1,-0.007042253521126751,-0.007042253521126751,0.0,サンプル不足,0.21556156130263038
v5,score,総合スコア,現行の全評価要素を合成した順位スコア,True,業種,輸送用機器,3d,3営業日,3,1,1,0.101123595505618,0.101123595505618,1.0,サンプル不足,0.21556156130263038
v5,score,総合スコア,現行の全評価要素を合成した順位スコア,True,業種,輸送用機器,3d,3営業日,5,1,1,0.11297376093294464,0.11297376093294464,1.0,サンプル不足,0.21556156130263038
v5,score,総合スコア,現行の全評価要素を合成した順位スコア,True,業種,輸送用機器,5d,5営業日,1,1,1,-0.2541589648798521,-0.2541589648798521,0.0,サンプル不足,0.4750044459294147
v5,score,総合スコア,現行の全評価要素を合成した順位スコア,True,業種,輸送用機器,5d,5営業日,2,1,1,-0.06307409675443965,-0.06307409675443965,0.0,サンプル不足,0.4750044459294147
v5,score,総合スコア,現行の全評価要素を合成した順位スコア,True,業種,輸送用機器,5d,5営業日,3,1,1,0.0179775280898877,0.0179775280898877,1.0,サンプル不足,0.4750044459294147
v5,score,総合スコア,現行の全評価要素を合成した順位スコア,True,業種,輸送用機器,5d,5営業日,5,1,1,0.2208454810495626,0.2208454810495626,1.0,サンプル不足,0.4750044459294147
v5,score,総合スコア,現行の全評価要素を合成した順位スコア,True,業種,金属製品,10d,10営業日,3,1,1,-0.12493120528343427,-0.12493120528343427,0.0,サンプル不足,0.2606350046295779
v5,score,総合スコア,現行の全評価要素を合成した順位スコア,True,業種,金属製品,10d,10営業日,4,3,3,0.13570379934614366,0.14196008147600092,0.6666666666666666,サンプル不足,0.2606350046295779
v5,score,総合スコア,現行の全評価要素を合成した順位スコア,True,業種,金属製品,1d,1営業日,3,1,1,-0.012658227848101222,-0.012658227848101222,0.0,サンプル不足,0.09356787324710476
v5,score,総合スコア,現行の全評価要素を合成した順位スコア,True,業種,金属製品,1d,1営業日,4,3,3,0.08090964539900354,0.06424581005586583,1.0,サンプル不足,0.09356787324710476
v5,score,総合スコア,現行の全評価要素を合成した順位スコア,True,業種,金属製品,3d,3営業日,3,1,1,0.030820033021463855,0.030820033021463855,1.0,サンプル不足,0.12466823073177472
v5,score,総合スコア,現行の全評価要素を合成した順位スコア,True,業種,金属製品,3d,3営業日,4,3,3,0.15548826375323857,0.07745048247841546,1.0,サンプル不足,0.12466823073177472
v5,score,総合スコア,現行の全評価要素を合成した順位スコア,True,業種,金属製品,5d,5営業日,3,1,1,-0.05998899284534953,-0.05998899284534953,0.0,サンプル不足,0.09628360300881225
v5,score,総合スコア,現行の全評価要素を合成した順位スコア,True,業種,金属製品,5d,5営業日,4,3,3,0.036294610163462714,0.0002539360081259545,0.6666666666666666,サンプル不足,0.09628360300881225
v5,score,総合スコア,現行の全評価要素を合成した順位スコア,True,業種,鉄鋼,10d,10営業日,2,1,1,-0.0461538461538461,-0.0461538461538461,0.0,サンプル不足,0.0
v5,score,総合スコア,現行の全評価要素を合成した順位スコア,True,業種,鉄鋼,1d,1営業日,2,1,1,-0.03538461538461535,-0.03538461538461535,0.0,サンプル不足,0.0
v5,score,総合スコア,現行の全評価要素を合成した順位スコア,True,業種,鉄鋼,3d,3営業日,2,1,1,-0.019230769230769273,-0.019230769230769273,0.0,サンプル不足,0.0
v5,score,総合スコア,現行の全評価要素を合成した順位スコア,True,業種,鉄鋼,5d,5営業日,2,1,1,-0.0592307692307692,-0.0592307692307692,0.0,サンプル不足,0.0
v5,score,総合スコア,現行の全評価要素を合成した順位スコア,True,業種,銀行業,10d,10営業日,1,1,1,-0.012159999999999949,-0.012159999999999949,0.0,サンプル不足,-0.011822013489882655
v5,score,総合スコア,現行の全評価要素を合成した順位スコア,True,業種,銀行業,10d,10営業日,3,3,3,-0.010673468286844678,-0.007640586797066029,0.0,サンプル不足,-0.011822013489882655
v5,score,総合スコア,現行の全評価要素を合成した順位スコア,True,業種,銀行業,10d,10営業日,4,1,1,-0.023982013489882603,-0.023982013489882603,0.0,サンプル不足,-0.011822013489882655
v5,score,総合スコア,現行の全評価要素を合成した順位スコア,True,業種,銀行業,1d,1営業日,1,1,1,0.0547200000000001,0.0547200000000001,1.0,サンプル不足,-0.024367764176867368
v5,score,総合スコア,現行の全評価要素を合成した順位スコア,True,業種,銀行業,1d,1営業日,3,3,3,0.03933133615510472,0.0431007751937984,1.0,サンプル不足,-0.024367764176867368
v5,score,総合スコア,現行の全評価要素を合成した順位スコア,True,業種,銀行業,1d,1営業日,4,1,1,0.030352235823132734,0.030352235823132734,1.0,サンプル不足,-0.024367764176867368
v5,score,総合スコア,現行の全評価要素を合成した順位スコア,True,業種,銀行業,3d,3営業日,1,1,1,0.0460799999999999,0.0460799999999999,1.0,サンプル不足,-0.041458466150387174
v5,score,総合スコア,現行の全評価要素を合成した順位スコア,True,業種,銀行業,3d,3営業日,3,3,3,0.026855515093151167,0.03023255813953485,1.0,サンプル不足,-0.041458466150387174
v5,score,総合スコア,現行の全評価要素を合成した順位スコア,True,業種,銀行業,3d,3営業日,4,1,1,0.0046215338496127245,0.0046215338496127245,1.0,サンプル不足,-0.041458466150387174
v5,score,総合スコア,現行の全評価要素を合成した順位スコア,True,業種,銀行業,5d,5営業日,1,1,1,-0.00768000000000002,-0.00768000000000002,0.0,サンプル不足,-0.027793394953784634
v5,score,総合スコア,現行の全評価要素を合成した順位スコア,True,業種,銀行業,5d,5営業日,3,3,3,-0.017929134743208897,-0.018736988202637028,0.0,サンプル不足,-0.027793394953784634
v5,score,総合スコア,現行の全評価要素を合成した順位スコア,True,業種,銀行業,5d,5営業日,4,1,1,-0.035473394953784654,-0.035473394953784654,0.0,サンプル不足,-0.027793394953784634
v5,score,総合スコア,現行の全評価要素を合成した順位スコア,True,業種,電気・ガス業,10d,10営業日,1,1,1,0.10313108084203071,0.10313108084203071,1.0,サンプル不足,0.0
v5,score,総合スコア,現行の全評価要素を合成した順位スコア,True,業種,電気・ガス業,1d,1営業日,1,1,1,0.002476561117990439,0.002476561117990439,1.0,サンプル不足,0.0
v5,score,総合スコア,現行の全評価要素を合成した順位スコア,True,業種,電気・ガス業,3d,3営業日,1,1,1,0.012736600035379464,0.012736600035379464,1.0,サンプル不足,0.0
v5,score,総合スコア,現行の全評価要素を合成した順位スコア,True,業種,電気・ガス業,5d,5営業日,1,1,1,0.03307978064744388,0.03307978064744388,1.0,サンプル不足,0.0
v5,score,総合スコア,現行の全評価要素を合成した順位スコア,True,業種,電気機器,10d,10営業日,1,3,3,-0.0984072630432425,-0.01330671989354626,0.0,サンプル不足,0.09842245256364428
v5,score,総合スコア,現行の全評価要素を合成した順位スコア,True,業種,電気機器,10d,10営業日,2,1,1,-0.017525035765379116,-0.017525035765379116,0.0,サンプル不足,0.09842245256364428
v5,score,総合スコア,現行の全評価要素を合成した順位スコア,True,業種,電気機器,10d,10営業日,3,4,4,-0.05070412742805715,-0.037299902432613184,0.5,サンプル不足,0.09842245256364428
v5,score,総合スコア,現行の全評価要素を合成した順位スコア,True,業種,電気機器,10d,10営業日,4,7,7,0.07583876546412151,0.05102040816326525,0.8571428571428571,サンプル不足,0.09842245256364428
v5,score,総合スコア,現行の全評価要素を合成した順位スコア,True,業種,電気機器,10d,10営業日,5,10,10,1.5189520401770462e-05,0.03876478706624609,0.6,サンプル不足,0.09842245256364428
v5,score,総合スコア,現行の全評価要素を合成した順位スコア,True,業種,電気機器,1d,1営業日,1,3,3,0.001661027306088081,-0.002520252025202563,0.3333333333333333,サンプル不足,0.018904627703403242
v5,score,総合スコア,現行の全評価要素を合成した順位スコア,True,業種,電気機器,1d,1営業日,2,1,1,-0.006795422031473541,-0.006795422031473541,0.0,サンプル不足,0.018904627703403242
v5,score,総合スコア,現行の全評価要素を合成した順位スコア,True,業種,電気機器,1d,1営業日,3,4,4,0.006607556363008299,0.008172229623428416,0.75,サンプル不足,0.018904627703403242
v5,score,総合スコア,現行の全評価要素を合成した順位スコア,True,業種,電気機器,1d,1営業日,4,7,7,0.018230375983713052,0.012235933905040852,0.8571428571428571,サンプル不足,0.018904627703403242
v5,score,総合スコア,現行の全評価要素を合成した順位スコア,True,業種,電気機器,1d,1営業日,5,10,10,0.020565655009491323,0.018814580941446613,0.7,サンプル不足,0.018904627703403242
v5,score,総合スコア,現行の全評価要素を合成した順位スコア,True,業種,電気機器,3d,3営業日,1,3,3,0.0011175089652015375,0.017281728172817257,0.6666666666666666,サンプル不足,0.026163316601905188
v5,score,総合スコア,現行の全評価要素を合成した順位スコア,True,業種,電気機器,3d,3営業日,2,1,1,-0.013233190271816908,-0.013233190271816908,0.0,サンプル不足,0.026163316601905188
v5,score,総合スコア,現行の全評価要素を合成した順位スコア,True,業種,電気機器,3d,3営業日,3,4,4,0.023203588780089074,0.032684898156527295,0.5,サンプル不足,0.026163316601905188
v5,score,総合スコア,現行の全評価要素を合成した順位スコア,True,業種,電気機器,3d,3営業日,4,7,7,0.06439306292053991,0.061224489795918435,0.8571428571428571,サンプル不足,0.026163316601905188
v5,score,総合スコア,現行の全評価要素を合成した順位スコア,True,業種,電気機器,3d,3営業日,5,10,10,0.027280825567106724,0.05849381162156497,0.7,サンプル不足,0.026163316601905188
v5,score,総合スコア,現行の全評価要素を合成した順位スコア,True,業種,電気機器,5d,5営業日,1,3,3,-0.062446086998156715,-0.03870387038703871,0.0,サンプル不足,0.001639324803753943
v5,score,総合スコア,現行の全評価要素を合成した順位スコア,True,業種,電気機器,5d,5営業日,2,1,1,-0.01645207439198859,-0.01645207439198859,0.0,サンプル不足,0.001639324803753943
v5,score,総合スコア,現行の全評価要素を合成した順位スコア,True,業種,電気機器,5d,5営業日,3,4,4,-0.03947224503406932,-0.037293467913655176,0.5,サンプル不足,0.001639324803753943
v5,score,総合スコア,現行の全評価要素を合成した順位スコア,True,業種,電気機器,5d,5営業日,4,7,7,-0.012326528673553263,-0.0063775510204081565,0.2857142857142857,サンプル不足,0.001639324803753943
v5,score,総合スコア,現行の全評価要素を合成した順位スコア,True,業種,電気機器,5d,5営業日,5,10,10,-0.06080676219440277,-0.03868935582914651,0.3,サンプル不足,0.001639324803753943
v5,score,総合スコア,現行の全評価要素を合成した順位スコア,True,業種,非鉄金属,10d,10営業日,2,1,1,-0.0783739837398374,-0.0783739837398374,0.0,サンプル不足,0.044704721257015634
v5,score,総合スコア,現行の全評価要素を合成した順位スコア,True,業種,非鉄金属,10d,10営業日,3,1,1,-0.03366926248282176,-0.03366926248282176,0.0,サンプル不足,0.044704721257015634
v5,score,総合スコア,現行の全評価要素を合成した順位スコア,True,業種,非鉄金属,1d,1営業日,2,1,1,-0.008130081300813052,-0.008130081300813052,0.0,サンプル不足,0.009046251708508923
v5,score,総合スコア,現行の全評価要素を合成した順位スコア,True,業種,非鉄金属,1d,1営業日,3,1,1,0.000916170407695871,0.000916170407695871,1.0,サンプル不足,0.009046251708508923
v5,score,総合スコア,現行の全評価要素を合成した順位スコア,True,業種,非鉄金属,3d,3営業日,2,1,1,0.09756097560975618,0.09756097560975618,1.0,サンプル不足,0.12438130565455907
v5,score,総合スコア,現行の全評価要素を合成した順位スコア,True,業種,非鉄金属,3d,3営業日,3,1,1,0.22194228126431526,0.22194228126431526,1.0,サンプル不足,0.12438130565455907
v5,score,総合スコア,現行の全評価要素を合成した順位スコア,True,業種,非鉄金属,5d,5営業日,2,1,1,-0.0060975609756097615,-0.0060975609756097615,0.0,サンプル不足,0.06725193568930643
v5,score,総合スコア,現行の全評価要素を合成した順位スコア,True,業種,非鉄金属,5d,5営業日,3,1,1,0.06115437471369667,0.06115437471369667,1.0,サンプル不足,0.06725193568930643
v5,score,総合スコア,現行の全評価要素を合成した順位スコア,True,業種,食料品,10d,10営業日,2,1,1,0.15636704119850187,0.15636704119850187,1.0,サンプル不足,0.0
v5,score,総合スコア,現行の全評価要素を合成した順位スコア,True,業種,食料品,1d,1営業日,2,1,1,0.08370786516853923,0.08370786516853923,1.0,サンプル不足,0.0
v5,score,総合スコア,現行の全評価要素を合成した順位スコア,True,業種,食料品,3d,3営業日,2,1,1,0.15355805243445686,0.15355805243445686,1.0,サンプル不足,0.0
v5,score,総合スコア,現行の全評価要素を合成した順位スコア,True,業種,食料品,5d,5営業日,2,1,1,0.02621722846441954,0.02621722846441954,1.0,サンプル不足,0.0
v5,volatility_20d,20日変動率,低いほど望ましい年率換算変動率,False,全体,全体,10d,10営業日,1,20,20,-0.03818348080375409,-0.09428363327850675,0.4,サンプル不足,0.0431465700420141
v5,volatility_20d,20日変動率,低いほど望ましい年率換算変動率,False,全体,全体,10d,10営業日,2,20,20,0.009429133516370414,-0.033049973577293834,0.35,サンプル不足,0.0431465700420141
v5,volatility_20d,20日変動率,低いほど望ましい年率換算変動率,False,全体,全体,10d,10営業日,3,20,20,0.010207597646072207,-0.004573434052663508,0.45,サンプル不足,0.0431465700420141
v5,volatility_20d,20日変動率,低いほど望ましい年率換算変動率,False,全体,全体,10d,10営業日,4,20,20,0.011587002456084985,-0.014775652173913023,0.45,サンプル不足,0.0431465700420141
v5,volatility_20d,20日変動率,低いほど望ましい年率換算変動率,False,全体,全体,10d,10営業日,5,20,20,0.004963089238260013,-0.003412801524403486,0.35,サンプル不足,0.0431465700420141
v5,volatility_20d,20日変動率,低いほど望ましい年率換算変動率,False,全体,全体,1d,1営業日,1,20,20,0.019412165801458933,0.026545744037888452,0.65,サンプル不足,-0.012831647698957303
v5,volatility_20d,20日変動率,低いほど望ましい年率換算変動率,False,全体,全体,1d,1営業日,2,20,20,0.01985895875824748,0.003721792775649546,0.55,サンプル不足,-0.012831647698957303
v5,volatility_20d,20日変動率,低いほど望ましい年率換算変動率,False,全体,全体,1d,1営業日,3,20,20,0.006180235104369126,0.009381237524950126,0.55,サンプル不足,-0.012831647698957303
v5,volatility_20d,20日変動率,低いほど望ましい年率換算変動率,False,全体,全体,1d,1営業日,4,20,20,0.012792681526910881,0.004561999773604886,0.5,サンプル不足,-0.012831647698957303
v5,volatility_20d,20日変動率,低いほど望ましい年率換算変動率,False,全体,全体,1d,1営業日,5,20,20,0.006580518102501628,0.0023493916701062822,0.55,サンプル不足,-0.012831647698957303
v5,volatility_20d,20日変動率,低いほど望ましい年率換算変動率,False,全体,全体,3d,3営業日,1,20,20,0.004885695960917787,0.01087724953272559,0.55,サンプル不足,0.009016351179859808
v5,volatility_20d,20日変動率,低いほど望ましい年率換算変動率,False,全体,全体,3d,3営業日,2,20,20,0.08231483778513762,0.07693381136733723,0.85,サンプル不足,0.009016351179859808
v5,volatility_20d,20日変動率,低いほど望ましい年率換算変動率,False,全体,全体,3d,3営業日,3,20,20,0.04514676743378992,0.06021969666109961,0.65,サンプル不足,0.009016351179859808
v5,volatility_20d,20日変動率,低いほど望ましい年率換算変動率,False,全体,全体,3d,3営業日,4,20,20,0.02220517606173767,0.009463842747410078,0.6,サンプル不足,0.009016351179859808
v5,volatility_20d,20日変動率,低いほど望ましい年率換算変動率,False,全体,全体,3d,3営業日,5,20,20,0.013902047140777595,0.012122576845061461,0.6,サンプル不足,0.009016351179859808
v5,volatility_20d,20日変動率,低いほど望ましい年率換算変動率,False,全体,全体,5d,5営業日,1,20,20,-0.05589239935807999,-0.07669003242436252,0.35,サンプル不足,0.046670859148744206
v5,volatility_20d,20日変動率,低いほど望ましい年率換算変動率,False,全体,全体,5d,5営業日,2,20,20,-0.0032491733233787866,-0.007621951219512181,0.35,サンプル不足,0.046670859148744206
v5,volatility_20d,20日変動率,低いほど望ましい年率換算変動率,False,全体,全体,5d,5営業日,3,20,20,-0.012433472372966022,-0.020817938590903307,0.35,サンプル不足,0.046670859148744206
v5,volatility_20d,20日変動率,低いほど望ましい年率換算変動率,False,全体,全体,5d,5営業日,4,20,20,-0.013346600244831586,-0.029304820870208526,0.3,サンプル不足,0.046670859148744206
v5,volatility_20d,20日変動率,低いほど望ましい年率換算変動率,False,全体,全体,5d,5営業日,5,20,20,-0.009221540209335782,-0.017611106854040104,0.3,サンプル不足,0.046670859148744206
v5,volatility_20d,20日変動率,低いほど望ましい年率換算変動率,False,業種,その他金融業,10d,10営業日,4,1,1,-0.05977272727272731,-0.05977272727272731,0.0,サンプル不足,0.0
v5,volatility_20d,20日変動率,低いほど望ましい年率換算変動率,False,業種,その他金融業,1d,1営業日,4,1,1,0.02659090909090911,0.02659090909090911,1.0,サンプル不足,0.0
v5,volatility_20d,20日変動率,低いほど望ましい年率換算変動率,False,業種,その他金融業,3d,3営業日,4,1,1,-0.020454545454545503,-0.020454545454545503,0.0,サンプル不足,0.0
v5,volatility_20d,20日変動率,低いほど望ましい年率換算変動率,False,業種,その他金融業,5d,5営業日,4,1,1,-0.08386363636363636,-0.08386363636363636,0.0,サンプル不足,0.0
v5,volatility_20d,20日変動率,低いほど望ましい年率換算変動率,False,業種,ガラス・土石製品,10d,10営業日,1,1,1,-0.0965427266797129,-0.0965427266797129,0.0,サンプル不足,0.05192482086130805
v5,volatility_20d,20日変動率,低いほど望ましい年率換算変動率,False,業種,ガラス・土石製品,10d,10営業日,3,3,3,-0.04461790581840486,-0.054102795311091,0.0,サンプル不足,0.05192482086130805
v5,volatility_20d,20日変動率,低いほど望ましい年率換算変動率,False,業種,ガラス・土石製品,1d,1営業日,1,1,1,0.2067840834964123,0.2067840834964123,1.0,サンプル不足,-0.20748004101469014
v5,volatility_20d,20日変動率,低いほど望ましい年率換算変動率,False,業種,ガラス・土石製品,1d,1営業日,3,3,3,-0.0006959575182778436,-0.0012158054711246,0.3333333333333333,サンプル不足,-0.20748004101469014
v5,volatility_20d,20日変動率,低いほど望ましい年率換算変動率,False,業種,ガラス・土石製品,3d,3営業日,1,1,1,0.1376386170906718,0.1376386170906718,1.0,サンプル不足,-0.10809511355391774
v5,volatility_20d,20日変動率,低いほど望ましい年率換算変動率,False,業種,ガラス・土石製品,3d,3営業日,3,3,3,0.029543503536754057,-0.006079027355623,0.3333333333333333,サンプル不足,-0.10809511355391774
v5,volatility_20d,20日変動率,低いほど望ましい年率換算変動率,False,業種,ガラス・土石製品,5d,5営業日,1,1,1,0.2504892367906066,0.2504892367906066,1.0,サンプル不足,-0.27191025560815135
v5,volatility_20d,20日変動率,低いほど望ましい年率換算変動率,False,業種,ガラス・土石製品,5d,5営業日,3,3,3,-0.021421018817544758,-0.02718098958333337,0.0,サンプル不足,-0.27191025560815135
v5,volatility_20d,20日変動率,低いほど望ましい年率換算変動率,False,業種,サービス業,10d,10営業日,4,2,2,-0.019681307419829944,-0.019681307419829944,0.5,サンプル不足,0.05020172430097916
v5,volatility_20d,20日変動率,低いほど望ましい年率換算変動率,False,業種,サービス業,10d,10営業日,5,4,4,0.030520416881149218,0.01941080794348368,0.75,サンプル不足,0.05020172430097916
v5,volatility_20d,20日変動率,低いほど望ましい年率換算変動率,False,業種,サービス業,1d,1営業日,4,2,2,-0.007750578032081889,-0.007750578032081889,0.0,サンプル不足,0.014201393587820115
v5,volatility_20d,20日変動率,低いほど望ましい年率換算変動率,False,業種,サービス業,1d,1営業日,5,4,4,0.006450815555738226,-0.0037941484645312006,0.5,サンプル不足,0.014201393587820115
v5,volatility_20d,20日変動率,低いほど望ましい年率換算変動率,False,業種,サービス業,3d,3営業日,4,2,2,-0.00882546825301411,-0.00882546825301411,0.5,サンプル不足,0.059069100072544456
v5,volatility_20d,20日変動率,低いほど望ましい年率換算変動率,False,業種,サービス業,3d,3営業日,5,4,4,0.05024363181953035,0.03224679515198303,0.75,サンプル不足,0.059069100072544456
v5,volatility_20d,20日変動率,低いほど望ましい年率換算変動率,False,業種,サービス業,5d,5営業日,4,2,2,-0.023751250324082276,-0.023751250324082276,0.5,サンプル不足,0.05228953371171222
v5,volatility_20d,20日変動率,低いほど望ましい年率換算変動率,False,業種,サービス業,5d,5営業日,5,4,4,0.028538283387629947,0.03651594125074664,0.75,サンプル不足,0.05228953371171222
v5,volatility_20d,20日変動率,低いほど望ましい年率換算変動率,False,業種,パルプ・紙,10d,10営業日,1,1,1,0.032064128256513,0.032064128256513,1.0,サンプル不足,0.0
v5,volatility_20d,20日変動率,低いほど望ましい年率換算変動率,False,業種,パルプ・紙,1d,1営業日,1,1,1,0.066132264529058,0.066132264529058,1.0,サンプル不足,0.0
v5,volatility_20d,20日変動率,低いほど望ましい年率換算変動率,False,業種,パルプ・紙,3d,3営業日,1,1,1,0.0220440881763526,0.0220440881763526,1.0,サンプル不足,0.0
v5,volatility_20d,20日変動率,低いほど望ましい年率換算変動率,False,業種,パルプ・紙,5d,5営業日,1,1,1,-0.0420841683366733,-0.0420841683366733,0.0,サンプル不足,0.0
v5,volatility_20d,20日変動率,低いほど望ましい年率換算変動率,False,業種,不動産業,10d,10営業日,3,2,2,0.0343326885880077,0.0343326885880077,0.5,サンプル不足,0.0
v5,volatility_20d,20日変動率,低いほど望ましい年率換算変動率,False,業種,不動産業,1d,1営業日,3,2,2,-0.05609284332688591,-0.05609284332688591,0.0,サンプル不足,0.0
v5,volatility_20d,20日変動率,低いほど望ましい年率換算変動率,False,業種,不動産業,3d,3営業日,3,2,2,-0.0667311411992263,-0.0667311411992263,0.0,サンプル不足,0.0
v5,volatility_20d,20日変動率,低いほど望ましい年率換算変動率,False,業種,不動産業,5d,5営業日,3,2,2,-0.05609284332688591,-0.05609284332688591,0.0,サンプル不足,0.0
v5,volatility_20d,20日変動率,低いほど望ましい年率換算変動率,False,業種,保険業,10d,10営業日,5,2,2,-0.030840805458430043,-0.030840805458430043,0.0,サンプル不足,0.0
v5,volatility_20d,20日変動率,低いほど望ましい年率換算変動率,False,業種,保険業,1d,1営業日,5,2,2,0.011070072200659364,0.011070072200659364,1.0,サンプル不足,0.0
v5,volatility_20d,20日変動率,低いほど望ましい年率換算変動率,False,業種,保険業,3d,3営業日,5,2,2,0.020679651599048943,0.020679651599048943,1.0,サンプル不足,0.0
v5,volatility_20d,20日変動率,低いほど望ましい年率換算変動率,False,業種,保険業,5d,5営業日,5,2,2,-0.02986622567635261,-0.02986622567635261,0.0,サンプル不足,0.0
v5,volatility_20d,20日変動率,低いほど望ましい年率換算変動率,False,業種,化学,10d,10営業日,1,1,1,-0.10836501901140683,-0.10836501901140683,0.0,サンプル不足,0.11944742331392644
v5,volatility_20d,20日変動率,低いほど望ましい年率換算変動率,False,業種,化学,10d,10営業日,4,4,4,-0.0333443531260339,-0.030172754378992916,0.0,サンプル不足,0.11944742331392644
v5,volatility_20d,20日変動率,低いほど望ましい年率換算変動率,False,業種,化学,10d,10営業日,5,2,2,0.01108240430251961,0.01108240430251961,0.5,サンプル不足,0.11944742331392644
v5,volatility_20d,20日変動率,低いほど望ましい年率換算変動率,False,業種,化学,1d,1営業日,1,1,1,0.049429657794676896,0.049429657794676896,1.0,サンプル不足,-0.044146796241912034
v5,volatility_20d,20日変動率,低いほど望ましい年率換算変動率,False,業種,化学,1d,1営業日,4,4,4,-0.011809945248570958,-0.012466191031085483,0.0,サンプル不足,-0.044146796241912034
v5,volatility_20d,20日変動率,低いほど望ましい年率換算変動率,False,業種,化学,1d,1営業日,5,2,2,0.0052828615527648615,0.0052828615527648615,0.5,サンプル不足,-0.044146796241912034
v5,volatility_20d,20日変動率,低いほど望ましい年率換算変動率,False,業種,化学,3d,3営業日,1,1,1,-0.013307984790874472,-0.013307984790874472,0.0,サンプル不足,0.020740741377908378
v5,volatility_20d,20日変動率,低いほど望ましい年率換算変動率,False,業種,化学,3d,3営業日,4,4,4,-0.0015206967829931584,-0.0337917709560695,0.25,サンプル不足,0.020740741377908378
v5,volatility_20d,20日変動率,低いほど望ましい年率換算変動率,False,業種,化学,3d,3営業日,5,2,2,0.007432756587033906,0.007432756587033906,0.5,サンプル不足,0.020740741377908378
v5,volatility_20d,20日変動率,低いほど望ましい年率換算変動率,False,業種,化学,5d,5営業日,1,1,1,-0.06749049429657794,-0.06749049429657794,0.0,サンプル不足,0.06265181396975317
v5,volatility_20d,20日変動率,低いほど望ましい年率換算変動率,False,業種,化学,5d,5営業日,4,4,4,-0.031249221946689415,-0.05342324880953214,0.25,サンプル不足,0.06265181396975317
v5,volatility_20d,20日変動率,低いほど望ましい年率換算変動率,False,業種,化学,5d,5営業日,5,2,2,-0.0048386803268247736,-0.0048386803268247736,0.5,サンプル不足,0.06265181396975317
v5,volatility_20d,20日変動率,低いほど望ましい年率換算変動率,False,業種,卸売業,10d,10営業日,4,1,1,0.05666156202143946,0.05666156202143946,1.0,サンプル不足,-0.08022902967393486
v5,volatility_20d,20日変動率,低いほど望ましい年率換算変動率,False,業種,卸売業,10d,10営業日,5,1,1,-0.0235674676524954,-0.0235674676524954,0.0,サンプル不足,-0.08022902967393486
v5,volatility_20d,20日変動率,低いほど望ましい年率換算変動率,False,業種,卸売業,1d,1営業日,4,1,1,0.038284839203675425,0.038284839203675425,1.0,サンプル不足,-0.03920905362142035
v5,volatility_20d,20日変動率,低いほど望ましい年率換算変動率,False,業種,卸売業,1d,1営業日,5,1,1,-0.0009242144177449285,-0.0009242144177449285,0.0,サンプル不足,-0.03920905362142035
v5,volatility_20d,20日変動率,低いほど望ましい年率換算変動率,False,業種,卸売業,3d,3営業日,4,1,1,0.08422664624808585,0.08422664624808585,1.0,サンプル不足,-0.10224882739411167
v5,volatility_20d,20日変動率,低いほど望ましい年率換算変動率,False,業種,卸売業,3d,3営業日,5,1,1,-0.01802218114602583,-0.01802218114602583,0.0,サンプル不足,-0.10224882739411167
v5,volatility_20d,20日変動率,低いほど望ましい年率換算変動率,False,業種,卸売業,5d,5営業日,4,1,1,0.03215926493108734,0.03215926493108734,1.0,サンプル不足,-0.040477194690791585
v5,volatility_20d,20日変動率,低いほど望ましい年率換算変動率,False,業種,卸売業,5d,5営業日,5,1,1,-0.008317929759704246,-0.008317929759704246,0.0,サンプル不足,-0.040477194690791585
v5,volatility_20d,20日変動率,低いほど望ましい年率換算変動率,False,業種,小売業,10d,10営業日,4,1,1,0.03282828282828287,0.03282828282828287,1.0,サンプル不足,-0.04158101805804215
v5,volatility_20d,20日変動率,低いほど望ましい年率換算変動率,False,業種,小売業,10d,10営業日,5,2,2,-0.008752735229759279,-0.008752735229759279,0.0,サンプル不足,-0.04158101805804215
v5,volatility_20d,20日変動率,低いほど望ましい年率換算変動率,False,業種,小売業,1d,1営業日,4,1,1,0.04166666666666674,0.04166666666666674,1.0,サンプル不足,-0.044292487235594535
v5,volatility_20d,20日変動率,低いほど望ましい年率換算変動率,False,業種,小売業,1d,1営業日,5,2,2,-0.0026258205689277947,-0.0026258205689277947,0.0,サンプル不足,-0.044292487235594535
v5,volatility_20d,20日変動率,低いほど望ましい年率換算変動率,False,業種,小売業,3d,3営業日,4,1,1,0.025252525252525304,0.025252525252525304,1.0,サンプル不足,-0.04418660307138388
v5,volatility_20d,20日変動率,低いほど望ましい年率換算変動率,False,業種,小売業,3d,3営業日,5,2,2,-0.01893407781885858,-0.01893407781885858,0.0,サンプル不足,-0.04418660307138388
v5,volatility_20d,20日変動率,低いほど望ましい年率換算変動率,False,業種,小売業,5d,5営業日,4,1,1,-0.02146464646464652,-0.02146464646464652,0.0,サンプル不足,-0.021299256047992085
v5,volatility_20d,20日変動率,低いほど望ましい年率換算変動率,False,業種,小売業,5d,5営業日,5,2,2,-0.042763902512638605,-0.042763902512638605,0.0,サンプル不足,-0.021299256047992085
v5,volatility_20d,20日変動率,低いほど望ましい年率換算変動率,False,業種,建設業,10d,10営業日,2,1,1,-0.1718452758402029,-0.1718452758402029,0.0,サンプル不足,0.18115120837219198
v5,volatility_20d,20日変動率,低いほど望ましい年率換算変動率,False,業種,建設業,10d,10営業日,4,1,1,0.00930593253198908,0.00930593253198908,1.0,サンプル不足,0.18115120837219198
v5,volatility_20d,20日変動率,低いほど望ましい年率換算変動率,False,業種,建設業,1d,1営業日,2,1,1,-0.0228281547241597,-0.0228281547241597,0.0,サンプル不足,0.0521676920125144
v5,volatility_20d,20日変動率,低いほど望ましい年率換算変動率,False,業種,建設業,1d,1営業日,4,1,1,0.0293395372883547,0.0293395372883547,1.0,サンプル不足,0.0521676920125144
v5,volatility_20d,20日変動率,低いほど望ましい年率換算変動率,False,業種,建設業,3d,3営業日,2,1,1,-0.1781864299302473,-0.1781864299302473,0.0,サンプル不足,0.25961333958515226
v5,volatility_20d,20日変動率,低いほど望ましい年率換算変動率,False,業種,建設業,3d,3営業日,4,1,1,0.08142690965490496,0.08142690965490496,1.0,サンプル不足,0.25961333958515226
v5,volatility_20d,20日変動率,低いほど望ましい年率換算変動率,False,業種,建設業,5d,5営業日,2,1,1,-0.1509194673430564,-0.1509194673430564,0.0,サンプル不足,0.211925025052763
v5,volatility_20d,20日変動率,低いほど望ましい年率換算変動率,False,業種,建設業,5d,5営業日,4,1,1,0.061005557709706615,0.061005557709706615,1.0,サンプル不足,0.211925025052763
v5,volatility_20d,20日変動率,低いほど望ましい年率換算変動率,False,業種,情報・通信業,10d,10営業日,1,4,4,-0.12883707162251326,-0.14657668214756542,0.0,サンプル不足,0.10353454136948796
v5,volatility_20d,20日変動率,低いほど望ましい年率換算変動率,False,業種,情報・通信業,10d,10営業日,5,1,1,-0.0253025302530253,-0.0253025302530253,0.0,サンプル不足,0.10353454136948796
v5,volatility_20d,20日変動率,低いほど望ましい年率換算変動率,False,業種,情報・通信業,1d,1営業日,1,4,4,-0.016189174731838563,-0.012927080012407666,0.5,サンプル不足,0.005188074621827663
v5,volatility_20d,20日変動率,低いほど望ましい年率換算変動率,False,業種,情報・通信業,1d,1営業日,5,1,1,-0.0110011001100109,-0.0110011001100109,0.0,サンプル不足,0.005188074621827663
v5,volatility_20d,20日変動率,低いほど望ましい年率換算変動率,False,業種,情報・通信業,3d,3営業日,1,4,4,-0.0260055798554661,0.0023704946707221453,0.5,サンプル不足,0.022705249822462803
v5,volatility_20d,20日変動率,低いほど望ましい年率換算変動率,False,業種,情報・通信業,3d,3営業日,5,1,1,-0.0033003300330033,-0.0033003300330033,0.0,サンプル不足,0.022705249822462803
v5,volatility_20d,20日変動率,低いほど望ましい年率換算変動率,False,業種,情報・通信業,5d,5営業日,1,4,4,-0.07897076673204728,-0.0685475940701552,0.25,サンプル不足,0.04816768642401648
v5,volatility_20d,20日変動率,低いほど望ましい年率換算変動率,False,業種,情報・通信業,5d,5営業日,5,1,1,-0.0308030803080308,-0.0308030803080308,0.0,サンプル不足,0.04816768642401648
v5,volatility_20d,20日変動率,低いほど望ましい年率換算変動率,False,業種,機械,10d,10営業日,1,3,3,0.1749550249499804,0.0020544427324087,0.6666666666666666,サンプル不足,-0.12384391383886928
v5,volatility_20d,20日変動率,低いほど望ましい年率換算変動率,False,業種,機械,10d,10営業日,2,4,4,0.044055036845887144,0.04006913158303557,0.75,サンプル不足,-0.12384391383886928
v5,volatility_20d,20日変動率,低いほど望ましい年率換算変動率,False,業種,機械,10d,10営業日,3,3,3,0.013435878451081828,-0.0020366598778004,0.3333333333333333,サンプル不足,-0.12384391383886928
v5,volatility_20d,20日変動率,低いほど望ましい年率換算変動率,False,業種,機械,10d,10営業日,4,2,2,-0.06649573602363298,-0.06649573602363298,0.0,サンプル不足,-0.12384391383886928
v5,volatility_20d,20日変動率,低いほど望ましい年率換算変動率,False,業種,機械,10d,10営業日,5,1,1,0.05111111111111111,0.05111111111111111,1.0,サンプル不足,-0.12384391383886928
v5,volatility_20d,20日変動率,低いほど望ましい年率換算変動率,False,業種,機械,1d,1営業日,1,3,3,0.04705228605569297,0.0107858243451464,0.6666666666666666,サンプル不足,-0.044830063833470844
v5,volatility_20d,20日変動率,低いほど望ましい年率換算変動率,False,業種,機械,1d,1営業日,2,4,4,0.007970622646404657,-0.00025292638916729615,0.5,サンプル不足,-0.044830063833470844
v5,volatility_20d,20日変動率,低いほど望ましい年率換算変動率,False,業種,機械,1d,1営業日,3,3,3,0.0015478236994772032,-0.010362694300518172,0.3333333333333333,サンプル不足,-0.044830063833470844
v5,volatility_20d,20日変動率,低いほど望ましい年率換算変動率,False,業種,機械,1d,1営業日,4,2,2,0.007492150196012858,0.007492150196012858,0.5,サンプル不足,-0.044830063833470844
v5,volatility_20d,20日変動率,低いほど望ましい年率換算変動率,False,業種,機械,1d,1営業日,5,1,1,0.0022222222222221255,0.0022222222222221255,1.0,サンプル不足,-0.044830063833470844
v5,volatility_20d,20日変動率,低いほど望ましい年率換算変動率,False,業種,機械,3d,3営業日,1,3,3,0.05982348529086923,0.005136106831022,0.6666666666666666,サンプル不足,-0.055379040846424754
v5,volatility_20d,20日変動率,低いほど望ましい年率換算変動率,False,業種,機械,3d,3営業日,2,4,4,0.08372349554467039,0.0770331676246698,1.0,サンプル不足,-0.055379040846424754
v5,volatility_20d,20日変動率,低いほど望ましい年率換算変動率,False,業種,機械,3d,3営業日,3,3,3,0.09215738186131994,0.11224489795918369,1.0,サンプル不足,-0.055379040846424754
v5,volatility_20d,20日変動率,低いほど望ましい年率換算変動率,False,業種,機械,3d,3営業日,4,2,2,-0.012327443657915733,-0.012327443657915733,0.5,サンプル不足,-0.055379040846424754
v5,volatility_20d,20日変動率,低いほど望ましい年率換算変動率,False,業種,機械,3d,3営業日,5,1,1,0.004444444444444473,0.004444444444444473,1.0,サンプル不足,-0.055379040846424754
v5,volatility_20d,20日変動率,低いほど望ましい年率換算変動率,False,業種,機械,5d,5営業日,1,3,3,0.02981404677265473,0.0724191063174113,0.6666666666666666,サンプル不足,-0.007591824550432585
v5,volatility_20d,20日変動率,低いほど望ましい年率換算変動率,False,業種,機械,5d,5営業日,2,4,4,0.0009491882257711796,-0.005847056082025771,0.25,サンプル不足,-0.007591824550432585
v5,volatility_20d,20日変動率,低いほど望ましい年率換算変動率,False,業種,機械,5d,5営業日,3,3,3,-0.0159469836708994,-0.0251188051595383,0.3333333333333333,サンプル不足,-0.007591824550432585
v5,volatility_20d,20日変動率,低いほど望ましい年率換算変動率,False,業種,機械,5d,5営業日,4,2,2,-0.07117217546402096,-0.07117217546402096,0.0,サンプル不足,-0.007591824550432585
v5,volatility_20d,20日変動率,低いほど望ましい年率換算変動率,False,業種,機械,5d,5営業日,5,1,1,0.022222222222222143,0.022222222222222143,1.0,サンプル不足,-0.007591824550432585
v5,volatility_20d,20日変動率,低いほど望ましい年率換算変動率,False,業種,精密機器,10d,10営業日,2,4,4,0.04095533504650867,-0.02582955179017765,0.25,サンプル不足,-0.006250964866560127
v5,volatility_20d,20日変動率,低いほど望ましい年率換算変動率,False,業種,精密機器,10d,10営業日,3,2,2,0.008721120492178769,0.008721120492178769,0.5,サンプル不足,-0.006250964866560127
v5,volatility_20d,20日変動率,低いほど望ましい年率換算変動率,False,業種,精密機器,10d,10営業日,4,1,1,0.03470437017994854,0.03470437017994854,1.0,サンプル不足,-0.006250964866560127
v5,volatility_20d,20日変動率,低いほど望ましい年率換算変動率,False,業種,精密機器,1d,1営業日,2,4,4,0.027951441737945615,-0.004031239604772752,0.5,サンプル不足,-0.05494372965568339
v5,volatility_20d,20日変動率,低いほど望ましい年率換算変動率,False,業種,精密機器,1d,1営業日,3,2,2,0.021877690344213052,0.021877690344213052,0.5,サンプル不足,-0.05494372965568339
v5,volatility_20d,20日変動率,低いほど望ましい年率換算変動率,False,業種,精密機器,1d,1営業日,4,1,1,-0.02699228791773778,-0.02699228791773778,0.0,サンプル不足,-0.05494372965568339
v5,volatility_20d,20日変動率,低いほど望ましい年率換算変動率,False,業種,精密機器,3d,3営業日,2,4,4,0.08496035855798723,0.06338958687942087,0.75,サンプル不足,-0.08367501151428547
v5,volatility_20d,20日変動率,低いほど望ましい年率換算変動率,False,業種,精密機器,3d,3営業日,3,2,2,0.042840348995856536,0.042840348995856536,0.5,サンプル不足,-0.08367501151428547
v5,volatility_20d,20日変動率,低いほど望ましい年率換算変動率,False,業種,精密機器,3d,3営業日,4,1,1,0.0012853470437017567,0.0012853470437017567,1.0,サンプル不足,-0.08367501151428547
v5,volatility_20d,20日変動率,低いほど望ましい年率換算変動率,False,業種,精密機器,5d,5営業日,2,4,4,0.031868160402427514,0.00965955594570711,0.75,サンプル不足,-0.05500440718905991
v5,volatility_20d,20日変動率,低いほど望ましい年率換算変動率,False,業種,精密機器,5d,5営業日,3,2,2,0.014301932768455483,0.014301932768455483,0.5,サンプル不足,-0.05500440718905991
v5,volatility_20d,20日変動率,低いほど望ましい年率換算変動率,False,業種,精密機器,5d,5営業日,4,1,1,-0.023136246786632397,-0.023136246786632397,0.0,サンプル不足,-0.05500440718905991
v5,volatility_20d,20日変動率,低いほど望ましい年率換算変動率,False,業種,証券、商品先物取引業,10d,10営業日,5,2,2,0.0035022234893509196,0.0035022234893509196,0.5,サンプル不足,0.0
v5,volatility_20d,20日変動率,低いほど望ましい年率換算変動率,False,業種,証券、商品先物取引業,1d,1営業日,5,2,2,0.0014850057824656315,0.0014850057824656315,0.5,サンプル不足,0.0
v5,volatility_20d,20日変動率,低いほど望ましい年率換算変動率,False,業種,証券、商品先物取引業,3d,3営業日,5,2,2,0.000757722726751453,0.000757722726751453,0.5,サンプル不足,0.0
v5,volatility_20d,20日変動率,低いほど望ましい年率換算変動率,False,業種,証券、商品先物取引業,5d,5営業日,5,2,2,-0.02340457002356927,-0.02340457002356927,0.0,サンプル不足,0.0
v5,volatility_20d,20日変動率,低いほど望ましい年率換算変動率,False,業種,輸送用機器,10d,10営業日,1,1,1,-0.2735674676524954,-0.2735674676524954,0.0,サンプル不足,0.5643837941831077
v5,volatility_20d,20日変動率,低いほど望ましい年率換算変動率,False,業種,輸送用機器,10d,10営業日,2,1,1,-0.0539325842696629,-0.0539325842696629,0.0,サンプル不足,0.5643837941831077
v5,volatility_20d,20日変動率,低いほど望ましい年率換算変動率,False,業種,輸送用機器,10d,10営業日,3,1,1,-0.1737599510104103,-0.1737599510104103,0.0,サンプル不足,0.5643837941831077
v5,volatility_20d,20日変動率,低いほど望ましい年率換算変動率,False,業種,輸送用機器,10d,10営業日,4,1,1,0.2908163265306123,0.2908163265306123,1.0,サンプル不足,0.5643837941831077
v5,volatility_20d,20日変動率,低いほど望ましい年率換算変動率,False,業種,輸送用機器,1d,1営業日,1,1,1,-0.17467652495378927,-0.17467652495378927,0.0,サンプル不足,0.21039081066807508
v5,volatility_20d,20日変動率,低いほど望ましい年率換算変動率,False,業種,輸送用機器,1d,1営業日,2,1,1,0.0719101123595504,0.0719101123595504,1.0,サンプル不足,0.21039081066807508
v5,volatility_20d,20日変動率,低いほど望ましい年率換算変動率,False,業種,輸送用機器,1d,1営業日,3,1,1,-0.03245560318432328,-0.03245560318432328,0.0,サンプル不足,0.21039081066807508
v5,volatility_20d,20日変動率,低いほど望ましい年率換算変動率,False,業種,輸送用機器,1d,1営業日,4,1,1,0.03571428571428581,0.03571428571428581,1.0,サンプル不足,0.21039081066807508
v5,volatility_20d,20日変動率,低いほど望ましい年率換算変動率,False,業種,輸送用機器,3d,3営業日,1,1,1,-0.10258780036968573,-0.10258780036968573,0.0,サンプル不足,0.21556156130263038
v5,volatility_20d,20日変動率,低いほど望ましい年率換算変動率,False,業種,輸送用機器,3d,3営業日,2,1,1,0.101123595505618,0.101123595505618,1.0,サンプル不足,0.21556156130263038
v5,volatility_20d,20日変動率,低いほど望ましい年率換算変動率,False,業種,輸送用機器,3d,3営業日,3,1,1,-0.007042253521126751,-0.007042253521126751,0.0,サンプル不足,0.21556156130263038
v5,volatility_20d,20日変動率,低いほど望ましい年率換算変動率,False,業種,輸送用機器,3d,3営業日,4,1,1,0.11297376093294464,0.11297376093294464,1.0,サンプル不足,0.21556156130263038
v5,volatility_20d,20日変動率,低いほど望ましい年率換算変動率,False,業種,輸送用機器,5d,5営業日,1,1,1,-0.2541589648798521,-0.2541589648798521,0.0,サンプル不足,0.4750044459294147
v5,volatility_20d,20日変動率,低いほど望ましい年率換算変動率,False,業種,輸送用機器,5d,5営業日,2,1,1,0.0179775280898877,0.0179775280898877,1.0,サンプル不足,0.4750044459294147
v5,volatility_20d,20日変動率,低いほど望ましい年率換算変動率,False,業種,輸送用機器,5d,5営業日,3,1,1,-0.06307409675443965,-0.06307409675443965,0.0,サンプル不足,0.4750044459294147
v5,volatility_20d,20日変動率,低いほど望ましい年率換算変動率,False,業種,輸送用機器,5d,5営業日,4,1,1,0.2208454810495626,0.2208454810495626,1.0,サンプル不足,0.4750044459294147
v5,volatility_20d,20日変動率,低いほど望ましい年率換算変動率,False,業種,金属製品,10d,10営業日,1,1,1,0.14196008147600092,0.14196008147600092,1.0,サンプル不足,-0.14907028970352754
v5,volatility_20d,20日変動率,低いほど望ましい年率換算変動率,False,業種,金属製品,10d,10営業日,2,2,2,0.07366515975326121,0.07366515975326121,0.5,サンプル不足,-0.14907028970352754
v5,volatility_20d,20日変動率,低いほど望ましい年率換算変動率,False,業種,金属製品,10d,10営業日,3,1,1,-0.007110208227526615,-0.007110208227526615,0.0,サンプル不足,-0.14907028970352754
v5,volatility_20d,20日変動率,低いほど望ましい年率換算変動率,False,業種,金属製品,1d,1営業日,1,1,1,0.04046232619288359,0.04046232619288359,1.0,サンプル不足,0.023783483862982235
v5,volatility_20d,20日変動率,低いほど望ましい年率換算変動率,False,業種,金属製品,1d,1営業日,2,2,2,0.06268128605007998,0.06268128605007998,0.5,サンプル不足,0.023783483862982235
v5,volatility_20d,20日変動率,低いほど望ましい年率換算変動率,False,業種,金属製品,1d,1営業日,3,1,1,0.06424581005586583,0.06424581005586583,1.0,サンプル不足,0.023783483862982235
v5,volatility_20d,20日変動率,低いほど望ましい年率換算変動率,False,業種,金属製品,3d,3営業日,1,1,1,0.01661839223442918,0.01661839223442918,1.0,サンプル不足,0.06083209024398628
v5,volatility_20d,20日変動率,低いほど望ましい年率換算変動率,False,業種,金属製品,3d,3営業日,2,2,2,0.20160797478416748,0.20160797478416748,1.0,サンプル不足,0.06083209024398628
v5,volatility_20d,20日変動率,低いほど望ましい年率換算変動率,False,業種,金属製品,3d,3営業日,3,1,1,0.07745048247841546,0.07745048247841546,1.0,サンプル不足,0.06083209024398628
v5,volatility_20d,20日変動率,低いほど望ましい年率換算変動率,False,業種,金属製品,5d,5営業日,1,1,1,-0.10621393050957872,-0.10621393050957872,0.0,サンプル不足,0.10646786651770468
v5,volatility_20d,20日変動率,低いほど望ましい年率換算変動率,False,業種,金属製品,5d,5営業日,2,2,2,0.07742741607324569,0.07742741607324569,0.5,サンプル不足,0.10646786651770468
v5,volatility_20d,20日変動率,低いほど望ましい年率換算変動率,False,業種,金属製品,5d,5営業日,3,1,1,0.0002539360081259545,0.0002539360081259545,1.0,サンプル不足,0.10646786651770468
v5,volatility_20d,20日変動率,低いほど望ましい年率換算変動率,False,業種,鉄鋼,10d,10営業日,5,1,1,-0.0461538461538461,-0.0461538461538461,0.0,サンプル不足,0.0
v5,volatility_20d,20日変動率,低いほど望ましい年率換算変動率,False,業種,鉄鋼,1d,1営業日,5,1,1,-0.03538461538461535,-0.03538461538461535,0.0,サンプル不足,0.0
v5,volatility_20d,20日変動率,低いほど望ましい年率換算変動率,False,業種,鉄鋼,3d,3営業日,5,1,1,-0.019230769230769273,-0.019230769230769273,0.0,サンプル不足,0.0
v5,volatility_20d,20日変動率,低いほど望ましい年率換算変動率,False,業種,鉄鋼,5d,5営業日,5,1,1,-0.0592307692307692,-0.0592307692307692,0.0,サンプル不足,0.0
v5,volatility_20d,20日変動率,低いほど望ましい年率換算変動率,False,業種,銀行業,10d,10営業日,4,2,2,-0.018071006744941276,-0.018071006744941276,0.0,サンプル不足,0.0073975384580965975
v5,volatility_20d,20日変動率,低いほど望ましい年率換算変動率,False,業種,銀行業,10d,10営業日,5,3,3,-0.010673468286844678,-0.007640586797066029,0.0,サンプル不足,0.0073975384580965975
v5,volatility_20d,20日変動率,低いほど望ましい年率換算変動率,False,業種,銀行業,1d,1営業日,4,2,2,0.04253611791156642,0.04253611791156642,1.0,サンプル不足,-0.0032047817564616957
v5,volatility_20d,20日変動率,低いほど望ましい年率換算変動率,False,業種,銀行業,1d,1営業日,5,3,3,0.03933133615510472,0.0431007751937984,1.0,サンプル不足,-0.0032047817564616957
v5,volatility_20d,20日変動率,低いほど望ましい年率換算変動率,False,業種,銀行業,3d,3営業日,4,2,2,0.02535076692480631,0.02535076692480631,1.0,サンプル不足,0.0015047481683448556
v5,volatility_20d,20日変動率,低いほど望ましい年率換算変動率,False,業種,銀行業,3d,3営業日,5,3,3,0.026855515093151167,0.03023255813953485,1.0,サンプル不足,0.0015047481683448556
v5,volatility_20d,20日変動率,低いほど望ましい年率換算変動率,False,業種,銀行業,5d,5営業日,4,2,2,-0.021576697476892337,-0.021576697476892337,0.0,サンプル不足,0.0036475627336834404
v5,volatility_20d,20日変動率,低いほど望ましい年率換算変動率,False,業種,銀行業,5d,5営業日,5,3,3,-0.017929134743208897,-0.018736988202637028,0.0,サンプル不足,0.0036475627336834404
v5,volatility_20d,20日変動率,低いほど望ましい年率換算変動率,False,業種,電気・ガス業,10d,10営業日,5,1,1,0.10313108084203071,0.10313108084203071,1.0,サンプル不足,0.0
v5,volatility_20d,20日変動率,低いほど望ましい年率換算変動率,False,業種,電気・ガス業,1d,1営業日,5,1,1,0.002476561117990439,0.002476561117990439,1.0,サンプル不足,0.0
v5,volatility_20d,20日変動率,低いほど望ましい年率換算変動率,False,業種,電気・ガス業,3d,3営業日,5,1,1,0.012736600035379464,0.012736600035379464,1.0,サンプル不足,0.0
v5,volatility_20d,20日変動率,低いほど望ましい年率換算変動率,False,業種,電気・ガス業,5d,5営業日,5,1,1,0.03307978064744388,0.03307978064744388,1.0,サンプル不足,0.0
v5,volatility_20d,20日変動率,低いほど望ましい年率換算変動率,False,業種,電気機器,10d,10営業日,1,8,8,-0.05859192510298358,-0.031124784730195143,0.5,サンプル不足,0.07615951643118254
v5,volatility_20d,20日変動率,低いほど望ましい年率換算変動率,False,業種,電気機器,10d,10営業日,2,6,6,0.006505328263971266,-0.02125584638628797,0.3333333333333333,サンプル不足,0.07615951643118254
v5,volatility_20d,20日変動率,低いほど望ましい年率換算変動率,False,業種,電気機器,10d,10営業日,3,8,8,0.049057572012622154,0.057778999823482224,0.75,サンプル不足,0.07615951643118254
v5,volatility_20d,20日変動率,低いほど望ましい年率換算変動率,False,業種,電気機器,10d,10営業日,4,3,3,0.01756759132819896,0.019749132639445,0.6666666666666666,サンプル不足,0.07615951643118254
v5,volatility_20d,20日変動率,低いほど望ましい年率換算変動率,False,業種,電気機器,1d,1営業日,1,8,8,0.01546391871627655,0.010494794596811206,0.625,サンプル不足,-0.018721846660672052
v5,volatility_20d,20日変動率,低いほど望ましい年率換算変動率,False,業種,電気機器,1d,1営業日,2,6,6,0.014376716464185832,0.007951207571801566,0.6666666666666666,サンプル不足,-0.018721846660672052
v5,volatility_20d,20日変動率,低いほど望ましい年率換算変動率,False,業種,電気機器,1d,1営業日,3,8,8,0.019711150329698453,0.020652780880053512,0.875,サンプル不足,-0.018721846660672052
v5,volatility_20d,20日変動率,低いほど望ましい年率換算変動率,False,業種,電気機器,1d,1営業日,4,3,3,-0.0032579279443955,-0.006795422031473541,0.3333333333333333,サンプル不足,-0.018721846660672052
v5,volatility_20d,20日変動率,低いほど望ましい年率換算変動率,False,業種,電気機器,3d,3営業日,1,8,8,-0.0047674411966601125,-0.011124039668035917,0.5,サンプル不足,0.005941408605626509
v5,volatility_20d,20日変動率,低いほど望ましい年率換算変動率,False,業種,電気機器,3d,3営業日,2,6,6,0.05431749454572419,0.06900800765431925,0.8333333333333334,サンプル不足,0.005941408605626509
v5,volatility_20d,20日変動率,低いほど望ましい年率換算変動率,False,業種,電気機器,3d,3営業日,3,8,8,0.0644007559913784,0.06570871861718741,0.875,サンプル不足,0.005941408605626509
v5,volatility_20d,20日変動率,低いほど望ましい年率換算変動率,False,業種,電気機器,3d,3営業日,4,3,3,0.0011739674089663958,-0.013233190271816908,0.3333333333333333,サンプル不足,0.005941408605626509
v5,volatility_20d,20日変動率,低いほど望ましい年率換算変動率,False,業種,電気機器,5d,5営業日,1,8,8,-0.08399359241491243,-0.1105556927215009,0.375,サンプル不足,0.04376096804166454
v5,volatility_20d,20日変動率,低いほど望ましい年率換算変動率,False,業種,電気機器,5d,5営業日,2,6,6,-0.04553709460196335,-0.03918115886407558,0.0,サンプル不足,0.04376096804166454
v5,volatility_20d,20日変動率,低いほど望ましい年率換算変動率,False,業種,電気機器,5d,5営業日,3,8,8,0.0012295677336483235,-0.001414719308103607,0.5,サンプル不足,0.04376096804166454
v5,volatility_20d,20日変動率,低いほど望ましい年率換算変動率,False,業種,電気機器,5d,5営業日,4,3,3,-0.04023262437324789,-0.04286335944299391,0.0,サンプル不足,0.04376096804166454
v5,volatility_20d,20日変動率,低いほど望ましい年率換算変動率,False,業種,非鉄金属,10d,10営業日,2,2,2,-0.05602162311132958,-0.05602162311132958,0.0,サンプル不足,0.0
v5,volatility_20d,20日変動率,低いほど望ましい年率換算変動率,False,業種,非鉄金属,1d,1営業日,2,2,2,-0.0036069554465585907,-0.0036069554465585907,0.5,サンプル不足,0.0
v5,volatility_20d,20日変動率,低いほど望ましい年率換算変動率,False,業種,非鉄金属,3d,3営業日,2,2,2,0.15975162843703572,0.15975162843703572,1.0,サンプル不足,0.0
v5,volatility_20d,20日変動率,低いほど望ましい年率換算変動率,False,業種,非鉄金属,5d,5営業日,2,2,2,0.027528406869043454,0.027528406869043454,0.5,サンプル不足,0.0
v5,volatility_20d,20日変動率,低いほど望ましい年率換算変動率,False,業種,食料品,10d,10営業日,4,1,1,0.15636704119850187,0.15636704119850187,1.0,サンプル不足,0.0
v5,volatility_20d,20日変動率,低いほど望ましい年率換算変動率,False,業種,食料品,1d,1営業日,4,1,1,0.08370786516853923,0.08370786516853923,1.0,サンプル不足,0.0
v5,volatility_20d,20日変動率,低いほど望ましい年率換算変動率,False,業種,食料品,3d,3営業日,4,1,1,0.15355805243445686,0.15355805243445686,1.0,サンプル不足,0.0
v5,volatility_20d,20日変動率,低いほど望ましい年率換算変動率,False,業種,食料品,5d,5営業日,4,1,1,0.02621722846441954,0.02621722846441954,1.0,サンプル不足,0.0
v5,volume_ratio_20d,出来高比,当日出来高と20日平均出来高の比率,True,全体,全体,10d,10営業日,1,20,20,0.00997123023809321,-0.008468748529593173,0.45,サンプル不足,-0.06502365725558432
v5,volume_ratio_20d,出来高比,当日出来高と20日平均出来高の比率,True,全体,全体,10d,10営業日,2,20,20,-0.022523686694324342,-0.012733359946773104,0.2,サンプル不足,-0.06502365725558432
v5,volume_ratio_20d,出来高比,当日出来高と20日平均出来高の比率,True,全体,全体,10d,10営業日,3,20,20,0.04435820844630733,0.03543042135781327,0.6,サンプル不足,-0.06502365725558432
v5,volume_ratio_20d,出来高比,当日出来高と20日平均出来高の比率,True,全体,全体,10d,10営業日,4,20,20,0.021250017080448453,0.000690181979295712,0.5,サンプル不足,-0.06502365725558432
v5,volume_ratio_20d,出来高比,当日出来高と20日平均出来高の比率,True,全体,全体,10d,10営業日,5,20,20,-0.055052427017491114,-0.03991155431833393,0.25,サンプル不足,-0.06502365725558432
v5,volume_ratio_20d,出来高比,当日出来高と20日平均出来高の比率,True,全体,全体,1d,1営業日,1,20,20,0.029531434350056257,0.016689088642402705,0.75,サンプル不足,-0.03759692743521172
v5,volume_ratio_20d,出来高比,当日出来高と20日平均出来高の比率,True,全体,全体,1d,1営業日,2,20,20,0.008802700831220547,0.010231836568992847,0.65,サンプル不足,-0.03759692743521172
v5,volume_ratio_20d,出来高比,当日出来高と20日平均出来高の比率,True,全体,全体,1d,1営業日,3,20,20,0.021117931622638947,0.019713706041478804,0.7,サンプル不足,-0.03759692743521172
v5,volume_ratio_20d,出来高比,当日出来高と20日平均出来高の比率,True,全体,全体,1d,1営業日,4,20,20,0.013437985574727761,-0.008991699877146209,0.4,サンプル不足,-0.03759692743521172
v5,volume_ratio_20d,出来高比,当日出来高と20日平均出来高の比率,True,全体,全体,1d,1営業日,5,20,20,-0.008065493085155466,-0.01949015832683915,0.3,サンプル不足,-0.03759692743521172
v5,volume_ratio_20d,出来高比,当日出来高と20日平均出来高の比率,True,全体,全体,3d,3営業日,1,20,20,0.06769729573799793,0.05687124294128365,0.75,サンプル不足,-0.07806465475298048
v5,volume_ratio_20d,出来高比,当日出来高と20日平均出来高の比率,True,全体,全体,3d,3営業日,2,20,20,0.0215199849896308,0.020894298937596312,0.7,サンプル不足,-0.07806465475298048
v5,volume_ratio_20d,出来高比,当日出来高と20日平均出来高の比率,True,全体,全体,3d,3営業日,3,20,20,0.0491189198178008,0.0535884353741497,0.8,サンプル不足,-0.07806465475298048
v5,volume_ratio_20d,出来高比,当日出来高と20日平均出来高の比率,True,全体,全体,3d,3営業日,4,20,20,0.04048568285191361,0.018175119910780017,0.6,サンプル不足,-0.07806465475298048
v5,volume_ratio_20d,出来高比,当日出来高と20日平均出来高の比率,True,全体,全体,3d,3営業日,5,20,20,-0.010367359014982551,-0.00619127318689096,0.4,サンプル不足,-0.07806465475298048
v5,volume_ratio_20d,出来高比,当日出来高と20日平均出来高の比率,True,全体,全体,5d,5営業日,1,20,20,-0.006981748610754704,-0.004876456728013734,0.45,サンプル不足,-0.03464012078796764
v5,volume_ratio_20d,出来高比,当日出来高と20日平均出来高の比率,True,全体,全体,5d,5営業日,2,20,20,-0.028705433998524175,-0.020418027026631314,0.2,サンプル不足,-0.03464012078796764
v5,volume_ratio_20d,出来高比,当日出来高と20日平均出来高の比率,True,全体,全体,5d,5営業日,3,20,20,-0.01575462653229958,-0.004462660860522549,0.4,サンプル不足,-0.03464012078796764
v5,volume_ratio_20d,出来高比,当日出来高と20日平均出来高の比率,True,全体,全体,5d,5営業日,4,20,20,-0.0010795069682913625,-0.02451510243154055,0.4,サンプル不足,-0.03464012078796764
v5,volume_ratio_20d,出来高比,当日出来高と20日平均出来高の比率,True,全体,全体,5d,5営業日,5,20,20,-0.041621869398722346,-0.03523076382457163,0.2,サンプル不足,-0.03464012078796764
v5,volume_ratio_20d,出来高比,当日出来高と20日平均出来高の比率,True,業種,その他金融業,10d,10営業日,2,1,1,-0.05977272727272731,-0.05977272727272731,0.0,サンプル不足,0.0
v5,volume_ratio_20d,出来高比,当日出来高と20日平均出来高の比率,True,業種,その他金融業,1d,1営業日,2,1,1,0.02659090909090911,0.02659090909090911,1.0,サンプル不足,0.0
v5,volume_ratio_20d,出来高比,当日出来高と20日平均出来高の比率,True,業種,その他金融業,3d,3営業日,2,1,1,-0.020454545454545503,-0.020454545454545503,0.0,サンプル不足,0.0
v5,volume_ratio_20d,出来高比,当日出来高と20日平均出来高の比率,True,業種,その他金融業,5d,5営業日,2,1,1,-0.08386363636363636,-0.08386363636363636,0.0,サンプル不足,0.0
v5,volume_ratio_20d,出来高比,当日出来高と20日平均出来高の比率,True,業種,ガラス・土石製品,10d,10営業日,2,1,1,-0.0711246200607902,-0.0711246200607902,0.0,サンプル不足,-0.0254181066189227
v5,volume_ratio_20d,出来高比,当日出来高と20日平均出来高の比率,True,業種,ガラス・土石製品,10d,10営業日,3,1,1,-0.054102795311091,-0.054102795311091,0.0,サンプル不足,-0.0254181066189227
v5,volume_ratio_20d,出来高比,当日出来高と20日平均出来高の比率,True,業種,ガラス・土石製品,10d,10営業日,4,1,1,-0.00862630208333337,-0.00862630208333337,0.0,サンプル不足,-0.0254181066189227
v5,volume_ratio_20d,出来高比,当日出来高と20日平均出来高の比率,True,業種,ガラス・土石製品,10d,10営業日,5,1,1,-0.0965427266797129,-0.0965427266797129,0.0,サンプル不足,-0.0254181066189227
v5,volume_ratio_20d,出来高比,当日出来高と20日平均出来高の比率,True,業種,ガラス・土石製品,1d,1営業日,2,1,1,-0.0012158054711246,-0.0012158054711246,0.0,サンプル不足,0.2079998889675369
v5,volume_ratio_20d,出来高比,当日出来高と20日平均出来高の比率,True,業種,ガラス・土石製品,1d,1営業日,3,1,1,0.0144274120829577,0.0144274120829577,1.0,サンプル不足,0.2079998889675369
v5,volume_ratio_20d,出来高比,当日出来高と20日平均出来高の比率,True,業種,ガラス・土石製品,1d,1営業日,4,1,1,-0.01529947916666663,-0.01529947916666663,0.0,サンプル不足,0.2079998889675369
v5,volume_ratio_20d,出来高比,当日出来高と20日平均出来高の比率,True,業種,ガラス・土石製品,1d,1営業日,5,1,1,0.2067840834964123,0.2067840834964123,1.0,サンプル不足,0.2079998889675369
v5,volume_ratio_20d,出来高比,当日出来高と20日平均出来高の比率,True,業種,ガラス・土石製品,3d,3営業日,2,1,1,-0.006079027355623,-0.006079027355623,0.0,サンプル不足,0.14371764444629478
v5,volume_ratio_20d,出来高比,当日出来高と20日平均出来高の比率,True,業種,ガラス・土石製品,3d,3営業日,3,1,1,0.1100090171325518,0.1100090171325518,1.0,サンプル不足,0.14371764444629478
v5,volume_ratio_20d,出来高比,当日出来高と20日平均出来高の比率,True,業種,ガラス・土石製品,3d,3営業日,4,1,1,-0.01529947916666663,-0.01529947916666663,0.0,サンプル不足,0.14371764444629478
v5,volume_ratio_20d,出来高比,当日出来高と20日平均出来高の比率,True,業種,ガラス・土石製品,3d,3営業日,5,1,1,0.1376386170906718,0.1376386170906718,1.0,サンプル不足,0.14371764444629478
v5,volume_ratio_20d,出来高比,当日出来高と20日平均出来高の比率,True,業種,ガラス・土石製品,5d,5営業日,2,1,1,-0.0370820668693009,-0.0370820668693009,0.0,サンプル不足,0.28757130365990746
v5,volume_ratio_20d,出来高比,当日出来高と20日平均出来高の比率,True,業種,ガラス・土石製品,5d,5営業日,3,1,1,0.0,0.0,0.0,サンプル不足,0.28757130365990746
v5,volume_ratio_20d,出来高比,当日出来高と20日平均出来高の比率,True,業種,ガラス・土石製品,5d,5営業日,4,1,1,-0.02718098958333337,-0.02718098958333337,0.0,サンプル不足,0.28757130365990746
v5,volume_ratio_20d,出来高比,当日出来高と20日平均出来高の比率,True,業種,ガラス・土石製品,5d,5営業日,5,1,1,0.2504892367906066,0.2504892367906066,1.0,サンプル不足,0.28757130365990746
v5,volume_ratio_20d,出来高比,当日出来高と20日平均出来高の比率,True,業種,サービス業,10d,10営業日,1,2,2,0.04163002581881475,0.04163002581881475,0.5,サンプル不足,-0.033811973224642744
v5,volume_ratio_20d,出来高比,当日出来高と20日平均出来高の比率,True,業種,サービス業,10d,10営業日,4,3,3,-0.002786350515621513,0.0160295930949445,0.6666666666666666,サンプル不足,-0.033811973224642744
v5,volume_ratio_20d,出来高比,当日出来高と20日平均出来高の比率,True,業種,サービス業,10d,10営業日,5,1,1,0.00781805259417201,0.00781805259417201,1.0,サンプル不足,-0.033811973224642744
v5,volume_ratio_20d,出来高比,当日出来高と20日平均出来高の比率,True,業種,サービス業,1d,1営業日,1,2,2,0.039192201298470786,0.039192201298470786,1.0,サンプル不足,-0.042035129514533365
v5,volume_ratio_20d,出来高比,当日出来高と20日平均出来高の比率,True,業種,サービス業,1d,1営業日,4,3,3,-0.021746456074029957,-0.0246609124537607,0.0,サンプル不足,-0.042035129514533365
v5,volume_ratio_20d,出来高比,当日出来高と20日平均出来高の比率,True,業種,サービス業,1d,1営業日,5,1,1,-0.002842928216062579,-0.002842928216062579,0.0,サンプル不足,-0.042035129514533365
v5,volume_ratio_20d,出来高比,当日出来高と20日平均出来高の比率,True,業種,サービス業,3d,3営業日,1,2,2,0.03224679515198303,0.03224679515198303,1.0,サンプル不足,-0.01767678804466255
v5,volume_ratio_20d,出来高比,当日出来高と20日平均出来高の比率,True,業種,サービス業,3d,3営業日,4,3,3,0.03475333112026888,-0.0110974106041923,0.3333333333333333,サンプル不足,-0.01767678804466255
v5,volume_ratio_20d,出来高比,当日出来高と20日平均出来高の比率,True,業種,サービス業,3d,3営業日,5,1,1,0.014570007107320482,0.014570007107320482,1.0,サンプル不足,-0.01767678804466255
v5,volume_ratio_20d,出来高比,当日出来高と20日平均出来高の比率,True,業種,サービス業,5d,5営業日,1,2,2,0.040109015898954326,0.040109015898954326,1.0,サンプル不足,-0.03122486522375878
v5,volume_ratio_20d,出来高比,当日出来高と20日平均出来高の比率,True,業種,サービス業,5d,5営業日,4,3,3,-0.007483849856916321,-0.0258939580764487,0.3333333333333333,サンプル不足,-0.03122486522375878
v5,volume_ratio_20d,出来高比,当日出来高と20日平均出来高の比率,True,業種,サービス業,5d,5営業日,5,1,1,0.008884150675195546,0.008884150675195546,1.0,サンプル不足,-0.03122486522375878
v5,volume_ratio_20d,出来高比,当日出来高と20日平均出来高の比率,True,業種,パルプ・紙,10d,10営業日,4,1,1,0.032064128256513,0.032064128256513,1.0,サンプル不足,0.0
v5,volume_ratio_20d,出来高比,当日出来高と20日平均出来高の比率,True,業種,パルプ・紙,1d,1営業日,4,1,1,0.066132264529058,0.066132264529058,1.0,サンプル不足,0.0
v5,volume_ratio_20d,出来高比,当日出来高と20日平均出来高の比率,True,業種,パルプ・紙,3d,3営業日,4,1,1,0.0220440881763526,0.0220440881763526,1.0,サンプル不足,0.0
v5,volume_ratio_20d,出来高比,当日出来高と20日平均出来高の比率,True,業種,パルプ・紙,5d,5営業日,4,1,1,-0.0420841683366733,-0.0420841683366733,0.0,サンプル不足,0.0
v5,volume_ratio_20d,出来高比,当日出来高と20日平均出来高の比率,True,業種,不動産業,10d,10営業日,2,1,1,-0.09090909090909094,-0.09090909090909094,0.0,サンプル不足,0.2504835589941973
v5,volume_ratio_20d,出来高比,当日出来高と20日平均出来高の比率,True,業種,不動産業,10d,10営業日,5,1,1,0.15957446808510634,0.15957446808510634,1.0,サンプル不足,0.2504835589941973
v5,volume_ratio_20d,出来高比,当日出来高と20日平均出来高の比率,True,業種,不動産業,1d,1営業日,2,1,1,-0.09090909090909094,-0.09090909090909094,0.0,サンプル不足,0.06963249516441006
v5,volume_ratio_20d,出来高比,当日出来高と20日平均出来高の比率,True,業種,不動産業,1d,1営業日,5,1,1,-0.021276595744680882,-0.021276595744680882,0.0,サンプル不足,0.06963249516441006
v5,volume_ratio_20d,出来高比,当日出来高と20日平均出来高の比率,True,業種,不動産業,3d,3営業日,2,1,1,-0.09090909090909094,-0.09090909090909094,0.0,サンプル不足,0.04835589941972929
v5,volume_ratio_20d,出来高比,当日出来高と20日平均出来高の比率,True,業種,不動産業,3d,3営業日,5,1,1,-0.04255319148936165,-0.04255319148936165,0.0,サンプル不足,0.04835589941972929
v5,volume_ratio_20d,出来高比,当日出来高と20日平均出来高の比率,True,業種,不動産業,5d,5営業日,2,1,1,-0.09090909090909094,-0.09090909090909094,0.0,サンプル不足,0.06963249516441006
v5,volume_ratio_20d,出来高比,当日出来高と20日平均出来高の比率,True,業種,不動産業,5d,5営業日,5,1,1,-0.021276595744680882,-0.021276595744680882,0.0,サンプル不足,0.06963249516441006
v5,volume_ratio_20d,出来高比,当日出来高と20日平均出来高の比率,True,業種,保険業,10d,10営業日,2,2,2,-0.030840805458430043,-0.030840805458430043,0.0,サンプル不足,0.0
v5,volume_ratio_20d,出来高比,当日出来高と20日平均出来高の比率,True,業種,保険業,1d,1営業日,2,2,2,0.011070072200659364,0.011070072200659364,1.0,サンプル不足,0.0
v5,volume_ratio_20d,出来高比,当日出来高と20日平均出来高の比率,True,業種,保険業,3d,3営業日,2,2,2,0.020679651599048943,0.020679651599048943,1.0,サンプル不足,0.0
v5,volume_ratio_20d,出来高比,当日出来高と20日平均出来高の比率,True,業種,保険業,5d,5営業日,2,2,2,-0.02986622567635261,-0.02986622567635261,0.0,サンプル不足,0.0
v5,volume_ratio_20d,出来高比,当日出来高と20日平均出来高の比率,True,業種,化学,10d,10営業日,1,4,4,-0.031153973650737493,-0.021302814165330308,0.25,サンプル不足,0.013762669302911396
v5,volume_ratio_20d,出来高比,当日出来高と20日平均出来高の比率,True,業種,化学,10d,10営業日,2,1,1,-0.055640599398323665,-0.055640599398323665,0.0,サンプル不足,0.013762669302911396
v5,volume_ratio_20d,出来高比,当日出来高と20日平均出来高の比率,True,業種,化学,10d,10営業日,3,1,1,-0.021929824561403466,-0.021929824561403466,0.0,サンプル不足,0.013762669302911396
v5,volume_ratio_20d,出来高比,当日出来高と20日平均出来高の比率,True,業種,化学,10d,10営業日,4,1,1,-0.017391304347826098,-0.017391304347826098,0.0,サンプル不足,0.013762669302911396
v5,volume_ratio_20d,出来高比,当日出来高と20日平均出来高の比率,True,業種,化学,1d,1営業日,1,4,4,0.012018318002903039,0.0052828615527648615,0.5,サンプル不足,-0.018974839742033456
v5,volume_ratio_20d,出来高比,当日出来高と20日平均出来高の比率,True,業種,化学,1d,1営業日,2,1,1,-0.013010273173576503,-0.013010273173576503,0.0,サンプル不足,-0.018974839742033456
v5,volume_ratio_20d,出来高比,当日出来高と20日平均出来高の比率,True,業種,化学,1d,1営業日,3,1,1,-0.015350877192982448,-0.015350877192982448,0.0,サンプル不足,-0.018974839742033456
v5,volume_ratio_20d,出来高比,当日出来高と20日平均出来高の比率,True,業種,化学,1d,1営業日,4,1,1,-0.006956521739130417,-0.006956521739130417,0.0,サンプル不足,-0.018974839742033456
v5,volume_ratio_20d,出来高比,当日出来高と20日平均出来高の比率,True,業種,化学,3d,3営業日,1,4,4,-0.00762492443486798,-0.00857877770784471,0.25,サンプル不足,0.10501622878269404
v5,volume_ratio_20d,出来高比,当日出来高と20日平均出来高の比率,True,業種,化学,3d,3営業日,2,1,1,-0.03589054956765969,-0.03589054956765969,0.0,サンプル不足,0.10501622878269404
v5,volume_ratio_20d,出来高比,当日出来高と20日平均出来高の比率,True,業種,化学,3d,3営業日,3,1,1,-0.03552631578947374,-0.03552631578947374,0.0,サンプル不足,0.10501622878269404
v5,volume_ratio_20d,出来高比,当日出来高と20日平均出来高の比率,True,業種,化学,3d,3営業日,4,1,1,0.09739130434782606,0.09739130434782606,1.0,サンプル不足,0.10501622878269404
v5,volume_ratio_20d,出来高比,当日出来高と20日平均出来高の比率,True,業種,化学,5d,5営業日,1,4,4,-0.03416148287916504,-0.036253696263672364,0.25,サンプル不足,0.08285713505307807
v5,volume_ratio_20d,出来高比,当日出来高と20日平均出来高の比率,True,業種,化学,5d,5営業日,2,1,1,-0.0668460423416064,-0.0668460423416064,0.0,サンプル不足,0.08285713505307807
v5,volume_ratio_20d,出来高比,当日出来高と20日平均出来高の比率,True,業種,化学,5d,5営業日,3,1,1,-0.047368421052631615,-0.047368421052631615,0.0,サンプル不足,0.08285713505307807
v5,volume_ratio_20d,出来高比,当日出来高と20日平均出来高の比率,True,業種,化学,5d,5営業日,4,1,1,0.04869565217391303,0.04869565217391303,1.0,サンプル不足,0.08285713505307807
v5,volume_ratio_20d,出来高比,当日出来高と20日平均出来高の比率,True,業種,卸売業,10d,10営業日,4,2,2,0.01654704718447203,0.01654704718447203,0.5,サンプル不足,0.0
v5,volume_ratio_20d,出来高比,当日出来高と20日平均出来高の比率,True,業種,卸売業,1d,1営業日,4,2,2,0.018680312392965248,0.018680312392965248,0.5,サンプル不足,0.0
v5,volume_ratio_20d,出来高比,当日出来高と20日平均出来高の比率,True,業種,卸売業,3d,3営業日,4,2,2,0.03310223255103001,0.03310223255103001,0.5,サンプル不足,0.0
v5,volume_ratio_20d,出来高比,当日出来高と20日平均出来高の比率,True,業種,卸売業,5d,5営業日,4,2,2,0.011920667585691547,0.011920667585691547,0.5,サンプル不足,0.0
v5,volume_ratio_20d,出来高比,当日出来高と20日平均出来高の比率,True,業種,小売業,10d,10営業日,3,1,1,-0.017505470459518557,-0.017505470459518557,0.0,サンプル不足,0.033919611873659994
v5,volume_ratio_20d,出来高比,当日出来高と20日平均出来高の比率,True,業種,小売業,10d,10営業日,5,2,2,0.016414141414141437,0.016414141414141437,0.5,サンプル不足,0.033919611873659994
v5,volume_ratio_20d,出来高比,当日出来高と20日平均出来高の比率,True,業種,小売業,1d,1営業日,3,1,1,-0.005251641137855589,-0.005251641137855589,0.0,サンプル不足,0.02608497447118896
v5,volume_ratio_20d,出来高比,当日出来高と20日平均出来高の比率,True,業種,小売業,1d,1営業日,5,2,2,0.02083333333333337,0.02083333333333337,0.5,サンプル不足,0.02608497447118896
v5,volume_ratio_20d,出来高比,当日出来高と20日平均出来高の比率,True,業種,小売業,3d,3営業日,3,1,1,-0.014879649890590763,-0.014879649890590763,0.0,サンプル不足,0.016011659643290217
v5,volume_ratio_20d,出来高比,当日出来高と20日平均出来高の比率,True,業種,小売業,3d,3営業日,5,2,2,0.001132009752699453,0.001132009752699453,0.5,サンプル不足,0.016011659643290217
v5,volume_ratio_20d,出来高比,当日出来高と20日平均出来高の比率,True,業種,小売業,5d,5営業日,3,1,1,-0.04070021881838071,-0.04070021881838071,0.0,サンプル不足,0.007554102482609196
v5,volume_ratio_20d,出来高比,当日出来高と20日平均出来高の比率,True,業種,小売業,5d,5営業日,5,2,2,-0.03314611633577151,-0.03314611633577151,0.0,サンプル不足,0.007554102482609196
v5,volume_ratio_20d,出来高比,当日出来高と20日平均出来高の比率,True,業種,建設業,10d,10営業日,4,1,1,0.00930593253198908,0.00930593253198908,1.0,サンプル不足,-0.18115120837219198
v5,volume_ratio_20d,出来高比,当日出来高と20日平均出来高の比率,True,業種,建設業,10d,10営業日,5,1,1,-0.1718452758402029,-0.1718452758402029,0.0,サンプル不足,-0.18115120837219198
v5,volume_ratio_20d,出来高比,当日出来高と20日平均出来高の比率,True,業種,建設業,1d,1営業日,4,1,1,0.0293395372883547,0.0293395372883547,1.0,サンプル不足,-0.0521676920125144
v5,volume_ratio_20d,出来高比,当日出来高と20日平均出来高の比率,True,業種,建設業,1d,1営業日,5,1,1,-0.0228281547241597,-0.0228281547241597,0.0,サンプル不足,-0.0521676920125144
v5,volume_ratio_20d,出来高比,当日出来高と20日平均出来高の比率,True,業種,建設業,3d,3営業日,4,1,1,0.08142690965490496,0.08142690965490496,1.0,サンプル不足,-0.25961333958515226
v5,volume_ratio_20d,出来高比,当日出来高と20日平均出来高の比率,True,業種,建設業,3d,3営業日,5,1,1,-0.1781864299302473,-0.1781864299302473,0.0,サンプル不足,-0.25961333958515226
v5,volume_ratio_20d,出来高比,当日出来高と20日平均出来高の比率,True,業種,建設業,5d,5営業日,4,1,1,0.061005557709706615,0.061005557709706615,1.0,サンプル不足,-0.211925025052763
v5,volume_ratio_20d,出来高比,当日出来高と20日平均出来高の比率,True,業種,建設業,5d,5営業日,5,1,1,-0.1509194673430564,-0.1509194673430564,0.0,サンプル不足,-0.211925025052763
v5,volume_ratio_20d,出来高比,当日出来高と20日平均出来高の比率,True,業種,情報・通信業,10d,10営業日,1,3,3,-0.1121868025673914,-0.12790697674418605,0.0,サンプル不足,0.010141598046939357
v5,volume_ratio_20d,出来高比,当日出来高と20日平均出来高の比率,True,業種,情報・通信業,10d,10営業日,5,2,2,-0.10204520452045204,-0.10204520452045204,0.0,サンプル不足,0.010141598046939357
v5,volume_ratio_20d,出来高比,当日出来高と20日平均出来高の比率,True,業種,情報・通信業,1d,1営業日,1,3,3,0.028919484195932415,0.04491279069767451,0.6666666666666666,サンプル不足,-0.11017761000851362
v5,volume_ratio_20d,出来高比,当日出来高と20日平均出来高の比率,True,業種,情報・通信業,1d,1営業日,5,2,2,-0.0812581258125812,-0.0812581258125812,0.0,サンプル不足,-0.11017761000851362
v5,volume_ratio_20d,出来高比,当日出来高と20日平均出来高の比率,True,業種,情報・通信業,3d,3営業日,1,3,3,0.055224883425035065,0.052906976744186096,0.6666666666666666,サンプル不足,-0.1917235332900215
v5,volume_ratio_20d,出来高比,当日出来高と20日平均出来高の比率,True,業種,情報・通信業,3d,3営業日,5,2,2,-0.13649864986498644,-0.13649864986498644,0.0,サンプル不足,-0.1917235332900215
v5,volume_ratio_20d,出来高比,当日出来高と20日平均出来高の比率,True,業種,情報・通信業,5d,5営業日,1,3,3,-0.025496375844749952,-0.0411337209302326,0.3333333333333333,サンプル不足,-0.10960213400623509
v5,volume_ratio_20d,出来高比,当日出来高と20日平均出来高の比率,True,業種,情報・通信業,5d,5営業日,5,2,2,-0.13509850985098504,-0.13509850985098504,0.0,サンプル不足,-0.10960213400623509
v5,volume_ratio_20d,出来高比,当日出来高と20日平均出来高の比率,True,業種,機械,10d,10営業日,1,1,1,0.14935064935064934,0.14935064935064934,1.0,サンプル不足,-0.15741331421607851
v5,volume_ratio_20d,出来高比,当日出来高と20日平均出来高の比率,True,業種,機械,10d,10営業日,2,1,1,-0.053268765133171914,-0.053268765133171914,0.0,サンプル不足,-0.15741331421607851
v5,volume_ratio_20d,出来高比,当日出来高と20日平均出来高の比率,True,業種,機械,10d,10営業日,3,5,5,0.14573454878841713,0.05111111111111111,0.8,サンプル不足,-0.15741331421607851
v5,volume_ratio_20d,出来高比,当日出来高と20日平均出来高の比率,True,業種,機械,10d,10営業日,4,2,2,-0.06649573602363298,-0.06649573602363298,0.0,サンプル不足,-0.15741331421607851
v5,volume_ratio_20d,出来高比,当日出来高と20日平均出来高の比率,True,業種,機械,10d,10営業日,5,4,4,-0.008062664865429173,8.891427304149983e-06,0.5,サンプル不足,-0.15741331421607851
v5,volume_ratio_20d,出来高比,当日出来高と20日平均出来高の比率,True,業種,機械,1d,1営業日,1,1,1,0.08116883116883122,0.08116883116883122,1.0,サンプル不足,-0.11154034531718052
v5,volume_ratio_20d,出来高比,当日出来高と20日平均出来高の比率,True,業種,機械,1d,1営業日,2,1,1,0.009685230024213176,0.009685230024213176,1.0,サンプル不足,-0.11154034531718052
v5,volume_ratio_20d,出来高比,当日出来高と20日平均出来高の比率,True,業種,機械,1d,1営業日,3,5,5,0.04210740749474081,0.0022222222222221255,0.6,サンプル不足,-0.11154034531718052
v5,volume_ratio_20d,出来高比,当日出来高と20日平均出来高の比率,True,業種,機械,1d,1営業日,4,2,2,0.007492150196012858,0.007492150196012858,0.5,サンプル不足,-0.11154034531718052
v5,volume_ratio_20d,出来高比,当日出来高と20日平均出来高の比率,True,業種,機械,1d,1営業日,5,4,4,-0.0303715141483493,-0.0342340999784743,0.25,サンプル不足,-0.11154034531718052
v5,volume_ratio_20d,出来高比,当日出来高と20日平均出来高の比率,True,業種,機械,3d,3営業日,1,1,1,0.14935064935064934,0.14935064935064934,1.0,サンプル不足,-0.13128101177343443
v5,volume_ratio_20d,出来高比,当日出来高と20日平均出来高の比率,True,業種,機械,3d,3営業日,2,1,1,0.0314769975786926,0.0314769975786926,1.0,サンプル不足,-0.13128101177343443
v5,volume_ratio_20d,出来高比,当日出来高と20日平均出来高の比率,True,業種,機械,3d,3営業日,3,5,5,0.10843496616829837,0.11224489795918369,1.0,サンプル不足,-0.13128101177343443
v5,volume_ratio_20d,出来高比,当日出来高と20日平均出来高の比率,True,業種,機械,3d,3営業日,4,2,2,-0.012327443657915733,-0.012327443657915733,0.5,サンプル不足,-0.13128101177343443
v5,volume_ratio_20d,出来高比,当日出来高と20日平均出来高の比率,True,業種,機械,3d,3営業日,5,4,4,0.01806963757721492,0.02482415097648655,0.75,サンプル不足,-0.13128101177343443
v5,volume_ratio_20d,出来高比,当日出来高と20日平均出来高の比率,True,業種,機械,5d,5営業日,1,1,1,0.02759740259740262,0.02759740259740262,1.0,サンプル不足,-0.0395313053118248
v5,volume_ratio_20d,出来高比,当日出来高と20日平均出来高の比率,True,業種,機械,5d,5営業日,2,1,1,-0.01210653753026636,-0.01210653753026636,0.0,サンプル不足,-0.0395313053118248
v5,volume_ratio_20d,出来高比,当日出来高と20日平均出来高の比率,True,業種,機械,5d,5営業日,3,5,5,0.01997298204422506,0.00993091537132984,0.6,サンプル不足,-0.0395313053118248
v5,volume_ratio_20d,出来高比,当日出来高と20日平均出来高の比率,True,業種,機械,5d,5営業日,4,2,2,-0.07117217546402096,-0.07117217546402096,0.0,サンプル不足,-0.0395313053118248
v5,volume_ratio_20d,出来高比,当日出来高と20日平均出来高の比率,True,業種,機械,5d,5営業日,5,4,4,-0.011933902714422176,-0.01713257331147645,0.25,サンプル不足,-0.0395313053118248
v5,volume_ratio_20d,出来高比,当日出来高と20日平均出来高の比率,True,業種,精密機器,10d,10営業日,2,2,2,-0.02582955179017765,-0.02582955179017765,0.0,サンプル不足,-0.0504551503504046
v5,volume_ratio_20d,出来高比,当日出来高と20日平均出来高の比率,True,業種,精密機器,10d,10営業日,3,1,1,0.07575757575757569,0.07575757575757569,1.0,サンプル不足,-0.0504551503504046
v5,volume_ratio_20d,出来高比,当日出来高と20日平均出来高の比率,True,業種,精密機器,10d,10営業日,4,2,2,0.17221944172714243,0.17221944172714243,1.0,サンプル不足,-0.0504551503504046
v5,volume_ratio_20d,出来高比,当日出来高と20日平均出来高の比率,True,業種,精密機器,10d,10営業日,5,2,2,-0.07628470214058225,-0.07628470214058225,0.0,サンプル不足,-0.0504551503504046
v5,volume_ratio_20d,出来高比,当日出来高と20日平均出来高の比率,True,業種,精密機器,1d,1営業日,2,2,2,-0.004171523521317944,-0.004171523521317944,0.5,サンプル不足,-0.020839475038408883
v5,volume_ratio_20d,出来高比,当日出来高と20日平均出来高の比率,True,業種,精密機器,1d,1営業日,3,1,1,0.06643356643356646,0.06643356643356646,1.0,サンプル不足,-0.020839475038408883
v5,volume_ratio_20d,出来高比,当日出来高と20日平均出来高の比率,True,業種,精密機器,1d,1営業日,4,2,2,0.06025016872549693,0.06025016872549693,0.5,サンプル不足,-0.020839475038408883
v5,volume_ratio_20d,出来高比,当日出来高と20日平均出来高の比率,True,業種,精密機器,1d,1営業日,5,2,2,-0.025010998559726827,-0.025010998559726827,0.0,サンプル不足,-0.020839475038408883
v5,volume_ratio_20d,出来高比,当日出来高と20日平均出来高の比率,True,業種,精密機器,3d,3営業日,2,2,2,0.06338958687942087,0.06338958687942087,1.0,サンプル不足,-0.0874818120841665
v5,volume_ratio_20d,出来高比,当日出来高と20日平均出来高の比率,True,業種,精密機器,3d,3営業日,3,1,1,0.09324009324009319,0.09324009324009319,1.0,サンプル不足,-0.0874818120841665
v5,volume_ratio_20d,出来高比,当日出来高と20日平均出来高の比率,True,業種,精密機器,3d,3営業日,4,2,2,0.12748633133896003,0.12748633133896003,1.0,サンプル不足,-0.0874818120841665
v5,volume_ratio_20d,出来高比,当日出来高と20日平均出来高の比率,True,業種,精密機器,3d,3営業日,5,2,2,-0.024092225204745632,-0.024092225204745632,0.0,サンプル不足,-0.0874818120841665
v5,volume_ratio_20d,出来高比,当日出来高と20日平均出来高の比率,True,業種,精密機器,5d,5営業日,2,2,2,0.00965955594570711,0.00965955594570711,1.0,サンプル不足,-0.056154922307211974
v5,volume_ratio_20d,出来高比,当日出来高と20日平均出来高の比率,True,業種,精密機器,5d,5営業日,3,1,1,0.05128205128205132,0.05128205128205132,1.0,サンプル不足,-0.056154922307211974
v5,volume_ratio_20d,出来高比,当日出来高と20日平均出来高の比率,True,業種,精密機器,5d,5営業日,4,2,2,0.0776649149547664,0.0776649149547664,0.5,サンプル不足,-0.056154922307211974
v5,volume_ratio_20d,出来高比,当日出来高と20日平均出来高の比率,True,業種,精密機器,5d,5営業日,5,2,2,-0.046495366361504864,-0.046495366361504864,0.0,サンプル不足,-0.056154922307211974
v5,volume_ratio_20d,出来高比,当日出来高と20日平均出来高の比率,True,業種,証券、商品先物取引業,10d,10営業日,2,1,1,0.014930015552099496,0.014930015552099496,1.0,サンプル不足,-0.022855584125497153
v5,volume_ratio_20d,出来高比,当日出来高と20日平均出来高の比率,True,業種,証券、商品先物取引業,10d,10営業日,4,1,1,-0.007925568573397657,-0.007925568573397657,0.0,サンプル不足,-0.022855584125497153
v5,volume_ratio_20d,出来高比,当日出来高と20日平均出来高の比率,True,業種,証券、商品先物取引業,1d,1営業日,2,1,1,0.013996889580093264,0.013996889580093264,1.0,サンプル不足,-0.025023767595255264
v5,volume_ratio_20d,出来高比,当日出来高と20日平均出来高の比率,True,業種,証券、商品先物取引業,1d,1営業日,4,1,1,-0.011026878015162,-0.011026878015162,0.0,サンプル不足,-0.025023767595255264
v5,volume_ratio_20d,出来高比,当日出来高と20日平均出来高の比率,True,業種,証券、商品先物取引業,3d,3営業日,2,1,1,0.011508553654743459,0.011508553654743459,1.0,サンプル不足,-0.02150166185598401
v5,volume_ratio_20d,出来高比,当日出来高と20日平均出来高の比率,True,業種,証券、商品先物取引業,3d,3営業日,4,1,1,-0.009993108201240553,-0.009993108201240553,0.0,サンプル不足,-0.02150166185598401
v5,volume_ratio_20d,出来高比,当日出来高と20日平均出来高の比率,True,業種,証券、商品先物取引業,5d,5営業日,2,1,1,-0.01648522550544318,-0.01648522550544318,0.0,サンプル不足,-0.013838689036252183
v5,volume_ratio_20d,出来高比,当日出来高と20日平均出来高の比率,True,業種,証券、商品先物取引業,5d,5営業日,4,1,1,-0.030323914541695363,-0.030323914541695363,0.0,サンプル不足,-0.013838689036252183
v5,volume_ratio_20d,出来高比,当日出来高と20日平均出来高の比率,True,業種,輸送用機器,10d,10営業日,3,1,1,-0.2735674676524954,-0.2735674676524954,0.0,サンプル不足,0.2946087314026751
v5,volume_ratio_20d,出来高比,当日出来高と20日平均出来高の比率,True,業種,輸送用機器,10d,10営業日,4,3,3,0.02104126375017969,-0.0539325842696629,0.3333333333333333,サンプル不足,0.2946087314026751
v5,volume_ratio_20d,出来高比,当日出来高と20日平均出来高の比率,True,業種,輸送用機器,1d,1営業日,3,1,1,-0.17467652495378927,-0.17467652495378927,0.0,サンプル不足,0.19973278991696025
v5,volume_ratio_20d,出来高比,当日出来高と20日平均出来高の比率,True,業種,輸送用機器,1d,1営業日,4,3,3,0.02505626496317098,0.03571428571428581,0.6666666666666666,サンプル不足,0.19973278991696025
v5,volume_ratio_20d,出来高比,当日出来高と20日平均出来高の比率,True,業種,輸送用機器,3d,3営業日,3,1,1,-0.10258780036968573,-0.10258780036968573,0.0,サンプル不足,0.17160616800883105
v5,volume_ratio_20d,出来高比,当日出来高と20日平均出来高の比率,True,業種,輸送用機器,3d,3営業日,4,3,3,0.0690183676391453,0.101123595505618,0.6666666666666666,サンプル不足,0.17160616800883105
v5,volume_ratio_20d,出来高比,当日出来高と20日平均出来高の比率,True,業種,輸送用機器,5d,5営業日,3,1,1,-0.2541589648798521,-0.2541589648798521,0.0,サンプル不足,0.31274193567485564
v5,volume_ratio_20d,出来高比,当日出来高と20日平均出来高の比率,True,業種,輸送用機器,5d,5営業日,4,3,3,0.05858297079500355,0.0179775280898877,0.6666666666666666,サンプル不足,0.31274193567485564
v5,volume_ratio_20d,出来高比,当日出来高と20日平均出来高の比率,True,業種,金属製品,10d,10営業日,1,2,2,0.2071108031329788,0.2071108031329788,1.0,サンプル不足,-0.33204200841641307
v5,volume_ratio_20d,出来高比,当日出来高と20日平均出来高の比率,True,業種,金属製品,10d,10営業日,3,1,1,-0.007110208227526615,-0.007110208227526615,0.0,サンプル不足,-0.33204200841641307
v5,volume_ratio_20d,出来高比,当日出来高と20日平均出来高の比率,True,業種,金属製品,10d,10営業日,4,1,1,-0.12493120528343427,-0.12493120528343427,0.0,サンプル不足,-0.33204200841641307
v5,volume_ratio_20d,出来高比,当日出来高と20日平均出来高の比率,True,業種,金属製品,1d,1営業日,1,2,2,0.08924156307057239,0.08924156307057239,1.0,サンプル不足,-0.10189979091867361
v5,volume_ratio_20d,出来高比,当日出来高と20日平均出来高の比率,True,業種,金属製品,1d,1営業日,3,1,1,0.06424581005586583,0.06424581005586583,1.0,サンプル不足,-0.10189979091867361
v5,volume_ratio_20d,出来高比,当日出来高と20日平均出来高の比率,True,業種,金属製品,1d,1営業日,4,1,1,-0.012658227848101222,-0.012658227848101222,0.0,サンプル不足,-0.10189979091867361
v5,volume_ratio_20d,出来高比,当日出来高と20日平均出来高の比率,True,業種,金属製品,3d,3営業日,1,2,2,0.19450715439065014,0.19450715439065014,1.0,サンプル不足,-0.16368712136918628
v5,volume_ratio_20d,出来高比,当日出来高と20日平均出来高の比率,True,業種,金属製品,3d,3営業日,3,1,1,0.07745048247841546,0.07745048247841546,1.0,サンプル不足,-0.16368712136918628
v5,volume_ratio_20d,出来高比,当日出来高と20日平均出来高の比率,True,業種,金属製品,3d,3営業日,4,1,1,0.030820033021463855,0.030820033021463855,1.0,サンプル不足,-0.16368712136918628
v5,volume_ratio_20d,出来高比,当日出来高と20日平均出来高の比率,True,業種,金属製品,5d,5営業日,1,2,2,0.05431494724113109,0.05431494724113109,0.5,サンプル不足,-0.11430394008648062
v5,volume_ratio_20d,出来高比,当日出来高と20日平均出来高の比率,True,業種,金属製品,5d,5営業日,3,1,1,0.0002539360081259545,0.0002539360081259545,1.0,サンプル不足,-0.11430394008648062
v5,volume_ratio_20d,出来高比,当日出来高と20日平均出来高の比率,True,業種,金属製品,5d,5営業日,4,1,1,-0.05998899284534953,-0.05998899284534953,0.0,サンプル不足,-0.11430394008648062
v5,volume_ratio_20d,出来高比,当日出来高と20日平均出来高の比率,True,業種,鉄鋼,10d,10営業日,5,1,1,-0.0461538461538461,-0.0461538461538461,0.0,サンプル不足,0.0
v5,volume_ratio_20d,出来高比,当日出来高と20日平均出来高の比率,True,業種,鉄鋼,1d,1営業日,5,1,1,-0.03538461538461535,-0.03538461538461535,0.0,サンプル不足,0.0
v5,volume_ratio_20d,出来高比,当日出来高と20日平均出来高の比率,True,業種,鉄鋼,3d,3営業日,5,1,1,-0.019230769230769273,-0.019230769230769273,0.0,サンプル不足,0.0
v5,volume_ratio_20d,出来高比,当日出来高と20日平均出来高の比率,True,業種,鉄鋼,5d,5営業日,5,1,1,-0.0592307692307692,-0.0592307692307692,0.0,サンプル不足,0.0
v5,volume_ratio_20d,出来高比,当日出来高と20日平均出来高の比率,True,業種,銀行業,10d,10営業日,2,3,3,-0.007478748570598233,-0.007640586797066029,0.0,サンプル不足,-0.015384337748712711
v5,volume_ratio_20d,出来高比,当日出来高と20日平均出来高の比率,True,業種,銀行業,10d,10営業日,3,2,2,-0.022863086319310943,-0.022863086319310943,0.0,サンプル不足,-0.015384337748712711
v5,volume_ratio_20d,出来高比,当日出来高と20日平均出来高の比率,True,業種,銀行業,1d,1営業日,2,3,3,0.04299812310860925,0.0431007751937984,1.0,サンプル不足,-0.005962185627299631
v5,volume_ratio_20d,出来高比,当日出来高と20日平均出来高の比率,True,業種,銀行業,1d,1営業日,3,2,2,0.03703593748130962,0.03703593748130962,1.0,サンプル不足,-0.005962185627299631
v5,volume_ratio_20d,出来高比,当日出来高と20日平均出来高の比率,True,業種,銀行業,3d,3営業日,2,3,3,0.031651863308125305,0.03023255813953485,1.0,サンプル不足,-0.013495618705780199
v5,volume_ratio_20d,出来高比,当日出来高と20日平均出来高の比率,True,業種,銀行業,3d,3営業日,3,2,2,0.018156244602345106,0.018156244602345106,1.0,サンプル不足,-0.013495618705780199
v5,volume_ratio_20d,出来高比,当日出来高と20日平均出来高の比率,True,業種,銀行業,5d,5営業日,2,3,3,-0.01424347200899656,-0.014573643410852766,0.0,サンプル不足,-0.01286171956921428
v5,volume_ratio_20d,出来高比,当日出来高と20日平均出来高の比率,True,業種,銀行業,5d,5営業日,3,2,2,-0.02710519157821084,-0.02710519157821084,0.0,サンプル不足,-0.01286171956921428
v5,volume_ratio_20d,出来高比,当日出来高と20日平均出来高の比率,True,業種,電気・ガス業,10d,10営業日,3,1,1,0.10313108084203071,0.10313108084203071,1.0,サンプル不足,0.0
v5,volume_ratio_20d,出来高比,当日出来高と20日平均出来高の比率,True,業種,電気・ガス業,1d,1営業日,3,1,1,0.002476561117990439,0.002476561117990439,1.0,サンプル不足,0.0
v5,volume_ratio_20d,出来高比,当日出来高と20日平均出来高の比率,True,業種,電気・ガス業,3d,3営業日,3,1,1,0.012736600035379464,0.012736600035379464,1.0,サンプル不足,0.0
v5,volume_ratio_20d,出来高比,当日出来高と20日平均出来高の比率,True,業種,電気・ガス業,5d,5営業日,3,1,1,0.03307978064744388,0.03307978064744388,1.0,サンプル不足,0.0
v5,volume_ratio_20d,出来高比,当日出来高と20日平均出来高の比率,True,業種,電気機器,10d,10営業日,1,7,7,0.013163226221798472,0.03633267101901794,0.5714285714285714,サンプル不足,-0.15420016620105212
v5,volume_ratio_20d,出来高比,当日出来高と20日平均出来高の比率,True,業種,電気機器,10d,10営業日,2,7,7,0.00015557336350397705,-0.01008100810081003,0.42857142857142855,サンプル不足,-0.15420016620105212
v5,volume_ratio_20d,出来高比,当日出来高と20日平均出来高の比率,True,業種,電気機器,10d,10営業日,3,6,6,0.06659078453918525,0.06269770408163267,1.0,サンプル不足,-0.15420016620105212
v5,volume_ratio_20d,出来高比,当日出来高と20日平均出来高の比率,True,業種,電気機器,10d,10営業日,4,1,1,0.08683137443031907,0.08683137443031907,1.0,サンプル不足,-0.15420016620105212
v5,volume_ratio_20d,出来高比,当日出来高と20日平均出来高の比率,True,業種,電気機器,10d,10営業日,5,4,4,-0.14103693997925365,-0.15184338610747286,0.0,サンプル不足,-0.15420016620105212
v5,volume_ratio_20d,出来高比,当日出来高と20日平均出来高の比率,True,業種,電気機器,1d,1営業日,1,7,7,0.017984383399373027,0.012235933905040852,0.8571428571428571,サンプル不足,-0.016564429115961156
v5,volume_ratio_20d,出来高比,当日出来高と20日平均出来高の比率,True,業種,電気機器,1d,1営業日,2,7,7,0.012589241542639549,0.007984031936127733,0.5714285714285714,サンプル不足,-0.016564429115961156
v5,volume_ratio_20d,出来高比,当日出来高と20日平均出来高の比率,True,業種,電気機器,1d,1営業日,3,6,6,0.03090756893511709,0.032589285714285654,0.8333333333333334,サンプル不足,-0.016564429115961156
v5,volume_ratio_20d,出来高比,当日出来高と20日平均出来高の比率,True,業種,電気機器,1d,1営業日,4,1,1,-0.04725353801870957,-0.04725353801870957,0.0,サンプル不足,-0.016564429115961156
v5,volume_ratio_20d,出来高比,当日出来高と20日平均出来高の比率,True,業種,電気機器,1d,1営業日,5,4,4,0.0014199542834118727,-0.0054660885954393,0.5,サンプル不足,-0.016564429115961156
v5,volume_ratio_20d,出来高比,当日出来高と20日平均出来高の比率,True,業種,電気機器,3d,3営業日,1,7,7,0.07405020545409338,0.08643201816633561,0.8571428571428571,サンプル不足,-0.09777233415068706
v5,volume_ratio_20d,出来高比,当日出来高と20日平均出来高の比率,True,業種,電気機器,3d,3営業日,2,7,7,0.039664756423540504,0.036739380022962065,0.7142857142857143,サンプル不足,-0.09777233415068706
v5,volume_ratio_20d,出来高比,当日出来高と20日平均出来高の比率,True,業種,電気機器,3d,3営業日,3,6,6,0.043908108245524026,0.0535884353741497,0.8333333333333334,サンプル不足,-0.09777233415068706
v5,volume_ratio_20d,出来高比,当日出来高と20日平均出来高の比率,True,業種,電気機器,3d,3営業日,4,1,1,-0.15807147997121607,-0.15807147997121607,0.0,サンプル不足,-0.09777233415068706
v5,volume_ratio_20d,出来高比,当日出来高と20日平均出来高の比率,True,業種,電気機器,3d,3営業日,5,4,4,-0.02372212869659368,-0.03190530524221785,0.25,サンプル不足,-0.09777233415068706
v5,volume_ratio_20d,出来高比,当日出来高と20日平均出来高の比率,True,業種,電気機器,5d,5営業日,1,7,7,-0.019549668723735394,-0.0036553524804177062,0.42857142857142855,サンプル不足,-0.09153101174657152
v5,volume_ratio_20d,出来高比,当日出来高と20日平均出来高の比率,True,業種,電気機器,5d,5営業日,2,7,7,-0.026238903566122667,-0.02035928143712573,0.2857142857142857,サンプル不足,-0.09153101174657152
v5,volume_ratio_20d,出来高比,当日出来高と20日平均出来高の比率,True,業種,電気機器,5d,5営業日,3,6,6,-0.01718920348290866,-0.02204890766879436,0.3333333333333333,サンプル不足,-0.09153101174657152
v5,volume_ratio_20d,出来高比,当日出来高と20日平均出来高の比率,True,業種,電気機器,5d,5営業日,4,1,1,-0.18805468937395053,-0.18805468937395053,0.0,サンプル不足,-0.09153101174657152
v5,volume_ratio_20d,出来高比,当日出来高と20日平均出来高の比率,True,業種,電気機器,5d,5営業日,5,4,4,-0.11108068047030692,-0.09968062211854245,0.0,サンプル不足,-0.09153101174657152
v5,volume_ratio_20d,出来高比,当日出来高と20日平均出来高の比率,True,業種,非鉄金属,10d,10営業日,1,1,1,-0.0783739837398374,-0.0783739837398374,0.0,サンプル不足,0.044704721257015634
v5,volume_ratio_20d,出来高比,当日出来高と20日平均出来高の比率,True,業種,非鉄金属,10d,10営業日,5,1,1,-0.03366926248282176,-0.03366926248282176,0.0,サンプル不足,0.044704721257015634
v5,volume_ratio_20d,出来高比,当日出来高と20日平均出来高の比率,True,業種,非鉄金属,1d,1営業日,1,1,1,-0.008130081300813052,-0.008130081300813052,0.0,サンプル不足,0.009046251708508923
v5,volume_ratio_20d,出来高比,当日出来高と20日平均出来高の比率,True,業種,非鉄金属,1d,1営業日,5,1,1,0.000916170407695871,0.000916170407695871,1.0,サンプル不足,0.009046251708508923
v5,volume_ratio_20d,出来高比,当日出来高と20日平均出来高の比率,True,業種,非鉄金属,3d,3営業日,1,1,1,0.09756097560975618,0.09756097560975618,1.0,サンプル不足,0.12438130565455907
v5,volume_ratio_20d,出来高比,当日出来高と20日平均出来高の比率,True,業種,非鉄金属,3d,3営業日,5,1,1,0.22194228126431526,0.22194228126431526,1.0,サンプル不足,0.12438130565455907
v5,volume_ratio_20d,出来高比,当日出来高と20日平均出来高の比率,True,業種,非鉄金属,5d,5営業日,1,1,1,-0.0060975609756097615,-0.0060975609756097615,0.0,サンプル不足,0.06725193568930643
v5,volume_ratio_20d,出来高比,当日出来高と20日平均出来高の比率,True,業種,非鉄金属,5d,5営業日,5,1,1,0.06115437471369667,0.06115437471369667,1.0,サンプル不足,0.06725193568930643
v5,volume_ratio_20d,出来高比,当日出来高と20日平均出来高の比率,True,業種,食料品,10d,10営業日,4,1,1,0.15636704119850187,0.15636704119850187,1.0,サンプル不足,0.0
v5,volume_ratio_20d,出来高比,当日出来高と20日平均出来高の比率,True,業種,食料品,1d,1営業日,4,1,1,0.08370786516853923,0.08370786516853923,1.0,サンプル不足,0.0
v5,volume_ratio_20d,出来高比,当日出来高と20日平均出来高の比率,True,業種,食料品,3d,3営業日,4,1,1,0.15355805243445686,0.15355805243445686,1.0,サンプル不足,0.0
v5,volume_ratio_20d,出来高比,当日出来高と20日平均出来高の比率,True,業種,食料品,5d,5営業日,4,1,1,0.02621722846441954,0.02621722846441954,1.0,サンプル不足,0.0
v7,avg_turnover_20d,20日平均売買代金,流動性の代理指標,True,全体,全体,10d,10営業日,1,740,538,-0.008303936804248065,-0.012210516480643752,0.4052044609665427,評価可能,-0.04335877726528846
v7,avg_turnover_20d,20日平均売買代金,流動性の代理指標,True,全体,全体,10d,10営業日,2,740,540,-0.025618566877197844,-0.0199871375997005,0.3962962962962963,評価可能,-0.04335877726528846
v7,avg_turnover_20d,20日平均売買代金,流動性の代理指標,True,全体,全体,10d,10営業日,3,740,540,-0.031162262114456246,-0.015846533830479514,0.412962962962963,評価可能,-0.04335877726528846
v7,avg_turnover_20d,20日平均売買代金,流動性の代理指標,True,全体,全体,10d,10営業日,4,740,540,-0.00199043923656886,0.009096372219731808,0.55,評価可能,-0.04335877726528846
v7,avg_turnover_20d,20日平均売買代金,流動性の代理指標,True,全体,全体,10d,10営業日,5,740,540,-0.05166271406953653,-0.03072585964382496,0.3907407407407407,評価可能,-0.04335877726528846
v7,avg_turnover_20d,20日平均売買代金,流動性の代理指標,True,全体,全体,1d,1営業日,1,740,720,-0.0008141612474670034,-0.0021014039166592233,0.4152777777777778,評価可能,-0.001767289025951036
v7,avg_turnover_20d,20日平均売買代金,流動性の代理指標,True,全体,全体,1d,1営業日,2,740,720,0.00112131669386551,-0.00105542337236445,0.4722222222222222,評価可能,-0.001767289025951036
v7,avg_turnover_20d,20日平均売買代金,流動性の代理指標,True,全体,全体,1d,1営業日,3,740,720,-0.0014919696323161496,-0.002289816950771184,0.4486111111111111,評価可能,-0.001767289025951036
v7,avg_turnover_20d,20日平均売買代金,流動性の代理指標,True,全体,全体,1d,1営業日,4,740,720,-0.002746923966489837,-0.0017238500037015658,0.4666666666666667,評価可能,-0.001767289025951036
v7,avg_turnover_20d,20日平均売買代金,流動性の代理指標,True,全体,全体,1d,1営業日,5,740,720,-0.0025814502734180394,0.00012192148256517932,0.5,評価可能,-0.001767289025951036
v7,avg_turnover_20d,20日平均売買代金,流動性の代理指標,True,全体,全体,3d,3営業日,1,740,678,-0.004599993695463907,-0.0072800883327199094,0.3952802359882006,評価可能,-0.007599192461019807
v7,avg_turnover_20d,20日平均売買代金,流動性の代理指標,True,全体,全体,3d,3営業日,2,740,680,-0.004310433860089246,-0.00639909732395007,0.4485294117647059,評価可能,-0.007599192461019807
v7,avg_turnover_20d,20日平均売買代金,流動性の代理指標,True,全体,全体,3d,3営業日,3,740,680,-0.012008596199388514,-0.010774761400797847,0.4161764705882353,評価可能,-0.007599192461019807
v7,avg_turnover_20d,20日平均売買代金,流動性の代理指標,True,全体,全体,3d,3営業日,4,740,680,-0.0037098092904199235,-0.00014064697609000865,0.49264705882352944,評価可能,-0.007599192461019807
v7,avg_turnover_20d,20日平均売買代金,流動性の代理指標,True,全体,全体,3d,3営業日,5,740,680,-0.012199186156483714,-0.006976124638797154,0.45,評価可能,-0.007599192461019807
v7,avg_turnover_20d,20日平均売買代金,流動性の代理指標,True,全体,全体,5d,5営業日,1,740,638,-0.0061231311941448,-0.00905530390545567,0.4059561128526646,評価可能,-0.013152760368641934
v7,avg_turnover_20d,20日平均売買代金,流動性の代理指標,True,全体,全体,5d,5営業日,2,740,640,-0.012098436306728253,-0.008105931471566592,0.4296875,評価可能,-0.013152760368641934
v7,avg_turnover_20d,20日平均売買代金,流動性の代理指標,True,全体,全体,5d,5営業日,3,740,640,-0.01687090258380857,-0.010748044536166512,0.4453125,評価可能,-0.013152760368641934
v7,avg_turnover_20d,20日平均売買代金,流動性の代理指標,True,全体,全体,5d,5営業日,4,740,640,-0.00360565267572424,-0.0010761274386831832,0.484375,評価可能,-0.013152760368641934
v7,avg_turnover_20d,20日平均売買代金,流動性の代理指標,True,全体,全体,5d,5営業日,5,740,640,-0.019275891562786734,-0.010511383802426555,0.4328125,評価可能,-0.013152760368641934
v7,avg_turnover_20d,20日平均売買代金,流動性の代理指標,True,業種,その他製品,10d,10営業日,1,19,17,-0.04036738348617929,-0.0279289082335871,0.29411764705882354,サンプル不足,0.02562038391547144
v7,avg_turnover_20d,20日平均売買代金,流動性の代理指標,True,業種,その他製品,10d,10営業日,2,16,14,0.021901187575431764,0.02354253615770263,0.6428571428571429,サンプル不足,0.02562038391547144
v7,avg_turnover_20d,20日平均売買代金,流動性の代理指標,True,業種,その他製品,10d,10営業日,3,15,9,-0.04475430799199372,-0.06396063960639609,0.3333333333333333,サンプル不足,0.02562038391547144
v7,avg_turnover_20d,20日平均売買代金,流動性の代理指標,True,業種,その他製品,10d,10営業日,4,11,3,0.12309520050122529,0.08211983767008824,1.0,サンプル不足,0.02562038391547144
v7,avg_turnover_20d,20日平均売買代金,流動性の代理指標,True,業種,その他製品,10d,10営業日,5,10,2,-0.014746999570707853,-0.014746999570707853,0.0,サンプル不足,0.02562038391547144
v7,avg_turnover_20d,20日平均売買代金,流動性の代理指標,True,業種,その他製品,1d,1営業日,1,19,19,0.02156830346382697,0.009160305343511421,0.5789473684210527,サンプル不足,-0.010945942222573675
v7,avg_turnover_20d,20日平均売買代金,流動性の代理指標,True,業種,その他製品,1d,1営業日,2,16,16,0.006272990036610399,0.003401360544217691,0.5,サンプル不足,-0.010945942222573675
v7,avg_turnover_20d,20日平均売買代金,流動性の代理指標,True,業種,その他製品,1d,1営業日,3,15,13,0.006015714760862567,0.004680187207488196,0.5384615384615384,サンプル不足,-0.010945942222573675
v7,avg_turnover_20d,20日平均売買代金,流動性の代理指標,True,業種,その他製品,1d,1営業日,4,11,10,0.004272161461250812,0.020173097750932567,0.6,サンプル不足,-0.010945942222573675
v7,avg_turnover_20d,20日平均売買代金,流動性の代理指標,True,業種,その他製品,1d,1営業日,5,10,7,0.010622361241253295,0.005742867728788514,0.5714285714285714,サンプル不足,-0.010945942222573675
v7,avg_turnover_20d,20日平均売買代金,流動性の代理指標,True,業種,その他製品,3d,3営業日,1,19,19,0.0012383928581313844,-0.01728395061728394,0.42105263157894735,サンプル不足,-0.024193618131573953
v7,avg_turnover_20d,20日平均売買代金,流動性の代理指標,True,業種,その他製品,3d,3営業日,2,16,16,0.00221245528093102,-0.01039020052814732,0.375,サンプル不足,-0.024193618131573953
v7,avg_turnover_20d,20日平均売買代金,流動性の代理指標,True,業種,その他製品,3d,3営業日,3,15,10,-0.010379531831073674,-0.015170670037926659,0.4,サンプル不足,-0.024193618131573953
v7,avg_turnover_20d,20日平均売買代金,流動性の代理指標,True,業種,その他製品,3d,3営業日,4,11,7,-0.009456967384757384,-0.011793916821849826,0.2857142857142857,サンプル不足,-0.024193618131573953
v7,avg_turnover_20d,20日平均売買代金,流動性の代理指標,True,業種,その他製品,3d,3営業日,5,10,4,-0.02295522527344257,-0.01908606134854668,0.25,サンプル不足,-0.024193618131573953
v7,avg_turnover_20d,20日平均売買代金,流動性の代理指標,True,業種,その他製品,5d,5営業日,1,19,19,-0.008604942073667651,-0.0180947312400212,0.3157894736842105,サンプル不足,-0.005286576547394376
v7,avg_turnover_20d,20日平均売買代金,流動性の代理指標,True,業種,その他製品,5d,5営業日,2,16,15,0.0035457099694829594,0.006683081252198297,0.5333333333333333,サンプル不足,-0.005286576547394376
v7,avg_turnover_20d,20日平均売買代金,流動性の代理指標,True,業種,その他製品,5d,5営業日,3,15,10,-0.04478080776985094,-0.0523105104628796,0.3,サンプル不足,-0.005286576547394376
v7,avg_turnover_20d,20日平均売買代金,流動性の代理指標,True,業種,その他製品,5d,5営業日,4,11,5,0.004628424812912391,0.02379474446513563,0.6,サンプル不足,-0.005286576547394376
v7,avg_turnover_20d,20日平均売買代金,流動性の代理指標,True,業種,その他製品,5d,5営業日,5,10,4,-0.013891518621062027,-0.02054481345751813,0.25,サンプル不足,-0.005286576547394376
v7,avg_turnover_20d,20日平均売買代金,流動性の代理指標,True,業種,その他金融業,10d,10営業日,1,4,0,,,,サンプル不足,0.14650194722735063
v7,avg_turnover_20d,20日平均売買代金,流動性の代理指標,True,業種,その他金融業,10d,10営業日,2,4,4,-0.123126161317307,-0.0494622705814041,0.25,サンプル不足,0.14650194722735063
v7,avg_turnover_20d,20日平均売買代金,流動性の代理指標,True,業種,その他金融業,10d,10営業日,3,11,4,-0.005564367946270521,-0.01130102972524627,0.25,サンプル不足,0.14650194722735063
v7,avg_turnover_20d,20日平均売買代金,流動性の代理指標,True,業種,その他金融業,10d,10営業日,4,16,13,0.006275528937411388,0.013335400837339195,0.6153846153846154,サンプル不足,0.14650194722735063
v7,avg_turnover_20d,20日平均売買代金,流動性の代理指標,True,業種,その他金融業,10d,10営業日,5,2,1,0.023375785910043634,0.023375785910043634,1.0,サンプル不足,0.14650194722735063
v7,avg_turnover_20d,20日平均売買代金,流動性の代理指標,True,業種,その他金融業,1d,1営業日,1,4,4,0.0010754506962595278,-0.004054897067997498,0.25,サンプル不足,0.030525790638578354
v7,avg_turnover_20d,20日平均売買代金,流動性の代理指標,True,業種,その他金融業,1d,1営業日,2,4,4,-0.046261468596638655,0.006616190826717126,0.5,サンプル不足,0.030525790638578354
v7,avg_turnover_20d,20日平均売買代金,流動性の代理指標,True,業種,その他金融業,1d,1営業日,3,11,11,-0.0049873939624423295,-0.0020408163265306367,0.36363636363636365,サンプル不足,0.030525790638578354
v7,avg_turnover_20d,20日平均売買代金,流動性の代理指標,True,業種,その他金融業,1d,1営業日,4,16,16,0.00015690579014687733,0.001986928178861924,0.5625,サンプル不足,0.030525790638578354
v7,avg_turnover_20d,20日平均売買代金,流動性の代理指標,True,業種,その他金融業,1d,1営業日,5,2,2,0.03160124133483788,0.03160124133483788,1.0,サンプル不足,0.030525790638578354
v7,avg_turnover_20d,20日平均売買代金,流動性の代理指標,True,業種,その他金融業,3d,3営業日,1,4,2,0.00877192982456143,0.00877192982456143,0.5,サンプル不足,0.025380269715983395
v7,avg_turnover_20d,20日平均売買代金,流動性の代理指標,True,業種,その他金融業,3d,3営業日,2,4,4,-0.08114204023856314,0.005826629510840067,0.5,サンプル不足,0.025380269715983395
v7,avg_turnover_20d,20日平均売買代金,流動性の代理指標,True,業種,その他金融業,3d,3営業日,3,11,11,-0.005623810431879004,0.013863216266173817,0.5454545454545454,サンプル不足,0.025380269715983395
v7,avg_turnover_20d,20日平均売買代金,流動性の代理指標,True,業種,その他金融業,3d,3営業日,4,16,16,-0.004027919960834285,-0.0029618735166303534,0.3125,サンプル不足,0.025380269715983395
v7,avg_turnover_20d,20日平均売買代金,流動性の代理指標,True,業種,その他金融業,3d,3営業日,5,2,2,0.034152199540544825,0.034152199540544825,1.0,サンプル不足,0.025380269715983395
v7,avg_turnover_20d,20日平均売買代金,流動性の代理指標,True,業種,その他金融業,5d,5営業日,1,4,2,0.02412280701754388,0.02412280701754388,0.5,サンプル不足,0.008137087388388697
v7,avg_turnover_20d,20日平均売買代金,流動性の代理指標,True,業種,その他金融業,5d,5営業日,2,4,4,-0.08155574712196413,0.015357449567975776,0.75,サンプル不足,0.008137087388388697
v7,avg_turnover_20d,20日平均売買代金,流動性の代理指標,True,業種,その他金融業,5d,5営業日,3,11,10,7.90340191476946e-05,-0.013357826562401809,0.4,サンプル不足,0.008137087388388697
v7,avg_turnover_20d,20日平均売買代金,流動性の代理指標,True,業種,その他金融業,5d,5営業日,4,16,15,-0.007871733175311157,-0.001176747469992967,0.4,サンプル不足,0.008137087388388697
v7,avg_turnover_20d,20日平均売買代金,流動性の代理指標,True,業種,その他金融業,5d,5営業日,5,2,2,0.032259894405932577,0.032259894405932577,0.5,サンプル不足,0.008137087388388697
v7,avg_turnover_20d,20日平均売買代金,流動性の代理指標,True,業種,ガラス・土石製品,10d,10営業日,1,8,8,-0.05026835905983605,-0.0451326397729101,0.375,サンプル不足,-0.017995890451377963
v7,avg_turnover_20d,20日平均売買代金,流動性の代理指標,True,業種,ガラス・土石製品,10d,10営業日,2,7,7,-0.09066424926150554,-0.1011904761904761,0.14285714285714285,サンプル不足,-0.017995890451377963
v7,avg_turnover_20d,20日平均売買代金,流動性の代理指標,True,業種,ガラス・土石製品,10d,10営業日,3,4,2,-0.3098212296803846,-0.3098212296803846,0.0,サンプル不足,-0.017995890451377963
v7,avg_turnover_20d,20日平均売買代金,流動性の代理指標,True,業種,ガラス・土石製品,10d,10営業日,4,4,2,-0.06826424951121401,-0.06826424951121401,0.5,サンプル不足,-0.017995890451377963
v7,avg_turnover_20d,20日平均売買代金,流動性の代理指標,True,業種,ガラス・土石製品,1d,1営業日,1,8,8,-0.01820725175410116,-0.01217532467532465,0.375,サンプル不足,0.004477897903778848
v7,avg_turnover_20d,20日平均売買代金,流動性の代理指標,True,業種,ガラス・土石製品,1d,1営業日,2,7,7,-0.021481407504534606,-0.0143014301430143,0.42857142857142855,サンプル不足,0.004477897903778848
v7,avg_turnover_20d,20日平均売買代金,流動性の代理指標,True,業種,ガラス・土石製品,1d,1営業日,3,4,4,-0.06882097504622968,-0.07224599075283811,0.0,サンプル不足,0.004477897903778848
v7,avg_turnover_20d,20日平均売買代金,流動性の代理指標,True,業種,ガラス・土石製品,1d,1営業日,4,4,4,-0.013729353850322312,-0.01175922374578453,0.25,サンプル不足,0.004477897903778848
v7,avg_turnover_20d,20日平均売買代金,流動性の代理指標,True,業種,ガラス・土石製品,3d,3営業日,1,8,8,-0.019465167533546948,-0.02287356119436275,0.375,サンプル不足,-0.010247295277507437
v7,avg_turnover_20d,20日平均売買代金,流動性の代理指標,True,業種,ガラス・土石製品,3d,3営業日,2,7,7,-0.0745599057581429,-0.0641350210970463,0.0,サンプル不足,-0.010247295277507437
v7,avg_turnover_20d,20日平均売買代金,流動性の代理指標,True,業種,ガラス・土石製品,3d,3営業日,3,4,4,-0.1212812439061994,-0.11205802684644552,0.0,サンプル不足,-0.010247295277507437
v7,avg_turnover_20d,20日平均売買代金,流動性の代理指標,True,業種,ガラス・土石製品,3d,3営業日,4,4,2,-0.029712462811054385,-0.029712462811054385,0.5,サンプル不足,-0.010247295277507437
v7,avg_turnover_20d,20日平均売買代金,流動性の代理指標,True,業種,ガラス・土石製品,5d,5営業日,1,8,8,-0.045511430602724195,-0.018677271532970198,0.25,サンプル不足,-0.016875638644471308
v7,avg_turnover_20d,20日平均売買代金,流動性の代理指標,True,業種,ガラス・土石製品,5d,5営業日,2,7,7,-0.06783762027821595,-0.0714285714285714,0.14285714285714285,サンプル不足,-0.016875638644471308
v7,avg_turnover_20d,20日平均売買代金,流動性の代理指標,True,業種,ガラス・土石製品,5d,5営業日,3,4,3,-0.08922571471967138,-0.02583586626139822,0.3333333333333333,サンプル不足,-0.016875638644471308
v7,avg_turnover_20d,20日平均売買代金,流動性の代理指標,True,業種,ガラス・土石製品,5d,5営業日,4,4,2,-0.062387069247195504,-0.062387069247195504,0.5,サンプル不足,-0.016875638644471308
v7,avg_turnover_20d,20日平均売買代金,流動性の代理指標,True,業種,ゴム製品,10d,10営業日,1,5,5,-0.05634623855992538,-0.1267029972752044,0.2,サンプル不足,0.1562817779843021
v7,avg_turnover_20d,20日平均売買代金,流動性の代理指標,True,業種,ゴム製品,10d,10営業日,2,2,1,0.0351999999999999,0.0351999999999999,1.0,サンプル不足,0.1562817779843021
v7,avg_turnover_20d,20日平均売買代金,流動性の代理指標,True,業種,ゴム製品,10d,10営業日,3,3,0,,,,サンプル不足,0.1562817779843021
v7,avg_turnover_20d,20日平均売買代金,流動性の代理指標,True,業種,ゴム製品,10d,10営業日,4,18,13,0.062138408885302567,0.04908877131099354,1.0,サンプル不足,0.1562817779843021
v7,avg_turnover_20d,20日平均売買代金,流動性の代理指標,True,業種,ゴム製品,10d,10営業日,5,7,2,0.09993553942437672,0.09993553942437672,1.0,サンプル不足,0.1562817779843021
v7,avg_turnover_20d,20日平均売買代金,流動性の代理指標,True,業種,ゴム製品,1d,1営業日,1,5,5,-0.018953555341739998,-0.0038659793814432,0.2,サンプル不足,0.03087808122957003
v7,avg_turnover_20d,20日平均売買代金,流動性の代理指標,True,業種,ゴム製品,1d,1営業日,2,2,2,0.018291164658634562,0.018291164658634562,1.0,サンプル不足,0.03087808122957003
v7,avg_turnover_20d,20日平均売買代金,流動性の代理指標,True,業種,ゴム製品,1d,1営業日,3,3,2,0.02265137548304691,0.02265137548304691,0.5,サンプル不足,0.03087808122957003
v7,avg_turnover_20d,20日平均売買代金,流動性の代理指標,True,業種,ゴム製品,1d,1営業日,4,18,18,0.003885131220781034,0.0010066007127875753,0.5,サンプル不足,0.03087808122957003
v7,avg_turnover_20d,20日平均売買代金,流動性の代理指標,True,業種,ゴム製品,1d,1営業日,5,7,6,0.011924525887830032,0.007626033931721454,0.6666666666666666,サンプル不足,0.03087808122957003
v7,avg_turnover_20d,20日平均売買代金,流動性の代理指標,True,業種,ゴム製品,3d,3営業日,1,5,5,-0.005654678232573582,0.0225669957686882,0.6,サンプル不足,0.0078847208223735
v7,avg_turnover_20d,20日平均売買代金,流動性の代理指標,True,業種,ゴム製品,3d,3営業日,2,2,1,0.022399999999999975,0.022399999999999975,1.0,サンプル不足,0.0078847208223735
v7,avg_turnover_20d,20日平均売買代金,流動性の代理指標,True,業種,ゴム製品,3d,3営業日,3,3,1,-0.05740181268882172,-0.05740181268882172,0.0,サンプル不足,0.0078847208223735
v7,avg_turnover_20d,20日平均売買代金,流動性の代理指標,True,業種,ゴム製品,3d,3営業日,4,18,17,0.021072619691158204,0.02243424445590514,0.6470588235294118,サンプル不足,0.0078847208223735
v7,avg_turnover_20d,20日平均売買代金,流動性の代理指標,True,業種,ゴム製品,3d,3営業日,5,7,4,0.0022300425897999188,0.018217968371264215,0.75,サンプル不足,0.0078847208223735
v7,avg_turnover_20d,20日平均売買代金,流動性の代理指標,True,業種,ゴム製品,5d,5営業日,1,5,5,-0.024158464042309237,-0.0489949748743718,0.4,サンプル不足,0.047060369862809405
v7,avg_turnover_20d,20日平均売買代金,流動性の代理指標,True,業種,ゴム製品,5d,5営業日,2,2,1,0.0815999999999999,0.0815999999999999,1.0,サンプル不足,0.047060369862809405
v7,avg_turnover_20d,20日平均売買代金,流動性の代理指標,True,業種,ゴム製品,5d,5営業日,3,3,1,0.010574018126888296,0.010574018126888296,1.0,サンプル不足,0.047060369862809405
v7,avg_turnover_20d,20日平均売買代金,流動性の代理指標,True,業種,ゴム製品,5d,5営業日,4,18,16,0.032359609578811004,0.029842393335717254,0.875,サンプル不足,0.047060369862809405
v7,avg_turnover_20d,20日平均売買代金,流動性の代理指標,True,業種,ゴム製品,5d,5営業日,5,7,4,0.022901905820500168,0.018210556658884824,0.75,サンプル不足,0.047060369862809405
v7,avg_turnover_20d,20日平均売買代金,流動性の代理指標,True,業種,サービス業,10d,10営業日,1,97,72,-0.022232317955099206,-0.0121808987847646,0.4305555555555556,評価可能,0.09293357336345948
v7,avg_turnover_20d,20日平均売買代金,流動性の代理指標,True,業種,サービス業,10d,10営業日,2,79,57,0.01977271948492999,0.0074156470152020315,0.5789473684210527,評価可能,0.09293357336345948
v7,avg_turnover_20d,20日平均売買代金,流動性の代理指標,True,業種,サービス業,10d,10営業日,3,62,51,-0.02276127768147159,-0.008565989847715727,0.45098039215686275,評価可能,0.09293357336345948
v7,avg_turnover_20d,20日平均売買代金,流動性の代理指標,True,業種,サービス業,10d,10営業日,4,69,49,0.03076296763106695,0.03976784178847814,0.7959183673469388,評価可能,0.09293357336345948
v7,avg_turnover_20d,20日平均売買代金,流動性の代理指標,True,業種,サービス業,10d,10営業日,5,40,26,0.07070125540836027,0.07598697196999604,0.8846153846153846,サンプル不足,0.09293357336345948
v7,avg_turnover_20d,20日平均売買代金,流動性の代理指標,True,業種,サービス業,1d,1営業日,1,97,95,0.0029872885440766508,0.0,0.4421052631578947,評価可能,0.0037654385100510915
v7,avg_turnover_20d,20日平均売買代金,流動性の代理指標,True,業種,サービス業,1d,1営業日,2,79,77,0.0035342831508144946,0.0,0.4805194805194805,評価可能,0.0037654385100510915
v7,avg_turnover_20d,20日平均売買代金,流動性の代理指標,True,業種,サービス業,1d,1営業日,3,62,60,0.003920843438132077,0.003413444436288514,0.55,評価可能,0.0037654385100510915
v7,avg_turnover_20d,20日平均売買代金,流動性の代理指標,True,業種,サービス業,1d,1営業日,4,69,66,0.002419090299538755,0.001586026392437656,0.5303030303030303,評価可能,0.0037654385100510915
v7,avg_turnover_20d,20日平均売買代金,流動性の代理指標,True,業種,サービス業,1d,1営業日,5,40,38,0.006752727054127742,0.007628832614341885,0.6052631578947368,評価可能,0.0037654385100510915
v7,avg_turnover_20d,20日平均売買代金,流動性の代理指標,True,業種,サービス業,3d,3営業日,1,97,91,-0.003707077249596612,-0.001468428781204123,0.42857142857142855,評価可能,0.01593489242248161
v7,avg_turnover_20d,20日平均売買代金,流動性の代理指標,True,業種,サービス業,3d,3営業日,2,79,71,0.0015950088204360643,-0.0078125,0.4225352112676056,評価可能,0.01593489242248161
v7,avg_turnover_20d,20日平均売買代金,流動性の代理指標,True,業種,サービス業,3d,3営業日,3,62,59,0.0060148228341377254,0.006439393939393856,0.5423728813559322,評価可能,0.01593489242248161
v7,avg_turnover_20d,20日平均売買代金,流動性の代理指標,True,業種,サービス業,3d,3営業日,4,69,64,0.006963791775711582,0.0030737398502747038,0.5625,評価可能,0.01593489242248161
v7,avg_turnover_20d,20日平均売買代金,流動性の代理指標,True,業種,サービス業,3d,3営業日,5,40,34,0.012227815172885001,0.01530860070632234,0.6764705882352942,評価可能,0.01593489242248161
v7,avg_turnover_20d,20日平均売買代金,流動性の代理指標,True,業種,サービス業,5d,5営業日,1,97,85,-0.023810135287875286,-0.0138045278851463,0.32941176470588235,評価可能,0.04417205307457163
v7,avg_turnover_20d,20日平均売買代金,流動性の代理指標,True,業種,サービス業,5d,5営業日,2,79,70,0.005296685601579176,-0.0034720559360183886,0.4714285714285714,評価可能,0.04417205307457163
v7,avg_turnover_20d,20日平均売買代金,流動性の代理指標,True,業種,サービス業,5d,5営業日,3,62,57,0.00044269128391786187,0.0036719706242349,0.5263157894736842,評価可能,0.04417205307457163
v7,avg_turnover_20d,20日平均売買代金,流動性の代理指標,True,業種,サービス業,5d,5営業日,4,69,62,0.01416174432995238,0.011761356550338942,0.6129032258064516,評価可能,0.04417205307457163
v7,avg_turnover_20d,20日平均売買代金,流動性の代理指標,True,業種,サービス業,5d,5営業日,5,40,32,0.020361917786696344,0.02700856489439618,0.6875,評価可能,0.04417205307457163
v7,avg_turnover_20d,20日平均売買代金,流動性の代理指標,True,業種,パルプ・紙,10d,10営業日,1,3,1,-0.0196560196560197,-0.0196560196560197,0.0,サンプル不足,-0.09283674038944353
v7,avg_turnover_20d,20日平均売買代金,流動性の代理指標,True,業種,パルプ・紙,10d,10営業日,2,4,2,-0.004167884657092447,-0.004167884657092447,0.5,サンプル不足,-0.09283674038944353
v7,avg_turnover_20d,20日平均売買代金,流動性の代理指標,True,業種,パルプ・紙,10d,10営業日,3,9,7,-0.11249276004546323,-0.1165413533834586,0.2857142857142857,サンプル不足,-0.09283674038944353
v7,avg_turnover_20d,20日平均売買代金,流動性の代理指標,True,業種,パルプ・紙,10d,10営業日,4,1,0,,,,サンプル不足,-0.09283674038944353
v7,avg_turnover_20d,20日平均売買代金,流動性の代理指標,True,業種,パルプ・紙,1d,1営業日,1,3,3,-0.0444598017581689,-0.0577395577395577,0.0,サンプル不足,0.0402374894694856
v7,avg_turnover_20d,20日平均売買代金,流動性の代理指標,True,業種,パルプ・紙,1d,1営業日,2,4,4,-0.002322017029990242,-0.0017637617330372168,0.5,サンプル不足,0.0402374894694856
v7,avg_turnover_20d,20日平均売買代金,流動性の代理指標,True,業種,パルプ・紙,1d,1営業日,3,9,9,-0.023140839357915936,-0.012293509908075873,0.2222222222222222,サンプル不足,0.0402374894694856
v7,avg_turnover_20d,20日平均売買代金,流動性の代理指標,True,業種,パルプ・紙,1d,1営業日,4,1,1,-0.004222312288683305,-0.004222312288683305,0.0,サンプル不足,0.0402374894694856
v7,avg_turnover_20d,20日平均売買代金,流動性の代理指標,True,業種,パルプ・紙,3d,3営業日,1,3,3,-0.04750025952401014,-0.0479115479115479,0.0,サンプル不足,0.04464735522773542
v7,avg_turnover_20d,20日平均売買代金,流動性の代理指標,True,業種,パルプ・紙,3d,3営業日,2,4,3,-0.023758465917109322,-0.03125710432093254,0.3333333333333333,サンプル不足,0.04464735522773542
v7,avg_turnover_20d,20日平均売買代金,流動性の代理指標,True,業種,パルプ・紙,3d,3営業日,3,9,9,-0.03483995593322983,-0.01238773614122024,0.4444444444444444,サンプル不足,0.04464735522773542
v7,avg_turnover_20d,20日平均売買代金,流動性の代理指標,True,業種,パルプ・紙,3d,3営業日,4,1,1,-0.0028529042962747164,-0.0028529042962747164,0.0,サンプル不足,0.04464735522773542
v7,avg_turnover_20d,20日平均売買代金,流動性の代理指標,True,業種,パルプ・紙,5d,5営業日,1,3,2,-0.026132572644200575,-0.026132572644200575,0.5,サンプル不足,0.025333745511046862
v7,avg_turnover_20d,20日平均売買代金,流動性の代理指標,True,業種,パルプ・紙,5d,5営業日,2,4,3,-0.017052545144976044,0.0069334356737102976,0.6666666666666666,サンプル不足,0.025333745511046862
v7,avg_turnover_20d,20日平均売買代金,流動性の代理指標,True,業種,パルプ・紙,5d,5営業日,3,9,7,-0.04868871605583474,-0.0197368421052631,0.42857142857142855,サンプル不足,0.025333745511046862
v7,avg_turnover_20d,20日平均売買代金,流動性の代理指標,True,業種,パルプ・紙,5d,5営業日,4,1,1,-0.0007988271331537122,-0.0007988271331537122,0.0,サンプル不足,0.025333745511046862
v7,avg_turnover_20d,20日平均売買代金,流動性の代理指標,True,業種,不動産業,10d,10営業日,1,22,16,-0.004302814918422585,-0.007956638903015699,0.375,サンプル不足,-0.023512988931315558
v7,avg_turnover_20d,20日平均売買代金,流動性の代理指標,True,業種,不動産業,10d,10営業日,2,23,15,-0.03096581897106567,-0.0170575692963752,0.4,サンプル不足,-0.023512988931315558
v7,avg_turnover_20d,20日平均売買代金,流動性の代理指標,True,業種,不動産業,10d,10営業日,3,9,4,-0.02781580384973814,-0.04472990777338609,0.5,サンプル不足,-0.023512988931315558
v7,avg_turnover_20d,20日平均売買代金,流動性の代理指標,True,業種,不動産業,10d,10営業日,4,1,0,,,,サンプル不足,-0.023512988931315558
v7,avg_turnover_20d,20日平均売買代金,流動性の代理指標,True,業種,不動産業,1d,1営業日,1,22,22,-0.0019527413555895227,-0.0037027290179091977,0.4090909090909091,サンプル不足,-0.08895634955350142
v7,avg_turnover_20d,20日平均売買代金,流動性の代理指標,True,業種,不動産業,1d,1営業日,2,23,22,0.0013157090035657256,-0.002187905245795485,0.36363636363636365,サンプル不足,-0.08895634955350142
v7,avg_turnover_20d,20日平均売買代金,流動性の代理指標,True,業種,不動産業,1d,1営業日,3,9,8,-0.04401999564871985,-0.02637310891902006,0.0,サンプル不足,-0.08895634955350142
v7,avg_turnover_20d,20日平均売買代金,流動性の代理指標,True,業種,不動産業,1d,1営業日,4,1,1,-0.09090909090909094,-0.09090909090909094,0.0,サンプル不足,-0.08895634955350142
v7,avg_turnover_20d,20日平均売買代金,流動性の代理指標,True,業種,不動産業,3d,3営業日,1,22,21,-0.011032377350777153,-0.0024402147388969953,0.2857142857142857,サンプル不足,-0.07987671355831379
v7,avg_turnover_20d,20日平均売買代金,流動性の代理指標,True,業種,不動産業,3d,3営業日,2,23,22,-0.01809878514080223,-0.012971686418406302,0.3181818181818182,サンプル不足,-0.07987671355831379
v7,avg_turnover_20d,20日平均売買代金,流動性の代理指標,True,業種,不動産業,3d,3営業日,3,9,8,-0.05019746836921034,-0.05984753669359427,0.125,サンプル不足,-0.07987671355831379
v7,avg_turnover_20d,20日平均売買代金,流動性の代理指標,True,業種,不動産業,3d,3営業日,4,1,1,-0.09090909090909094,-0.09090909090909094,0.0,サンプル不足,-0.07987671355831379
v7,avg_turnover_20d,20日平均売買代金,流動性の代理指標,True,業種,不動産業,5d,5営業日,1,22,21,-0.00823835306537145,-0.004040404040404066,0.3333333333333333,サンプル不足,-0.04012359416415793
v7,avg_turnover_20d,20日平均売買代金,流動性の代理指標,True,業種,不動産業,5d,5営業日,2,23,18,-0.011533676374415706,-0.011100180357435652,0.3888888888888889,サンプル不足,-0.04012359416415793
v7,avg_turnover_20d,20日平均売買代金,流動性の代理指標,True,業種,不動産業,5d,5営業日,3,9,6,-0.04836194722952938,-0.053425559947299084,0.16666666666666666,サンプル不足,-0.04012359416415793
v7,avg_turnover_20d,20日平均売買代金,流動性の代理指標,True,業種,不動産業,5d,5営業日,4,1,0,,,,サンプル不足,-0.04012359416415793
v7,avg_turnover_20d,20日平均売買代金,流動性の代理指標,True,業種,保険業,10d,10営業日,3,2,0,,,,サンプル不足,-5.4307130600721176e-05
v7,avg_turnover_20d,20日平均売買代金,流動性の代理指標,True,業種,保険業,10d,10営業日,4,39,35,0.01621363955118707,0.01573033707865168,0.6857142857142857,評価可能,-5.4307130600721176e-05
v7,avg_turnover_20d,20日平均売買代金,流動性の代理指標,True,業種,保険業,10d,10営業日,5,49,32,0.01615933242058635,0.008164485109651287,0.65625,評価可能,-5.4307130600721176e-05
v7,avg_turnover_20d,20日平均売買代金,流動性の代理指標,True,業種,保険業,1d,1営業日,3,2,2,-0.012922912787784457,-0.012922912787784457,0.0,サンプル不足,0.01449304282675618
v7,avg_turnover_20d,20日平均売買代金,流動性の代理指標,True,業種,保険業,1d,1営業日,4,39,39,-0.0022997693683512186,-0.003954305799648505,0.48717948717948717,評価可能,0.01449304282675618
v7,avg_turnover_20d,20日平均売買代金,流動性の代理指標,True,業種,保険業,1d,1営業日,5,49,49,0.0015701300389717233,0.00391951920564404,0.5918367346938775,評価可能,0.01449304282675618
v7,avg_turnover_20d,20日平均売買代金,流動性の代理指標,True,業種,保険業,3d,3営業日,3,2,2,-0.028718711793527252,-0.028718711793527252,0.0,サンプル不足,0.032655124293667216
v7,avg_turnover_20d,20日平均売買代金,流動性の代理指標,True,業種,保険業,3d,3営業日,4,39,39,-0.0031263382853423385,0.0008066684592631379,0.5384615384615384,評価可能,0.032655124293667216
v7,avg_turnover_20d,20日平均売買代金,流動性の代理指標,True,業種,保険業,3d,3営業日,5,49,47,0.003936412500139962,0.005714285714285783,0.5531914893617021,評価可能,0.032655124293667216
v7,avg_turnover_20d,20日平均売買代金,流動性の代理指標,True,業種,保険業,5d,5営業日,3,2,2,-0.029088398813024052,-0.029088398813024052,0.0,サンプル不足,0.03491946925753219
v7,avg_turnover_20d,20日平均売買代金,流動性の代理指標,True,業種,保険業,5d,5営業日,4,39,39,-0.0017788374463762852,-0.00126580346988725,0.48717948717948717,評価可能,0.03491946925753219
v7,avg_turnover_20d,20日平均売買代金,流動性の代理指標,True,業種,保険業,5d,5営業日,5,49,44,0.0058310704445081385,0.0025818167095610356,0.5454545454545454,評価可能,0.03491946925753219
v7,avg_turnover_20d,20日平均売買代金,流動性の代理指標,True,業種,倉庫・運輸関連業,10d,10営業日,1,10,9,0.01451952341686021,-0.0114848236259228,0.4444444444444444,サンプル不足,-0.07919479121706847
v7,avg_turnover_20d,20日平均売買代金,流動性の代理指標,True,業種,倉庫・運輸関連業,10d,10営業日,2,6,5,0.0626578720363459,0.12818917237087746,0.6,サンプル不足,-0.07919479121706847
v7,avg_turnover_20d,20日平均売買代金,流動性の代理指標,True,業種,倉庫・運輸関連業,10d,10営業日,3,3,2,-0.06467526780020827,-0.06467526780020827,0.0,サンプル不足,-0.07919479121706847
v7,avg_turnover_20d,20日平均売買代金,流動性の代理指標,True,業種,倉庫・運輸関連業,1d,1営業日,1,10,10,-0.00049190097681081,0.0,0.3,サンプル不足,-0.006343894614464456
v7,avg_turnover_20d,20日平均売買代金,流動性の代理指標,True,業種,倉庫・運輸関連業,1d,1営業日,2,6,6,-0.02683113331007862,-0.009134266041039396,0.3333333333333333,サンプル不足,-0.006343894614464456
v7,avg_turnover_20d,20日平均売買代金,流動性の代理指標,True,業種,倉庫・運輸関連業,1d,1営業日,3,3,3,-0.006835795591275266,-0.016786570743405282,0.3333333333333333,サンプル不足,-0.006343894614464456
v7,avg_turnover_20d,20日平均売買代金,流動性の代理指標,True,業種,倉庫・運輸関連業,3d,3営業日,1,10,9,-0.0006045056493519455,-0.0039138943248532,0.3333333333333333,サンプル不足,0.013544882055645475
v7,avg_turnover_20d,20日平均売買代金,流動性の代理指標,True,業種,倉庫・運輸関連業,3d,3営業日,2,6,6,-0.010828327880090046,0.004516997721361715,0.5,サンプル不足,0.013544882055645475
v7,avg_turnover_20d,20日平均売買代金,流動性の代理指標,True,業種,倉庫・運輸関連業,3d,3営業日,3,3,2,0.01294037640629353,0.01294037640629353,0.5,サンプル不足,0.013544882055645475
v7,avg_turnover_20d,20日平均売買代金,流動性の代理指標,True,業種,倉庫・運輸関連業,5d,5営業日,1,10,9,-0.006553419957530933,-0.008823529411764675,0.3333333333333333,サンプル不足,0.06134396693418835
v7,avg_turnover_20d,20日平均売買代金,流動性の代理指標,True,業種,倉庫・運輸関連業,5d,5営業日,2,6,6,-0.008365042186239477,0.016447694591851525,0.5,サンプル不足,0.06134396693418835
v7,avg_turnover_20d,20日平均売買代金,流動性の代理指標,True,業種,倉庫・運輸関連業,5d,5営業日,3,3,2,0.05479054697665742,0.05479054697665742,1.0,サンプル不足,0.06134396693418835
v7,avg_turnover_20d,20日平均売買代金,流動性の代理指標,True,業種,化学,10d,10営業日,1,34,20,-0.039666482311312624,-0.0338140685071772,0.2,サンプル不足,-0.03483875680007343
v7,avg_turnover_20d,20日平均売買代金,流動性の代理指標,True,業種,化学,10d,10営業日,2,58,37,-0.06934417329316692,-0.0584415584415584,0.1891891891891892,評価可能,-0.03483875680007343
v7,avg_turnover_20d,20日平均売買代金,流動性の代理指標,True,業種,化学,10d,10営業日,3,77,58,-0.04404400078637849,-0.006411445697160012,0.4482758620689655,評価可能,-0.03483875680007343
v7,avg_turnover_20d,20日平均売買代金,流動性の代理指標,True,業種,化学,10d,10営業日,4,84,61,-0.012517414238720612,0.00612244897959191,0.5737704918032787,評価可能,-0.03483875680007343
v7,avg_turnover_20d,20日平均売買代金,流動性の代理指標,True,業種,化学,10d,10営業日,5,15,10,-0.07450523911138605,-0.053236012133085375,0.2,サンプル不足,-0.03483875680007343
v7,avg_turnover_20d,20日平均売買代金,流動性の代理指標,True,業種,化学,1d,1営業日,1,34,32,-0.006201962705115655,-0.015569165012561049,0.34375,評価可能,-0.014257620130405456
v7,avg_turnover_20d,20日平均売買代金,流動性の代理指標,True,業種,化学,1d,1営業日,2,58,53,0.003642112166612171,-0.004343105320304019,0.39622641509433965,評価可能,-0.014257620130405456
v7,avg_turnover_20d,20日平均売買代金,流動性の代理指標,True,業種,化学,1d,1営業日,3,77,75,-0.0029116475190127432,-0.00045351473922905505,0.49333333333333335,評価可能,-0.014257620130405456
v7,avg_turnover_20d,20日平均売買代金,流動性の代理指標,True,業種,化学,1d,1営業日,4,84,78,-0.007406635174000524,-0.005596780859779327,0.38461538461538464,評価可能,-0.014257620130405456
v7,avg_turnover_20d,20日平均売買代金,流動性の代理指標,True,業種,化学,1d,1営業日,5,15,15,-0.02045958283552111,-0.009053285049146376,0.26666666666666666,サンプル不足,-0.014257620130405456
v7,avg_turnover_20d,20日平均売買代金,流動性の代理指標,True,業種,化学,3d,3営業日,1,34,28,-0.008324303964547697,-0.01449457676394942,0.25,サンプル不足,-0.034668033828252946
v7,avg_turnover_20d,20日平均売買代金,流動性の代理指標,True,業種,化学,3d,3営業日,2,58,46,-0.004477880880423149,-0.02417090815236308,0.391304347826087,評価可能,-0.034668033828252946
v7,avg_turnover_20d,20日平均売買代金,流動性の代理指標,True,業種,化学,3d,3営業日,3,77,69,-0.018980264271224484,-0.006535947712418277,0.4057971014492754,評価可能,-0.034668033828252946
v7,avg_turnover_20d,20日平均売買代金,流動性の代理指標,True,業種,化学,3d,3営業日,4,84,75,-0.008863669809857424,-0.0033528918692372622,0.4666666666666667,評価可能,-0.034668033828252946
v7,avg_turnover_20d,20日平均売買代金,流動性の代理指標,True,業種,化学,3d,3営業日,5,15,12,-0.04299233779280064,-0.04167339284347088,0.16666666666666666,サンプル不足,-0.034668033828252946
v7,avg_turnover_20d,20日平均売買代金,流動性の代理指標,True,業種,化学,5d,5営業日,1,34,24,-0.03005920228030407,-0.021087680355160954,0.2916666666666667,サンプル不足,-0.018309090934704352
v7,avg_turnover_20d,20日平均売買代金,流動性の代理指標,True,業種,化学,5d,5営業日,2,58,43,-0.019601566798851375,-0.026027913994718932,0.32558139534883723,評価可能,-0.018309090934704352
v7,avg_turnover_20d,20日平均売買代金,流動性の代理指標,True,業種,化学,5d,5営業日,3,77,65,-0.01806391301129442,-0.008892481810832686,0.46153846153846156,評価可能,-0.018309090934704352
v7,avg_turnover_20d,20日平均売買代金,流動性の代理指標,True,業種,化学,5d,5営業日,4,84,71,-0.007025813134169207,-0.0029294274300931678,0.4788732394366197,評価可能,-0.018309090934704352
v7,avg_turnover_20d,20日平均売買代金,流動性の代理指標,True,業種,化学,5d,5営業日,5,15,11,-0.04836829321500842,-0.04013148883714557,0.18181818181818182,サンプル不足,-0.018309090934704352
v7,avg_turnover_20d,20日平均売買代金,流動性の代理指標,True,業種,医薬品,10d,10営業日,1,3,3,-0.1685328065120544,-0.0354330708661417,0.0,サンプル不足,0.1357182877033118
v7,avg_turnover_20d,20日平均売買代金,流動性の代理指標,True,業種,医薬品,10d,10営業日,2,5,5,-0.10129527526366502,-0.1143216080402009,0.4,サンプル不足,0.1357182877033118
v7,avg_turnover_20d,20日平均売買代金,流動性の代理指標,True,業種,医薬品,10d,10営業日,3,3,3,-0.022341009590795703,-0.03628117913832196,0.3333333333333333,サンプル不足,0.1357182877033118
v7,avg_turnover_20d,20日平均売買代金,流動性の代理指標,True,業種,医薬品,10d,10営業日,4,14,7,0.011911443034547402,0.022578839335696932,0.7142857142857143,サンプル不足,0.1357182877033118
v7,avg_turnover_20d,20日平均売買代金,流動性の代理指標,True,業種,医薬品,10d,10営業日,5,10,5,-0.0328145188087426,-0.03241462991853006,0.0,サンプル不足,0.1357182877033118
v7,avg_turnover_20d,20日平均売買代金,流動性の代理指標,True,業種,医薬品,1d,1営業日,1,3,3,-0.12504394894563417,-0.06542056074766356,0.3333333333333333,サンプル不足,0.1265597396419776
v7,avg_turnover_20d,20日平均売買代金,流動性の代理指標,True,業種,医薬品,1d,1営業日,2,5,5,-0.07673258256533008,-0.0703517587939698,0.0,サンプル不足,0.1265597396419776
v7,avg_turnover_20d,20日平均売買代金,流動性の代理指標,True,業種,医薬品,1d,1営業日,3,3,3,0.006549699389733543,0.0109401709401708,0.6666666666666666,サンプル不足,0.1265597396419776
v7,avg_turnover_20d,20日平均売買代金,流動性の代理指標,True,業種,医薬品,1d,1営業日,4,14,14,-0.014313442823591776,-0.009638649928568055,0.21428571428571427,サンプル不足,0.1265597396419776
v7,avg_turnover_20d,20日平均売買代金,流動性の代理指標,True,業種,医薬品,1d,1営業日,5,10,10,0.0015157906963434108,-0.002436780339500455,0.4,サンプル不足,0.1265597396419776
v7,avg_turnover_20d,20日平均売買代金,流動性の代理指標,True,業種,医薬品,3d,3営業日,1,3,3,-0.16588517736505073,-0.07165109034267914,0.0,サンプル不足,0.1607957275619484
v7,avg_turnover_20d,20日平均売買代金,流動性の代理指標,True,業種,医薬品,3d,3営業日,2,5,5,-0.0728733902813877,-0.0512820512820513,0.2,サンプル不足,0.1607957275619484
v7,avg_turnover_20d,20日平均売買代金,流動性の代理指標,True,業種,医薬品,3d,3営業日,3,3,3,-0.006249855552678453,-0.011131725417439675,0.3333333333333333,サンプル不足,0.1607957275619484
v7,avg_turnover_20d,20日平均売買代金,流動性の代理指標,True,業種,医薬品,3d,3営業日,4,14,12,-0.03131559001587003,-0.01736135665550037,0.3333333333333333,サンプル不足,0.1607957275619484
v7,avg_turnover_20d,20日平均売買代金,流動性の代理指標,True,業種,医薬品,3d,3営業日,5,10,9,-0.005089449803102318,0.0045620437956204185,0.5555555555555556,サンプル不足,0.1607957275619484
v7,avg_turnover_20d,20日平均売買代金,流動性の代理指標,True,業種,医薬品,5d,5営業日,1,3,3,-0.1648472799035754,-0.0616797900262466,0.0,サンプル不足,0.15548719797073038
v7,avg_turnover_20d,20日平均売買代金,流動性の代理指標,True,業種,医薬品,5d,5営業日,2,5,5,-0.11646223301181587,-0.0866834170854271,0.0,サンプル不足,0.15548719797073038
v7,avg_turnover_20d,20日平均売買代金,流動性の代理指標,True,業種,医薬品,5d,5営業日,3,3,3,0.007426671797929297,0.005772005772005873,0.6666666666666666,サンプル不足,0.15548719797073038
v7,avg_turnover_20d,20日平均売買代金,流動性の代理指標,True,業種,医薬品,5d,5営業日,4,14,12,-0.03033658814421966,-0.0229443896775523,0.3333333333333333,サンプル不足,0.15548719797073038
v7,avg_turnover_20d,20日平均売買代金,流動性の代理指標,True,業種,医薬品,5d,5営業日,5,10,9,-0.009360081932845024,-0.023902266288951868,0.4444444444444444,サンプル不足,0.15548719797073038
v7,avg_turnover_20d,20日平均売買代金,流動性の代理指標,True,業種,卸売業,10d,10営業日,1,73,49,-0.008378606414431146,-0.007172131147541,0.40816326530612246,評価可能,0.06362304413522896
v7,avg_turnover_20d,20日平均売買代金,流動性の代理指標,True,業種,卸売業,10d,10営業日,2,60,26,-0.056457837513801436,-0.03251105583195135,0.23076923076923078,サンプル不足,0.06362304413522896
v7,avg_turnover_20d,20日平均売買代金,流動性の代理指標,True,業種,卸売業,10d,10営業日,3,16,3,-0.043678122380553276,0.0,0.3333333333333333,サンプル不足,0.06362304413522896
v7,avg_turnover_20d,20日平均売買代金,流動性の代理指標,True,業種,卸売業,10d,10営業日,4,7,3,0.026200667535116517,0.046125461254612476,0.6666666666666666,サンプル不足,0.06362304413522896
v7,avg_turnover_20d,20日平均売買代金,流動性の代理指標,True,業種,卸売業,10d,10営業日,5,40,28,0.05524443772079781,0.05659728689389709,0.75,サンプル不足,0.06362304413522896
v7,avg_turnover_20d,20日平均売買代金,流動性の代理指標,True,業種,卸売業,1d,1営業日,1,73,69,-3.664054857715393e-05,-0.001064395955295394,0.4492753623188406,評価可能,0.007575418829615504
v7,avg_turnover_20d,20日平均売買代金,流動性の代理指標,True,業種,卸売業,1d,1営業日,2,60,55,0.013507810761645594,0.004446240905416232,0.5454545454545454,評価可能,0.007575418829615504
v7,avg_turnover_20d,20日平均売買代金,流動性の代理指標,True,業種,卸売業,1d,1営業日,3,16,14,0.010677523569781142,-0.006978428581938645,0.35714285714285715,サンプル不足,0.007575418829615504
v7,avg_turnover_20d,20日平均売買代金,流動性の代理指標,True,業種,卸売業,1d,1営業日,4,7,7,-0.007034998562318008,-0.007884558167212119,0.2857142857142857,サンプル不足,0.007575418829615504
v7,avg_turnover_20d,20日平均売買代金,流動性の代理指標,True,業種,卸売業,1d,1営業日,5,40,39,0.00753877828103835,0.007818317200297908,0.5897435897435898,評価可能,0.007575418829615504
v7,avg_turnover_20d,20日平均売買代金,流動性の代理指標,True,業種,卸売業,3d,3営業日,1,73,61,-0.012746842541977192,-0.0067214339058999,0.4098360655737705,評価可能,0.031272424633565776
v7,avg_turnover_20d,20日平均売買代金,流動性の代理指標,True,業種,卸売業,3d,3営業日,2,60,49,0.015104047958926956,0.0004570383912247955,0.5102040816326531,評価可能,0.031272424633565776
v7,avg_turnover_20d,20日平均売買代金,流動性の代理指標,True,業種,卸売業,3d,3営業日,3,16,12,-0.009768014360712424,-0.018167313793284234,0.3333333333333333,サンプル不足,0.031272424633565776
v7,avg_turnover_20d,20日平均売買代金,流動性の代理指標,True,業種,卸売業,3d,3営業日,4,7,7,-0.00568918143630578,-0.012146371463714667,0.42857142857142855,サンプル不足,0.031272424633565776
v7,avg_turnover_20d,20日平均売買代金,流動性の代理指標,True,業種,卸売業,3d,3営業日,5,40,37,0.018525582091588586,0.0011787819253437082,0.5405405405405406,評価可能,0.031272424633565776
v7,avg_turnover_20d,20日平均売買代金,流動性の代理指標,True,業種,卸売業,5d,5営業日,1,73,57,-0.018555104436113735,-0.0137931034482758,0.38596491228070173,評価可能,0.04754387665212846
v7,avg_turnover_20d,20日平均売買代金,流動性の代理指標,True,業種,卸売業,5d,5営業日,2,60,40,-0.001591652112378919,-0.0029876876123583118,0.4,評価可能,0.04754387665212846
v7,avg_turnover_20d,20日平均売買代金,流動性の代理指標,True,業種,卸売業,5d,5営業日,3,16,7,0.013553362339224202,-0.008429926238145424,0.42857142857142855,サンプル不足,0.04754387665212846
v7,avg_turnover_20d,20日平均売買代金,流動性の代理指標,True,業種,卸売業,5d,5営業日,4,7,5,0.06549345049404434,0.10443320440345127,0.6,サンプル不足,0.04754387665212846
v7,avg_turnover_20d,20日平均売買代金,流動性の代理指標,True,業種,卸売業,5d,5営業日,5,40,34,0.028988772216014726,0.02596791289949274,0.6470588235294118,評価可能,0.04754387665212846
v7,avg_turnover_20d,20日平均売買代金,流動性の代理指標,True,業種,小売業,10d,10営業日,1,57,45,-0.0010783185113573328,0.0107108081791627,0.5555555555555556,評価可能,-0.008348402979415486
v7,avg_turnover_20d,20日平均売買代金,流動性の代理指標,True,業種,小売業,10d,10営業日,2,57,44,0.024719928792245525,0.0020198085510037497,0.5,評価可能,-0.008348402979415486
v7,avg_turnover_20d,20日平均売買代金,流動性の代理指標,True,業種,小売業,10d,10営業日,3,58,44,0.005966104975104121,0.008144964417460931,0.5681818181818182,評価可能,-0.008348402979415486
v7,avg_turnover_20d,20日平均売買代金,流動性の代理指標,True,業種,小売業,10d,10営業日,4,34,22,0.04617799204913841,0.05915538704950718,0.6363636363636364,サンプル不足,-0.008348402979415486
v7,avg_turnover_20d,20日平均売買代金,流動性の代理指標,True,業種,小売業,10d,10営業日,5,17,12,-0.009426721490772819,-0.008700763189511185,0.4166666666666667,サンプル不足,-0.008348402979415486
v7,avg_turnover_20d,20日平均売買代金,流動性の代理指標,True,業種,小売業,1d,1営業日,1,57,56,-0.004476672378919083,-0.00294333475796105,0.4107142857142857,評価可能,0.0014667535704178374
v7,avg_turnover_20d,20日平均売買代金,流動性の代理指標,True,業種,小売業,1d,1営業日,2,57,57,0.0010253881331212765,-0.0034989503149055468,0.42105263157894735,評価可能,0.0014667535704178374
v7,avg_turnover_20d,20日平均売買代金,流動性の代理指標,True,業種,小売業,1d,1営業日,3,58,57,0.004440426474457529,-0.0005204267499349102,0.49122807017543857,評価可能,0.0014667535704178374
v7,avg_turnover_20d,20日平均売買代金,流動性の代理指標,True,業種,小売業,1d,1営業日,4,34,33,0.007508102598125802,0.0,0.48484848484848486,評価可能,0.0014667535704178374
v7,avg_turnover_20d,20日平均売買代金,流動性の代理指標,True,業種,小売業,1d,1営業日,5,17,16,-0.0030099188085012454,-0.004365143421773521,0.375,サンプル不足,0.0014667535704178374
v7,avg_turnover_20d,20日平均売買代金,流動性の代理指標,True,業種,小売業,3d,3営業日,1,57,56,0.0005871850640601275,0.003946269829576113,0.5357142857142857,評価可能,-0.005325304312785264
v7,avg_turnover_20d,20日平均売買代金,流動性の代理指標,True,業種,小売業,3d,3営業日,2,57,57,-0.00044640101257309537,-0.0060882800608828,0.40350877192982454,評価可能,-0.005325304312785264
v7,avg_turnover_20d,20日平均売買代金,流動性の代理指標,True,業種,小売業,3d,3営業日,3,58,53,0.008996523480853466,-0.0008900756564308443,0.49056603773584906,評価可能,-0.005325304312785264
v7,avg_turnover_20d,20日平均売買代金,流動性の代理指標,True,業種,小売業,3d,3営業日,4,34,30,0.01859058828732357,0.01480770503617379,0.6,評価可能,-0.005325304312785264
v7,avg_turnover_20d,20日平均売買代金,流動性の代理指標,True,業種,小売業,3d,3営業日,5,17,16,-0.004738119248725137,0.005252552077738393,0.5,サンプル不足,-0.005325304312785264
v7,avg_turnover_20d,20日平均売買代金,流動性の代理指標,True,業種,小売業,5d,5営業日,1,57,54,-0.0037305331570365546,0.00617631970581205,0.5370370370370371,評価可能,-0.010729621965125617
v7,avg_turnover_20d,20日平均売買代金,流動性の代理指標,True,業種,小売業,5d,5営業日,2,57,55,0.001610550987670668,-0.0026246719160104,0.43636363636363634,評価可能,-0.010729621965125617
v7,avg_turnover_20d,20日平均売買代金,流動性の代理指標,True,業種,小売業,5d,5営業日,3,58,53,0.008668744191642258,0.00738916256157629,0.5471698113207547,評価可能,-0.010729621965125617
v7,avg_turnover_20d,20日平均売買代金,流動性の代理指標,True,業種,小売業,5d,5営業日,4,34,28,0.03645946066309212,0.0454039349068065,0.5714285714285714,サンプル不足,-0.010729621965125617
v7,avg_turnover_20d,20日平均売買代金,流動性の代理指標,True,業種,小売業,5d,5営業日,5,17,16,-0.014460155122162172,-0.008620689655172431,0.4375,サンプル不足,-0.010729621965125617
v7,avg_turnover_20d,20日平均売買代金,流動性の代理指標,True,業種,建設業,10d,10営業日,1,30,22,-0.030228956465819645,-0.03018195302370075,0.3181818181818182,サンプル不足,0.05714407033745535
v7,avg_turnover_20d,20日平均売買代金,流動性の代理指標,True,業種,建設業,10d,10営業日,2,14,9,-0.06772237968148535,-0.07232000000000005,0.2222222222222222,サンプル不足,0.05714407033745535
v7,avg_turnover_20d,20日平均売買代金,流動性の代理指標,True,業種,建設業,10d,10営業日,3,13,13,-0.0974831664660235,-0.0424999999999999,0.0,サンプル不足,0.05714407033745535
v7,avg_turnover_20d,20日平均売買代金,流動性の代理指標,True,業種,建設業,10d,10営業日,4,2,1,0.0269151138716357,0.0269151138716357,1.0,サンプル不足,0.05714407033745535
v7,avg_turnover_20d,20日平均売買代金,流動性の代理指標,True,業種,建設業,1d,1営業日,1,30,30,-0.02139109503199967,-0.017643958852893667,0.2,評価可能,0.00773914754375234
v7,avg_turnover_20d,20日平均売買代金,流動性の代理指標,True,業種,建設業,1d,1営業日,2,14,13,-0.02389086875902394,-0.025000000000000022,0.23076923076923078,サンプル不足,0.00773914754375234
v7,avg_turnover_20d,20日平均売買代金,流動性の代理指標,True,業種,建設業,1d,1営業日,3,13,13,-0.007461112044514518,-0.0060714285714286,0.23076923076923078,サンプル不足,0.00773914754375234
v7,avg_turnover_20d,20日平均売買代金,流動性の代理指標,True,業種,建設業,1d,1営業日,4,2,2,-0.013651947488247329,-0.013651947488247329,0.5,サンプル不足,0.00773914754375234
v7,avg_turnover_20d,20日平均売買代金,流動性の代理指標,True,業種,建設業,3d,3営業日,1,30,27,-0.01687395382489328,-0.0174603174603175,0.4444444444444444,サンプル不足,-0.009959322242591145
v7,avg_turnover_20d,20日平均売買代金,流動性の代理指標,True,業種,建設業,3d,3営業日,2,14,12,-0.029966213472042938,-0.003289473684210509,0.4166666666666667,サンプル不足,-0.009959322242591145
v7,avg_turnover_20d,20日平均売買代金,流動性の代理指標,True,業種,建設業,3d,3営業日,3,13,13,-0.04714221871190937,-0.02751971954425947,0.15384615384615385,サンプル不足,-0.009959322242591145
v7,avg_turnover_20d,20日平均売買代金,流動性の代理指標,True,業種,建設業,3d,3営業日,4,2,2,-0.026833276067484424,-0.026833276067484424,0.5,サンプル不足,-0.009959322242591145
v7,avg_turnover_20d,20日平均売買代金,流動性の代理指標,True,業種,建設業,5d,5営業日,1,30,26,-0.02084491958952415,-0.02391032651148255,0.38461538461538464,サンプル不足,0.018164927337111097
v7,avg_turnover_20d,20日平均売買代金,流動性の代理指標,True,業種,建設業,5d,5営業日,2,14,10,-0.02314750609472221,-0.011587458755401805,0.3,サンプル不足,0.018164927337111097
v7,avg_turnover_20d,20日平均売買代金,流動性の代理指標,True,業種,建設業,5d,5営業日,3,13,13,-0.0638060410895123,-0.03219178082191776,0.07692307692307693,サンプル不足,0.018164927337111097
v7,avg_turnover_20d,20日平均売買代金,流動性の代理指標,True,業種,建設業,5d,5営業日,4,2,2,-0.002679992252413055,-0.002679992252413055,0.5,サンプル不足,0.018164927337111097
v7,avg_turnover_20d,20日平均売買代金,流動性の代理指標,True,業種,情報・通信業,10d,10営業日,1,182,134,0.021841034771931653,-0.0021137771802665004,0.47761194029850745,評価可能,-0.04819513873147918
v7,avg_turnover_20d,20日平均売買代金,流動性の代理指標,True,業種,情報・通信業,10d,10営業日,2,158,117,-0.013800290536890358,-0.005747126436781658,0.4700854700854701,評価可能,-0.04819513873147918
v7,avg_turnover_20d,20日平均売買代金,流動性の代理指標,True,業種,情報・通信業,10d,10営業日,3,103,71,0.026277078903388092,0.026554404145077815,0.6338028169014085,評価可能,-0.04819513873147918
v7,avg_turnover_20d,20日平均売買代金,流動性の代理指標,True,業種,情報・通信業,10d,10営業日,4,62,35,0.01714870578477685,0.032786885245901676,0.6571428571428571,評価可能,-0.04819513873147918
v7,avg_turnover_20d,20日平均売買代金,流動性の代理指標,True,業種,情報・通信業,10d,10営業日,5,34,19,-0.026354103959547532,0.00043798004112982625,0.5263157894736842,サンプル不足,-0.04819513873147918
v7,avg_turnover_20d,20日平均売買代金,流動性の代理指標,True,業種,情報・通信業,1d,1営業日,1,182,178,0.0001764309219775694,-0.004808980103097731,0.398876404494382,評価可能,-0.007544988742910628
v7,avg_turnover_20d,20日平均売買代金,流動性の代理指標,True,業種,情報・通信業,1d,1営業日,2,158,153,0.0018197788108769302,-0.0010593220338983,0.45751633986928103,評価可能,-0.007544988742910628
v7,avg_turnover_20d,20日平均売買代金,流動性の代理指標,True,業種,情報・通信業,1d,1営業日,3,103,102,0.0019724519049990953,-0.0029387506394215057,0.45098039215686275,評価可能,-0.007544988742910628
v7,avg_turnover_20d,20日平均売買代金,流動性の代理指標,True,業種,情報・通信業,1d,1営業日,4,62,60,0.0013899539333028417,0.0017618755349526616,0.5333333333333333,評価可能,-0.007544988742910628
v7,avg_turnover_20d,20日平均売買代金,流動性の代理指標,True,業種,情報・通信業,1d,1営業日,5,34,34,-0.007368557820933058,-0.0019105384293214844,0.47058823529411764,評価可能,-0.007544988742910628
v7,avg_turnover_20d,20日平均売買代金,流動性の代理指標,True,業種,情報・通信業,3d,3営業日,1,182,173,0.004458444438103325,-0.0072727272727273196,0.3815028901734104,評価可能,-0.01522310617136246
v7,avg_turnover_20d,20日平均売買代金,流動性の代理指標,True,業種,情報・通信業,3d,3営業日,2,158,145,-0.005865690001839549,-0.001224989791751785,0.47586206896551725,評価可能,-0.01522310617136246
v7,avg_turnover_20d,20日平均売買代金,流動性の代理指標,True,業種,情報・通信業,3d,3営業日,3,103,97,-0.001661203231986268,0.001347117448894819,0.5360824742268041,評価可能,-0.01522310617136246
v7,avg_turnover_20d,20日平均売買代金,流動性の代理指標,True,業種,情報・通信業,3d,3営業日,4,62,54,0.0007161127410195927,0.003379514760738833,0.5555555555555556,評価可能,-0.01522310617136246
v7,avg_turnover_20d,20日平均売買代金,流動性の代理指標,True,業種,情報・通信業,3d,3営業日,5,34,32,-0.010764661733259136,-0.0068607297084586905,0.4375,評価可能,-0.01522310617136246
v7,avg_turnover_20d,20日平均売買代金,流動性の代理指標,True,業種,情報・通信業,5d,5営業日,1,182,159,0.01807583818943223,-0.0028735632183908,0.46540880503144655,評価可能,-0.029504127121886346
v7,avg_turnover_20d,20日平均売買代金,流動性の代理指標,True,業種,情報・通信業,5d,5営業日,2,158,138,-0.013270357152090675,-0.008814709211026284,0.42028985507246375,評価可能,-0.029504127121886346
v7,avg_turnover_20d,20日平均売買代金,流動性の代理指標,True,業種,情報・通信業,5d,5営業日,3,103,92,-0.0056158781115973775,0.004119001766042629,0.532608695652174,評価可能,-0.029504127121886346
v7,avg_turnover_20d,20日平均売買代金,流動性の代理指標,True,業種,情報・通信業,5d,5営業日,4,62,48,-0.007945227170292541,-0.0056721296924548414,0.4791666666666667,評価可能,-0.029504127121886346
v7,avg_turnover_20d,20日平均売買代金,流動性の代理指標,True,業種,情報・通信業,5d,5営業日,5,34,29,-0.011428288932454117,-0.0005132591958939559,0.4827586206896552,サンプル不足,-0.029504127121886346
v7,avg_turnover_20d,20日平均売買代金,流動性の代理指標,True,業種,機械,10d,10営業日,1,40,22,-0.015568065010246757,-0.0245368827864774,0.2727272727272727,サンプル不足,-0.19840242755304438
v7,avg_turnover_20d,20日平均売買代金,流動性の代理指標,True,業種,機械,10d,10営業日,2,49,42,-0.06586187456862962,-0.058937649739963696,0.21428571428571427,評価可能,-0.19840242755304438
v7,avg_turnover_20d,20日平均売買代金,流動性の代理指標,True,業種,機械,10d,10営業日,3,70,60,-0.10754447918878114,-0.09389828649228912,0.16666666666666666,評価可能,-0.19840242755304438
v7,avg_turnover_20d,20日平均売買代金,流動性の代理指標,True,業種,機械,10d,10営業日,4,38,32,-0.07615068656340333,-0.04590184458395635,0.0625,評価可能,-0.19840242755304438
v7,avg_turnover_20d,20日平均売買代金,流動性の代理指標,True,業種,機械,10d,10営業日,5,8,4,-0.21397049256329115,-0.22335639876843105,0.0,サンプル不足,-0.19840242755304438
v7,avg_turnover_20d,20日平均売買代金,流動性の代理指標,True,業種,機械,1d,1営業日,1,40,37,-0.0013448956394647746,-0.0055082623935903685,0.3783783783783784,評価可能,-0.03356649608292678
v7,avg_turnover_20d,20日平均売買代金,流動性の代理指標,True,業種,機械,1d,1営業日,2,49,48,-0.0010411988373792318,0.0003700520460297146,0.5,評価可能,-0.03356649608292678
v7,avg_turnover_20d,20日平均売買代金,流動性の代理指標,True,業種,機械,1d,1営業日,3,70,69,-0.009005180364884464,-0.010204081632653073,0.4057971014492754,評価可能,-0.03356649608292678
v7,avg_turnover_20d,20日平均売買代金,流動性の代理指標,True,業種,機械,1d,1営業日,4,38,38,-0.009601254169764267,-0.0055960378981498304,0.4473684210526316,評価可能,-0.03356649608292678
v7,avg_turnover_20d,20日平均売買代金,流動性の代理指標,True,業種,機械,1d,1営業日,5,8,7,-0.03491139172239155,-0.024501032346868512,0.0,サンプル不足,-0.03356649608292678
v7,avg_turnover_20d,20日平均売買代金,流動性の代理指標,True,業種,機械,3d,3営業日,1,40,30,-0.01951261587701149,-0.019326964679808593,0.26666666666666666,評価可能,-0.07003163201845185
v7,avg_turnover_20d,20日平均売買代金,流動性の代理指標,True,業種,機械,3d,3営業日,2,49,47,-0.008233798056729733,-0.009383378016085797,0.40425531914893614,評価可能,-0.07003163201845185
v7,avg_turnover_20d,20日平均売買代金,流動性の代理指標,True,業種,機械,3d,3営業日,3,70,68,-0.034884492906629996,-0.028502359441800407,0.25,評価可能,-0.07003163201845185
v7,avg_turnover_20d,20日平均売買代金,流動性の代理指標,True,業種,機械,3d,3営業日,4,38,36,-0.029004709271977118,-0.019630798312668285,0.3611111111111111,評価可能,-0.07003163201845185
v7,avg_turnover_20d,20日平均売買代金,流動性の代理指標,True,業種,機械,3d,3営業日,5,8,6,-0.08954424789546334,-0.07676153919074674,0.0,サンプル不足,-0.07003163201845185
v7,avg_turnover_20d,20日平均売買代金,流動性の代理指標,True,業種,機械,5d,5営業日,1,40,29,-0.016199115902430637,-0.013976555455365247,0.3103448275862069,サンプル不足,-0.04448896281931475
v7,avg_turnover_20d,20日平均売買代金,流動性の代理指標,True,業種,機械,5d,5営業日,2,49,46,-0.03110743246336844,-0.02909034810852279,0.34782608695652173,評価可能,-0.04448896281931475
v7,avg_turnover_20d,20日平均売買代金,流動性の代理指標,True,業種,機械,5d,5営業日,3,70,63,-0.07494670600127967,-0.06443119581321644,0.19047619047619047,評価可能,-0.04448896281931475
v7,avg_turnover_20d,20日平均売買代金,流動性の代理指標,True,業種,機械,5d,5営業日,4,38,33,-0.06182162027410223,-0.0623753158664716,0.21212121212121213,評価可能,-0.04448896281931475
v7,avg_turnover_20d,20日平均売買代金,流動性の代理指標,True,業種,機械,5d,5営業日,5,8,6,-0.060688078721745385,-0.08585384624021936,0.16666666666666666,サンプル不足,-0.04448896281931475
v7,avg_turnover_20d,20日平均売買代金,流動性の代理指標,True,業種,海運業,10d,10営業日,1,1,1,0.09247311827956994,0.09247311827956994,1.0,サンプル不足,-0.06259970812985449
v7,avg_turnover_20d,20日平均売買代金,流動性の代理指標,True,業種,海運業,10d,10営業日,2,1,1,0.1384335154826959,0.1384335154826959,1.0,サンプル不足,-0.06259970812985449
v7,avg_turnover_20d,20日平均売買代金,流動性の代理指標,True,業種,海運業,10d,10営業日,3,2,0,,,,サンプル不足,-0.06259970812985449
v7,avg_turnover_20d,20日平均売買代金,流動性の代理指標,True,業種,海運業,10d,10営業日,4,14,9,0.02987341014971545,0.028422468886646568,0.8888888888888888,サンプル不足,-0.06259970812985449
v7,avg_turnover_20d,20日平均売買代金,流動性の代理指標,True,業種,海運業,10d,10営業日,5,4,0,,,,サンプル不足,-0.06259970812985449
v7,avg_turnover_20d,20日平均売買代金,流動性の代理指標,True,業種,海運業,1d,1営業日,1,1,1,0.006451612903225712,0.006451612903225712,1.0,サンプル不足,-0.00035859497718252874
v7,avg_turnover_20d,20日平均売買代金,流動性の代理指標,True,業種,海運業,1d,1営業日,2,1,1,0.01821493624772308,0.01821493624772308,1.0,サンプル不足,-0.00035859497718252874
v7,avg_turnover_20d,20日平均売買代金,流動性の代理指標,True,業種,海運業,1d,1営業日,3,2,2,0.04564174684226835,0.04564174684226835,0.5,サンプル不足,-0.00035859497718252874
v7,avg_turnover_20d,20日平均売買代金,流動性の代理指標,True,業種,海運業,1d,1営業日,4,14,14,0.005317332461772699,0.008370145707052745,0.7857142857142857,サンプル不足,-0.00035859497718252874
v7,avg_turnover_20d,20日平均売買代金,流動性の代理指標,True,業種,海運業,1d,1営業日,5,4,3,0.006093017926043183,0.00840630472854631,0.6666666666666666,サンプル不足,-0.00035859497718252874
v7,avg_turnover_20d,20日平均売買代金,流動性の代理指標,True,業種,海運業,3d,3営業日,1,1,1,0.011290322580645107,0.011290322580645107,1.0,サンプル不足,0.009838762926122735
v7,avg_turnover_20d,20日平均売買代金,流動性の代理指標,True,業種,海運業,3d,3営業日,2,1,1,0.005464480874316946,0.005464480874316946,1.0,サンプル不足,0.009838762926122735
v7,avg_turnover_20d,20日平均売買代金,流動性の代理指標,True,業種,海運業,3d,3営業日,3,2,2,0.04860935066816352,0.04860935066816352,1.0,サンプル不足,0.009838762926122735
v7,avg_turnover_20d,20日平均売買代金,流動性の代理指標,True,業種,海運業,3d,3営業日,4,14,14,0.01793012719269521,0.018457893667842673,0.8571428571428571,サンプル不足,0.009838762926122735
v7,avg_turnover_20d,20日平均売買代金,流動性の代理指標,True,業種,海運業,3d,3営業日,5,4,1,0.021129085506767842,0.021129085506767842,1.0,サンプル不足,0.009838762926122735
v7,avg_turnover_20d,20日平均売買代金,流動性の代理指標,True,業種,海運業,5d,5営業日,1,1,1,0.03010752688172036,0.03010752688172036,1.0,サンプル不足,-0.005468444004846858
v7,avg_turnover_20d,20日平均売買代金,流動性の代理指標,True,業種,海運業,5d,5営業日,2,1,1,0.021250758955676963,0.021250758955676963,1.0,サンプル不足,-0.005468444004846858
v7,avg_turnover_20d,20日平均売買代金,流動性の代理指標,True,業種,海運業,5d,5営業日,3,2,1,0.09538784067085948,0.09538784067085948,1.0,サンプル不足,-0.005468444004846858
v7,avg_turnover_20d,20日平均売買代金,流動性の代理指標,True,業種,海運業,5d,5営業日,4,14,11,0.0246390828768735,0.02381818181818174,0.9090909090909091,サンプル不足,-0.005468444004846858
v7,avg_turnover_20d,20日平均売買代金,流動性の代理指標,True,業種,海運業,5d,5営業日,5,4,0,,,,サンプル不足,-0.005468444004846858
v7,avg_turnover_20d,20日平均売買代金,流動性の代理指標,True,業種,石油・石炭製品,10d,10営業日,1,2,2,0.0032897788773774486,0.0032897788773774486,0.5,サンプル不足,-0.005952484845057206
v7,avg_turnover_20d,20日平均売買代金,流動性の代理指標,True,業種,石油・石炭製品,10d,10営業日,2,2,2,-0.0547858095312797,-0.0547858095312797,0.0,サンプル不足,-0.005952484845057206
v7,avg_turnover_20d,20日平均売買代金,流動性の代理指標,True,業種,石油・石炭製品,10d,10営業日,3,2,1,-0.009373828271466045,-0.009373828271466045,0.0,サンプル不足,-0.005952484845057206
v7,avg_turnover_20d,20日平均売買代金,流動性の代理指標,True,業種,石油・石炭製品,10d,10営業日,4,2,2,-0.002662705967679757,-0.002662705967679757,0.5,サンプル不足,-0.005952484845057206
v7,avg_turnover_20d,20日平均売買代金,流動性の代理指標,True,業種,石油・石炭製品,1d,1営業日,1,2,2,-0.05757263371303885,-0.05757263371303885,0.0,サンプル不足,0.052540874460075396
v7,avg_turnover_20d,20日平均売買代金,流動性の代理指標,True,業種,石油・石炭製品,1d,1営業日,2,2,2,-0.06107047611577385,-0.06107047611577385,0.5,サンプル不足,0.052540874460075396
v7,avg_turnover_20d,20日平均売買代金,流動性の代理指標,True,業種,石油・石炭製品,1d,1営業日,3,2,2,-0.019929288499954456,-0.019929288499954456,0.0,サンプル不足,0.052540874460075396
v7,avg_turnover_20d,20日平均売買代金,流動性の代理指標,True,業種,石油・石炭製品,1d,1営業日,4,2,2,-0.0050317592529634525,-0.0050317592529634525,0.5,サンプル不足,0.052540874460075396
v7,avg_turnover_20d,20日平均売買代金,流動性の代理指標,True,業種,石油・石炭製品,3d,3営業日,1,2,2,-0.049234682920124354,-0.049234682920124354,0.0,サンプル不足,0.030303363367077077
v7,avg_turnover_20d,20日平均売買代金,流動性の代理指標,True,業種,石油・石炭製品,3d,3営業日,2,2,2,-0.08016427058704881,-0.08016427058704881,0.0,サンプル不足,0.030303363367077077
v7,avg_turnover_20d,20日平均売買代金,流動性の代理指標,True,業種,石油・石炭製品,3d,3営業日,3,2,2,-0.021447742760968447,-0.021447742760968447,0.0,サンプル不足,0.030303363367077077
v7,avg_turnover_20d,20日平均売買代金,流動性の代理指標,True,業種,石油・石炭製品,3d,3営業日,4,2,2,-0.018931319553047277,-0.018931319553047277,0.0,サンプル不足,0.030303363367077077
v7,avg_turnover_20d,20日平均売買代金,流動性の代理指標,True,業種,石油・石炭製品,5d,5営業日,1,2,2,-0.08706671047884125,-0.08706671047884125,0.0,サンプル不足,0.07756655749046833
v7,avg_turnover_20d,20日平均売買代金,流動性の代理指標,True,業種,石油・石炭製品,5d,5営業日,2,2,2,-0.0559926268726959,-0.0559926268726959,0.5,サンプル不足,0.07756655749046833
v7,avg_turnover_20d,20日平均売買代金,流動性の代理指標,True,業種,石油・石炭製品,5d,5営業日,3,2,2,-0.00015019309027047845,-0.00015019309027047845,0.5,サンプル不足,0.07756655749046833
v7,avg_turnover_20d,20日平均売買代金,流動性の代理指標,True,業種,石油・石炭製品,5d,5営業日,4,2,2,-0.009500152988372923,-0.009500152988372923,0.5,サンプル不足,0.07756655749046833
v7,avg_turnover_20d,20日平均売買代金,流動性の代理指標,True,業種,空運業,10d,10営業日,3,1,0,,,,サンプル不足,0.0
v7,avg_turnover_20d,20日平均売買代金,流動性の代理指標,True,業種,空運業,10d,10営業日,4,4,4,-0.017327231375594776,-0.030974194199600902,0.25,サンプル不足,0.0
v7,avg_turnover_20d,20日平均売買代金,流動性の代理指標,True,業種,空運業,1d,1営業日,3,1,1,-0.01173485569299082,-0.01173485569299082,0.0,サンプル不足,0.017007805873553467
v7,avg_turnover_20d,20日平均売買代金,流動性の代理指標,True,業種,空運業,1d,1営業日,4,4,4,0.005272950180562647,0.004031265961239094,0.5,サンプル不足,0.017007805873553467
v7,avg_turnover_20d,20日平均売買代金,流動性の代理指標,True,業種,空運業,3d,3営業日,3,1,1,-0.01680938788455444,-0.01680938788455444,0.0,サンプル不足,0.026241062241836283
v7,avg_turnover_20d,20日平均売買代金,流動性の代理指標,True,業種,空運業,3d,3営業日,4,4,4,0.009431674357281844,0.0255361361625146,0.75,サンプル不足,0.026241062241836283
v7,avg_turnover_20d,20日平均売買代金,流動性の代理指標,True,業種,空運業,5d,5営業日,3,1,1,0.0034887408816999255,0.0034887408816999255,1.0,サンプル不足,-0.00782587724607714
v7,avg_turnover_20d,20日平均売買代金,流動性の代理指標,True,業種,空運業,5d,5営業日,4,4,4,-0.004337136364377214,-0.009431980026097408,0.25,サンプル不足,-0.00782587724607714
v7,avg_turnover_20d,20日平均売買代金,流動性の代理指標,True,業種,精密機器,10d,10営業日,1,4,1,-0.15795771838851214,-0.15795771838851214,0.0,サンプル不足,0.09224529158304695
v7,avg_turnover_20d,20日平均売買代金,流動性の代理指標,True,業種,精密機器,10d,10営業日,2,17,10,-0.06566113737157563,-0.046951870626547154,0.1,サンプル不足,0.09224529158304695
v7,avg_turnover_20d,20日平均売買代金,流動性の代理指標,True,業種,精密機器,10d,10営業日,3,23,18,-0.037407777212941126,-0.06470048650232202,0.2777777777777778,サンプル不足,0.09224529158304695
v7,avg_turnover_20d,20日平均売買代金,流動性の代理指標,True,業種,精密機器,10d,10営業日,4,13,8,-0.10286385461158229,-0.11299896606476861,0.125,サンプル不足,0.09224529158304695
v7,avg_turnover_20d,20日平均売買代金,流動性の代理指標,True,業種,精密機器,10d,10営業日,5,5,1,-0.06571242680546518,-0.06571242680546518,0.0,サンプル不足,0.09224529158304695
v7,avg_turnover_20d,20日平均売買代金,流動性の代理指標,True,業種,精密機器,1d,1営業日,1,4,4,0.0016314241874167135,0.0013915581825434398,0.5,サンプル不足,0.035562287430697274
v7,avg_turnover_20d,20日平均売買代金,流動性の代理指標,True,業種,精密機器,1d,1営業日,2,17,17,0.004123784637161683,0.0,0.47058823529411764,サンプル不足,0.035562287430697274
v7,avg_turnover_20d,20日平均売買代金,流動性の代理指標,True,業種,精密機器,1d,1営業日,3,23,23,0.0049736816450512795,0.0024553137622806975,0.5217391304347826,サンプル不足,0.035562287430697274
v7,avg_turnover_20d,20日平均売買代金,流動性の代理指標,True,業種,精密機器,1d,1営業日,4,13,10,0.020737112607695708,0.0037590349633296882,0.5,サンプル不足,0.035562287430697274
v7,avg_turnover_20d,20日平均売買代金,流動性の代理指標,True,業種,精密機器,1d,1営業日,5,5,3,0.03719371161811399,0.01171112556929077,0.6666666666666666,サンプル不足,0.035562287430697274
v7,avg_turnover_20d,20日平均売買代金,流動性の代理指標,True,業種,精密機器,3d,3営業日,1,4,4,0.03677304549834104,0.04042730843633596,0.5,サンプル不足,-0.12277406753860765
v7,avg_turnover_20d,20日平均売買代金,流動性の代理指標,True,業種,精密機器,3d,3営業日,2,17,17,-0.001985156301585747,-0.009828009828009798,0.4117647058823529,サンプル不足,-0.12277406753860765
v7,avg_turnover_20d,20日平均売買代金,流動性の代理指標,True,業種,精密機器,3d,3営業日,3,23,22,-0.009049705357991213,-0.011316695352839912,0.3181818181818182,サンプル不足,-0.12277406753860765
v7,avg_turnover_20d,20日平均売買代金,流動性の代理指標,True,業種,精密機器,3d,3営業日,4,13,9,0.05470265345642991,0.0034895314057825644,0.5555555555555556,サンプル不足,-0.12277406753860765
v7,avg_turnover_20d,20日平均売買代金,流動性の代理指標,True,業種,精密機器,3d,3営業日,5,5,3,-0.0860010220402666,-0.15947075208913652,0.3333333333333333,サンプル不足,-0.12277406753860765
v7,avg_turnover_20d,20日平均売買代金,流動性の代理指標,True,業種,精密機器,5d,5営業日,1,4,2,0.051534189118951745,0.051534189118951745,0.5,サンプル不足,-0.2084467352043996
v7,avg_turnover_20d,20日平均売買代金,流動性の代理指標,True,業種,精密機器,5d,5営業日,2,17,14,0.0032836111601756185,0.003009956079557563,0.5714285714285714,サンプル不足,-0.2084467352043996
v7,avg_turnover_20d,20日平均売買代金,流動性の代理指標,True,業種,精密機器,5d,5営業日,3,23,21,-0.007967034680732949,-0.03876651982378854,0.42857142857142855,サンプル不足,-0.2084467352043996
v7,avg_turnover_20d,20日平均売買代金,流動性の代理指標,True,業種,精密機器,5d,5営業日,4,13,9,0.05649572144239285,0.023708721422523338,0.5555555555555556,サンプル不足,-0.2084467352043996
v7,avg_turnover_20d,20日平均売買代金,流動性の代理指標,True,業種,精密機器,5d,5営業日,5,5,2,-0.15691254608544786,-0.15691254608544786,0.5,サンプル不足,-0.2084467352043996
v7,avg_turnover_20d,20日平均売買代金,流動性の代理指標,True,業種,繊維製品,10d,10営業日,1,7,5,-0.024462553502986668,-0.0284822473663675,0.2,サンプル不足,0.04590890272471211
v7,avg_turnover_20d,20日平均売買代金,流動性の代理指標,True,業種,繊維製品,10d,10営業日,2,8,8,0.021446349221725447,0.01585564796564265,0.75,サンプル不足,0.04590890272471211
v7,avg_turnover_20d,20日平均売買代金,流動性の代理指標,True,業種,繊維製品,10d,10営業日,4,3,0,,,,サンプル不足,0.04590890272471211
v7,avg_turnover_20d,20日平均売買代金,流動性の代理指標,True,業種,繊維製品,1d,1営業日,1,7,7,0.0015389299082476016,0.0014869888475836923,0.5714285714285714,サンプル不足,0.02664200542169055
v7,avg_turnover_20d,20日平均売買代金,流動性の代理指標,True,業種,繊維製品,1d,1営業日,2,8,8,0.006488597260346148,-0.0007338857770962104,0.5,サンプル不足,0.02664200542169055
v7,avg_turnover_20d,20日平均売買代金,流動性の代理指標,True,業種,繊維製品,1d,1営業日,4,3,2,0.02818093532993815,0.02818093532993815,1.0,サンプル不足,0.02664200542169055
v7,avg_turnover_20d,20日平均売買代金,流動性の代理指標,True,業種,繊維製品,3d,3営業日,1,7,7,-0.004258470677626481,-0.004704652378463181,0.42857142857142855,サンプル不足,0.028023533089184358
v7,avg_turnover_20d,20日平均売買代金,流動性の代理指標,True,業種,繊維製品,3d,3営業日,2,8,8,0.023765062411557875,0.025703115229939844,0.75,サンプル不足,0.028023533089184358
v7,avg_turnover_20d,20日平均売買代金,流動性の代理指標,True,業種,繊維製品,3d,3営業日,4,3,0,,,,サンプル不足,0.028023533089184358
v7,avg_turnover_20d,20日平均売買代金,流動性の代理指標,True,業種,繊維製品,5d,5営業日,1,7,7,-0.004853322413134619,0.0035115099492781,0.5714285714285714,サンプル不足,0.025425743164336392
v7,avg_turnover_20d,20日平均売買代金,流動性の代理指標,True,業種,繊維製品,5d,5営業日,2,8,8,0.020572420751201775,0.01471603619491142,0.75,サンプル不足,0.025425743164336392
v7,avg_turnover_20d,20日平均売買代金,流動性の代理指標,True,業種,繊維製品,5d,5営業日,4,3,0,,,,サンプル不足,0.025425743164336392
v7,avg_turnover_20d,20日平均売買代金,流動性の代理指標,True,業種,証券、商品先物取引業,10d,10営業日,1,11,9,0.041695026680989566,0.0190300798035605,0.6666666666666666,サンプル不足,-0.0747529739641251
v7,avg_turnover_20d,20日平均売買代金,流動性の代理指標,True,業種,証券、商品先物取引業,10d,10営業日,2,11,6,0.01695291971601728,0.027023166669022713,0.6666666666666666,サンプル不足,-0.0747529739641251
v7,avg_turnover_20d,20日平均売買代金,流動性の代理指標,True,業種,証券、商品先物取引業,10d,10営業日,3,16,14,0.06280967187138141,0.0656581309805,0.8571428571428571,サンプル不足,-0.0747529739641251
v7,avg_turnover_20d,20日平均売買代金,流動性の代理指標,True,業種,証券、商品先物取引業,10d,10営業日,4,48,40,0.03243216479625821,0.03887440421796429,0.65,評価可能,-0.0747529739641251
v7,avg_turnover_20d,20日平均売買代金,流動性の代理指標,True,業種,証券、商品先物取引業,10d,10営業日,5,7,5,-0.03305794728313553,-0.045067759218405334,0.4,サンプル不足,-0.0747529739641251
v7,avg_turnover_20d,20日平均売買代金,流動性の代理指標,True,業種,証券、商品先物取引業,1d,1営業日,1,11,11,0.020266487335364472,0.02163934426229508,0.6363636363636364,サンプル不足,-0.014691133902148115
v7,avg_turnover_20d,20日平均売買代金,流動性の代理指標,True,業種,証券、商品先物取引業,1d,1営業日,2,11,11,-0.005818276703186698,-0.01584905660377356,0.36363636363636365,サンプル不足,-0.014691133902148115
v7,avg_turnover_20d,20日平均売買代金,流動性の代理指標,True,業種,証券、商品先物取引業,1d,1営業日,3,16,16,0.0050614998998799315,0.00533017996903451,0.6875,サンプル不足,-0.014691133902148115
v7,avg_turnover_20d,20日平均売買代金,流動性の代理指標,True,業種,証券、商品先物取引業,1d,1営業日,4,48,48,0.0031967119284409262,0.004713045700854734,0.625,評価可能,-0.014691133902148115
v7,avg_turnover_20d,20日平均売買代金,流動性の代理指標,True,業種,証券、商品先物取引業,1d,1営業日,5,7,7,0.005575353433216357,0.010400252127324316,0.7142857142857143,サンプル不足,-0.014691133902148115
v7,avg_turnover_20d,20日平均売買代金,流動性の代理指標,True,業種,証券、商品先物取引業,3d,3営業日,1,11,11,0.017529725834420494,0.003278688524590123,0.5454545454545454,サンプル不足,-0.013541253472654943
v7,avg_turnover_20d,20日平均売買代金,流動性の代理指標,True,業種,証券、商品先物取引業,3d,3営業日,2,11,10,0.007469977286889838,0.010760286260515914,0.6,サンプル不足,-0.013541253472654943
v7,avg_turnover_20d,20日平均売買代金,流動性の代理指標,True,業種,証券、商品先物取引業,3d,3営業日,3,16,16,0.013001411528711843,0.0045458295520171,0.6875,サンプル不足,-0.013541253472654943
v7,avg_turnover_20d,20日平均売買代金,流動性の代理指標,True,業種,証券、商品先物取引業,3d,3営業日,4,48,48,0.01116842430176758,0.005550020798628874,0.6041666666666666,評価可能,-0.013541253472654943
v7,avg_turnover_20d,20日平均売買代金,流動性の代理指標,True,業種,証券、商品先物取引業,3d,3営業日,5,7,7,0.0039884723617655505,-0.003729024238657508,0.42857142857142855,サンプル不足,-0.013541253472654943
v7,avg_turnover_20d,20日平均売買代金,流動性の代理指標,True,業種,証券、商品先物取引業,5d,5営業日,1,11,11,0.02479456059337971,0.02921646746347939,0.6363636363636364,サンプル不足,-0.01590758212993205
v7,avg_turnover_20d,20日平均売買代金,流動性の代理指標,True,業種,証券、商品先物取引業,5d,5営業日,2,11,10,0.010503700131130491,0.012348494231466,0.8,サンプル不足,-0.01590758212993205
v7,avg_turnover_20d,20日平均売買代金,流動性の代理指標,True,業種,証券、商品先物取引業,5d,5営業日,3,16,16,0.0257944825492507,0.022873733935680818,0.75,サンプル不足,-0.01590758212993205
v7,avg_turnover_20d,20日平均売買代金,流動性の代理指標,True,業種,証券、商品先物取引業,5d,5営業日,4,48,46,0.013449634367474128,0.017068865941275657,0.5869565217391305,評価可能,-0.01590758212993205
v7,avg_turnover_20d,20日平均売買代金,流動性の代理指標,True,業種,証券、商品先物取引業,5d,5営業日,5,7,5,0.008886978463447659,-0.0009225092250922939,0.4,サンプル不足,-0.01590758212993205
v7,avg_turnover_20d,20日平均売買代金,流動性の代理指標,True,業種,輸送用機器,10d,10営業日,1,19,12,-0.01969952786729468,-0.014137063764732932,0.16666666666666666,サンプル不足,0.04763683910036001
v7,avg_turnover_20d,20日平均売買代金,流動性の代理指標,True,業種,輸送用機器,10d,10営業日,2,11,9,-0.06215901595010977,-0.1002020202020201,0.2222222222222222,サンプル不足,0.04763683910036001
v7,avg_turnover_20d,20日平均売買代金,流動性の代理指標,True,業種,輸送用機器,10d,10営業日,3,26,14,-0.02042218051072664,-0.03426874849315237,0.35714285714285715,サンプル不足,0.04763683910036001
v7,avg_turnover_20d,20日平均売買代金,流動性の代理指標,True,業種,輸送用機器,10d,10営業日,4,42,31,0.049604779168976265,0.009332023575638448,0.5483870967741935,評価可能,0.04763683910036001
v7,avg_turnover_20d,20日平均売買代金,流動性の代理指標,True,業種,輸送用機器,10d,10営業日,5,28,12,0.027937311233065337,0.02392089922380758,0.8333333333333334,サンプル不足,0.04763683910036001
v7,avg_turnover_20d,20日平均売買代金,流動性の代理指標,True,業種,輸送用機器,1d,1営業日,1,19,18,0.0056021306987398215,0.005618742101681671,0.5555555555555556,サンプル不足,-0.004427169244182768
v7,avg_turnover_20d,20日平均売買代金,流動性の代理指標,True,業種,輸送用機器,1d,1営業日,2,11,11,0.003133105322075698,0.009892086330935301,0.5454545454545454,サンプル不足,-0.004427169244182768
v7,avg_turnover_20d,20日平均売買代金,流動性の代理指標,True,業種,輸送用機器,1d,1営業日,3,26,26,-0.004453316823599158,-0.005897022169933375,0.38461538461538464,サンプル不足,-0.004427169244182768
v7,avg_turnover_20d,20日平均売買代金,流動性の代理指標,True,業種,輸送用機器,1d,1営業日,4,42,42,0.005282589803387179,-0.0044187068559272125,0.40476190476190477,評価可能,-0.004427169244182768
v7,avg_turnover_20d,20日平均売買代金,流動性の代理指標,True,業種,輸送用機器,1d,1営業日,5,28,26,0.0011749614545570543,0.0007641822404328424,0.5384615384615384,サンプル不足,-0.004427169244182768
v7,avg_turnover_20d,20日平均売買代金,流動性の代理指標,True,業種,輸送用機器,3d,3営業日,1,19,17,-0.007233427980078046,-0.0079331941544885,0.47058823529411764,サンプル不足,0.006676174736076631
v7,avg_turnover_20d,20日平均売買代金,流動性の代理指標,True,業種,輸送用機器,3d,3営業日,2,11,11,-0.025045870496482877,-0.0209643605870021,0.45454545454545453,サンプル不足,0.006676174736076631
v7,avg_turnover_20d,20日平均売買代金,流動性の代理指標,True,業種,輸送用機器,3d,3営業日,3,26,26,-0.011048292397859342,-0.013351663816060066,0.2692307692307692,サンプル不足,0.006676174736076631
v7,avg_turnover_20d,20日平均売買代金,流動性の代理指標,True,業種,輸送用機器,3d,3営業日,4,42,42,0.003632968344286574,0.0016956288128858743,0.5,評価可能,0.006676174736076631
v7,avg_turnover_20d,20日平均売買代金,流動性の代理指標,True,業種,輸送用機器,3d,3営業日,5,28,22,-0.0005572532440014151,0.007417120366857821,0.5909090909090909,サンプル不足,0.006676174736076631
v7,avg_turnover_20d,20日平均売買代金,流動性の代理指標,True,業種,輸送用機器,5d,5営業日,1,19,15,-0.014468822273580262,-0.0125260960334029,0.2,サンプル不足,0.01990528266461005
v7,avg_turnover_20d,20日平均売買代金,流動性の代理指標,True,業種,輸送用機器,5d,5営業日,2,11,9,-0.052356729289044675,-0.1048218029350105,0.2222222222222222,サンプル不足,0.01990528266461005
v7,avg_turnover_20d,20日平均売買代金,流動性の代理指標,True,業種,輸送用機器,5d,5営業日,3,26,25,0.009628643678044252,-0.006799830004249885,0.48,サンプル不足,0.01990528266461005
v7,avg_turnover_20d,20日平均売買代金,流動性の代理指標,True,業種,輸送用機器,5d,5営業日,4,42,40,0.00860085762374371,0.005633247365062655,0.525,評価可能,0.01990528266461005
v7,avg_turnover_20d,20日平均売買代金,流動性の代理指標,True,業種,輸送用機器,5d,5営業日,5,28,20,0.005436460391029791,-0.009479925023041957,0.45,サンプル不足,0.01990528266461005
v7,avg_turnover_20d,20日平均売買代金,流動性の代理指標,True,業種,金属製品,10d,10営業日,1,35,29,-0.014542869691988914,-0.0107991360691144,0.3793103448275862,サンプル不足,-0.048239784838041144
v7,avg_turnover_20d,20日平均売買代金,流動性の代理指標,True,業種,金属製品,10d,10営業日,2,26,22,-0.13060094154884191,-0.10205522565586135,0.045454545454545456,サンプル不足,-0.048239784838041144
v7,avg_turnover_20d,20日平均売買代金,流動性の代理指標,True,業種,金属製品,10d,10営業日,3,13,11,-0.14722972899996908,-0.1555783009211873,0.18181818181818182,サンプル不足,-0.048239784838041144
v7,avg_turnover_20d,20日平均売買代金,流動性の代理指標,True,業種,金属製品,10d,10営業日,4,1,1,0.22828227343972363,0.22828227343972363,1.0,サンプル不足,-0.048239784838041144
v7,avg_turnover_20d,20日平均売買代金,流動性の代理指標,True,業種,金属製品,10d,10営業日,5,19,19,-0.06278265453003005,-0.16929221211448853,0.47368421052631576,サンプル不足,-0.048239784838041144
v7,avg_turnover_20d,20日平均売買代金,流動性の代理指標,True,業種,金属製品,1d,1営業日,1,35,34,0.015149493144079448,0.0007947256410638499,0.5294117647058824,評価可能,-0.014565200473291493
v7,avg_turnover_20d,20日平均売買代金,流動性の代理指標,True,業種,金属製品,1d,1営業日,2,26,26,-0.012267462248402122,-0.02125131481553627,0.34615384615384615,サンプル不足,-0.014565200473291493
v7,avg_turnover_20d,20日平均売買代金,流動性の代理指標,True,業種,金属製品,1d,1営業日,3,13,12,0.011678859126484342,0.015500235440273206,0.5833333333333334,サンプル不足,-0.014565200473291493
v7,avg_turnover_20d,20日平均売買代金,流動性の代理指標,True,業種,金属製品,1d,1営業日,4,1,1,-0.09263200527582693,-0.09263200527582693,0.0,サンプル不足,-0.014565200473291493
v7,avg_turnover_20d,20日平均売買代金,流動性の代理指標,True,業種,金属製品,1d,1営業日,5,19,19,0.0005842926707879553,-0.007757406662137756,0.47368421052631576,サンプル不足,-0.014565200473291493
v7,avg_turnover_20d,20日平均売買代金,流動性の代理指標,True,業種,金属製品,3d,3営業日,1,35,32,0.013159772079062052,-0.01470999473614943,0.375,評価可能,-0.020180278806474005
v7,avg_turnover_20d,20日平均売買代金,流動性の代理指標,True,業種,金属製品,3d,3営業日,2,26,24,-0.005094091634990462,-0.009724692599180209,0.4166666666666667,サンプル不足,-0.020180278806474005
v7,avg_turnover_20d,20日平均売買代金,流動性の代理指標,True,業種,金属製品,3d,3営業日,3,13,12,-0.01806233820459079,-0.02412897897833538,0.25,サンプル不足,-0.020180278806474005
v7,avg_turnover_20d,20日平均売買代金,流動性の代理指標,True,業種,金属製品,3d,3営業日,4,1,1,-0.10116080253621973,-0.10116080253621973,0.0,サンプル不足,-0.020180278806474005
v7,avg_turnover_20d,20日平均売買代金,流動性の代理指標,True,業種,金属製品,3d,3営業日,5,19,19,-0.007020506727411952,-0.0031332062598680155,0.42105263157894735,サンプル不足,-0.020180278806474005
v7,avg_turnover_20d,20日平均売買代金,流動性の代理指標,True,業種,金属製品,5d,5営業日,1,35,32,0.013916301801413698,-0.0032905213340675,0.46875,評価可能,-0.02430765982534633
v7,avg_turnover_20d,20日平均売買代金,流動性の代理指標,True,業種,金属製品,5d,5営業日,2,26,22,-0.054847102477798886,-0.06458849410285795,0.18181818181818182,サンプル不足,-0.02430765982534633
v7,avg_turnover_20d,20日平均売買代金,流動性の代理指標,True,業種,金属製品,5d,5営業日,3,13,12,-0.07825680122441413,-0.06539022202287506,0.3333333333333333,サンプル不足,-0.02430765982534633
v7,avg_turnover_20d,20日平均売買代金,流動性の代理指標,True,業種,金属製品,5d,5営業日,4,1,1,-0.08811145856989,-0.08811145856989,0.0,サンプル不足,-0.02430765982534633
v7,avg_turnover_20d,20日平均売買代金,流動性の代理指標,True,業種,金属製品,5d,5営業日,5,19,19,-0.010391358023932628,-0.007209962857767094,0.47368421052631576,サンプル不足,-0.02430765982534633
v7,avg_turnover_20d,20日平均売買代金,流動性の代理指標,True,業種,鉄鋼,10d,10営業日,1,13,7,-0.019525318597469626,0.0,0.2857142857142857,サンプル不足,0.12372934881175916
v7,avg_turnover_20d,20日平均売買代金,流動性の代理指標,True,業種,鉄鋼,10d,10営業日,2,2,2,0.02318041725936455,0.02318041725936455,1.0,サンプル不足,0.12372934881175916
v7,avg_turnover_20d,20日平均売買代金,流動性の代理指標,True,業種,鉄鋼,10d,10営業日,3,11,5,-0.0040098446295617875,-0.0064766839378238,0.4,サンプル不足,0.12372934881175916
v7,avg_turnover_20d,20日平均売買代金,流動性の代理指標,True,業種,鉄鋼,10d,10営業日,4,7,2,0.07229852784944601,0.07229852784944601,1.0,サンプル不足,0.12372934881175916
v7,avg_turnover_20d,20日平均売買代金,流動性の代理指標,True,業種,鉄鋼,10d,10営業日,5,14,4,0.10420403021428953,0.10348904540316117,1.0,サンプル不足,0.12372934881175916
v7,avg_turnover_20d,20日平均売買代金,流動性の代理指標,True,業種,鉄鋼,1d,1営業日,1,13,13,0.003733916555001999,0.0144329896907215,0.5384615384615384,サンプル不足,0.006231896366218393
v7,avg_turnover_20d,20日平均売買代金,流動性の代理指標,True,業種,鉄鋼,1d,1営業日,2,2,2,0.04663742690058481,0.04663742690058481,0.5,サンプル不足,0.006231896366218393
v7,avg_turnover_20d,20日平均売買代金,流動性の代理指標,True,業種,鉄鋼,1d,1営業日,3,11,10,0.007379097386636424,-0.005868544600938941,0.4,サンプル不足,0.006231896366218393
v7,avg_turnover_20d,20日平均売買代金,流動性の代理指標,True,業種,鉄鋼,1d,1営業日,4,7,7,0.010774396839567348,0.010878433505575158,0.7142857142857143,サンプル不足,0.006231896366218393
v7,avg_turnover_20d,20日平均売買代金,流動性の代理指標,True,業種,鉄鋼,1d,1営業日,5,14,13,0.009965812921220393,0.014972090825696727,0.6153846153846154,サンプル不足,0.006231896366218393
v7,avg_turnover_20d,20日平均売買代金,流動性の代理指標,True,業種,鉄鋼,3d,3営業日,1,13,12,-0.016040893021780234,-0.00056116722783385,0.4166666666666667,サンプル不足,0.049103717583777726
v7,avg_turnover_20d,20日平均売買代金,流動性の代理指標,True,業種,鉄鋼,3d,3営業日,2,2,2,0.048684210526315774,0.048684210526315774,0.5,サンプル不足,0.049103717583777726
v7,avg_turnover_20d,20日平均売買代金,流動性の代理指標,True,業種,鉄鋼,3d,3営業日,3,11,7,0.007935745658088354,0.011554332874827988,0.7142857142857143,サンプル不足,0.049103717583777726
v7,avg_turnover_20d,20日平均売買代金,流動性の代理指標,True,業種,鉄鋼,3d,3営業日,4,7,5,0.029966614539884383,0.033813747228381485,1.0,サンプル不足,0.049103717583777726
v7,avg_turnover_20d,20日平均売買代金,流動性の代理指標,True,業種,鉄鋼,3d,3営業日,5,14,11,0.03306282456199749,0.034482797499888695,0.7272727272727273,サンプル不足,0.049103717583777726
v7,avg_turnover_20d,20日平均売買代金,流動性の代理指標,True,業種,鉄鋼,5d,5営業日,1,13,9,-0.012842840051071601,-0.0011223344556677,0.3333333333333333,サンプル不足,0.058259881192395224
v7,avg_turnover_20d,20日平均売買代金,流動性の代理指標,True,業種,鉄鋼,5d,5営業日,2,2,2,0.06691559981033667,0.06691559981033667,1.0,サンプル不足,0.058259881192395224
v7,avg_turnover_20d,20日平均売買代金,流動性の代理指標,True,業種,鉄鋼,5d,5営業日,3,11,7,0.03866594825471419,0.026409903713892735,0.5714285714285714,サンプル不足,0.058259881192395224
v7,avg_turnover_20d,20日平均売買代金,流動性の代理指標,True,業種,鉄鋼,5d,5営業日,4,7,3,0.04005634946526374,0.002506963788300842,0.6666666666666666,サンプル不足,0.058259881192395224
v7,avg_turnover_20d,20日平均売買代金,流動性の代理指標,True,業種,鉄鋼,5d,5営業日,5,14,9,0.045417041141323625,0.0530068890869857,0.7777777777777778,サンプル不足,0.058259881192395224
v7,avg_turnover_20d,20日平均売買代金,流動性の代理指標,True,業種,鉱業,10d,10営業日,2,1,0,,,,サンプル不足,0.0
v7,avg_turnover_20d,20日平均売買代金,流動性の代理指標,True,業種,鉱業,10d,10営業日,4,1,1,-0.0696623238500399,-0.0696623238500399,0.0,サンプル不足,0.0
v7,avg_turnover_20d,20日平均売買代金,流動性の代理指標,True,業種,鉱業,1d,1営業日,2,1,1,0.034710743801652955,0.034710743801652955,1.0,サンプル不足,-0.06369239761712753
v7,avg_turnover_20d,20日平均売買代金,流動性の代理指標,True,業種,鉱業,1d,1営業日,4,1,1,-0.028981653815474573,-0.028981653815474573,0.0,サンプル不足,-0.06369239761712753
v7,avg_turnover_20d,20日平均売買代金,流動性の代理指標,True,業種,鉱業,3d,3営業日,2,1,1,0.1338842975206611,0.1338842975206611,1.0,サンプル不足,-0.17243787369720986
v7,avg_turnover_20d,20日平均売買代金,流動性の代理指標,True,業種,鉱業,3d,3営業日,4,1,1,-0.038553576176548754,-0.038553576176548754,0.0,サンプル不足,-0.17243787369720986
v7,avg_turnover_20d,20日平均売買代金,流動性の代理指標,True,業種,鉱業,5d,5営業日,2,1,1,0.04958677685950419,0.04958677685950419,1.0,サンプル不足,-0.08521559898128028
v7,avg_turnover_20d,20日平均売買代金,流動性の代理指標,True,業種,鉱業,5d,5営業日,4,1,1,-0.035628822121776094,-0.035628822121776094,0.0,サンプル不足,-0.08521559898128028
v7,avg_turnover_20d,20日平均売買代金,流動性の代理指標,True,業種,銀行業,10d,10営業日,1,2,2,0.06424142031940193,0.06424142031940193,1.0,サンプル不足,-0.054211362375178346
v7,avg_turnover_20d,20日平均売買代金,流動性の代理指標,True,業種,銀行業,10d,10営業日,2,40,36,0.02855148945737782,0.021669450409607882,0.6944444444444444,評価可能,-0.054211362375178346
v7,avg_turnover_20d,20日平均売買代金,流動性の代理指標,True,業種,銀行業,10d,10営業日,3,67,50,0.026329399881608238,0.018674151351642965,0.66,評価可能,-0.054211362375178346
v7,avg_turnover_20d,20日平均売買代金,流動性の代理指標,True,業種,銀行業,10d,10営業日,4,46,39,0.007748590859208802,0.02254098360655732,0.6666666666666666,評価可能,-0.054211362375178346
v7,avg_turnover_20d,20日平均売買代金,流動性の代理指標,True,業種,銀行業,10d,10営業日,5,118,101,0.010030057944223581,0.009889862890537282,0.5247524752475248,評価可能,-0.054211362375178346
v7,avg_turnover_20d,20日平均売買代金,流動性の代理指標,True,業種,銀行業,1d,1営業日,1,2,2,-0.0003887974071459712,-0.0003887974071459712,0.5,サンプル不足,-0.00020374416409771594
v7,avg_turnover_20d,20日平均売買代金,流動性の代理指標,True,業種,銀行業,1d,1営業日,2,40,40,0.012104027744634965,0.017338043962112137,0.725,評価可能,-0.00020374416409771594
v7,avg_turnover_20d,20日平均売買代金,流動性の代理指標,True,業種,銀行業,1d,1営業日,3,67,67,-0.0004735623300829133,0.0,0.47761194029850745,評価可能,-0.00020374416409771594
v7,avg_turnover_20d,20日平均売買代金,流動性の代理指標,True,業種,銀行業,1d,1営業日,4,46,45,0.0001398132147490763,0.0011893434823977422,0.5333333333333333,評価可能,-0.00020374416409771594
v7,avg_turnover_20d,20日平均売買代金,流動性の代理指標,True,業種,銀行業,1d,1営業日,5,118,118,-0.0005925415712436871,0.002985137979668151,0.5677966101694916,評価可能,-0.00020374416409771594
v7,avg_turnover_20d,20日平均売買代金,流動性の代理指標,True,業種,銀行業,3d,3営業日,1,2,2,0.00037899579183986627,0.00037899579183986627,0.5,サンプル不足,-0.0017497547396387399
v7,avg_turnover_20d,20日平均売買代金,流動性の代理指標,True,業種,銀行業,3d,3営業日,2,40,39,0.013360893286572084,0.01675041876046901,0.6410256410256411,評価可能,-0.0017497547396387399
v7,avg_turnover_20d,20日平均売買代金,流動性の代理指標,True,業種,銀行業,3d,3営業日,3,67,57,0.010575791240355173,0.014758819294456549,0.5964912280701754,評価可能,-0.0017497547396387399
v7,avg_turnover_20d,20日平均売買代金,流動性の代理指標,True,業種,銀行業,3d,3営業日,4,46,41,0.0023801917468339448,0.002326073165574094,0.5365853658536586,評価可能,-0.0017497547396387399
v7,avg_turnover_20d,20日平均売買代金,流動性の代理指標,True,業種,銀行業,3d,3営業日,5,118,116,-0.0013707589477988736,0.0012061090163850707,0.5258620689655172,評価可能,-0.0017497547396387399
v7,avg_turnover_20d,20日平均売買代金,流動性の代理指標,True,業種,銀行業,5d,5営業日,1,2,2,0.025859928382864168,0.025859928382864168,0.5,サンプル不足,-0.02462257520672249
v7,avg_turnover_20d,20日平均売買代金,流動性の代理指標,True,業種,銀行業,5d,5営業日,2,40,39,0.01754510008669404,0.02645502645502651,0.6666666666666666,評価可能,-0.02462257520672249
v7,avg_turnover_20d,20日平均売買代金,流動性の代理指標,True,業種,銀行業,5d,5営業日,3,67,55,0.015662509769282323,0.019464634509322565,0.6727272727272727,評価可能,-0.02462257520672249
v7,avg_turnover_20d,20日平均売買代金,流動性の代理指標,True,業種,銀行業,5d,5営業日,4,46,41,0.00419077378526965,-0.000907166616268551,0.4878048780487805,評価可能,-0.02462257520672249
v7,avg_turnover_20d,20日平均売買代金,流動性の代理指標,True,業種,銀行業,5d,5営業日,5,118,113,0.0012373531761416786,0.009117896522476743,0.5486725663716814,評価可能,-0.02462257520672249
v7,avg_turnover_20d,20日平均売買代金,流動性の代理指標,True,業種,陸運業,10d,10営業日,1,9,5,0.07483178706650095,0.0162224797219003,0.6,サンプル不足,-0.05700936568942655
v7,avg_turnover_20d,20日平均売買代金,流動性の代理指標,True,業種,陸運業,10d,10営業日,2,4,3,-0.09766118183086336,-0.13399464651236026,0.3333333333333333,サンプル不足,-0.05700936568942655
v7,avg_turnover_20d,20日平均売買代金,流動性の代理指標,True,業種,陸運業,10d,10営業日,3,8,6,-0.014125566120197275,-0.00506491749350968,0.5,サンプル不足,-0.05700936568942655
v7,avg_turnover_20d,20日平均売買代金,流動性の代理指標,True,業種,陸運業,10d,10営業日,4,8,6,0.017822421377074404,0.05618706859954814,0.6666666666666666,サンプル不足,-0.05700936568942655
v7,avg_turnover_20d,20日平均売買代金,流動性の代理指標,True,業種,陸運業,1d,1営業日,1,9,8,0.005213293947509034,-0.00207550474367571,0.375,サンプル不足,0.0039012818318479876
v7,avg_turnover_20d,20日平均売買代金,流動性の代理指標,True,業種,陸運業,1d,1営業日,2,4,4,-0.017833008994903282,-0.014878398562532424,0.5,サンプル不足,0.0039012818318479876
v7,avg_turnover_20d,20日平均売買代金,流動性の代理指標,True,業種,陸運業,1d,1営業日,3,8,7,0.004584923813451848,0.005464480874316946,0.7142857142857143,サンプル不足,0.0039012818318479876
v7,avg_turnover_20d,20日平均売買代金,流動性の代理指標,True,業種,陸運業,1d,1営業日,4,8,7,0.009114575779357021,0.00979068197164068,0.5714285714285714,サンプル不足,0.0039012818318479876
v7,avg_turnover_20d,20日平均売買代金,流動性の代理指標,True,業種,陸運業,3d,3営業日,1,9,7,3.9056285628347966e-05,0.0069524913093859,0.5714285714285714,サンプル不足,0.0009831703776727002
v7,avg_turnover_20d,20日平均売買代金,流動性の代理指標,True,業種,陸運業,3d,3営業日,2,4,4,-0.07162479711774841,-0.07302674909339646,0.0,サンプル不足,0.0009831703776727002
v7,avg_turnover_20d,20日平均売買代金,流動性の代理指標,True,業種,陸運業,3d,3営業日,3,8,7,-0.004967182762278572,-0.00452830188679243,0.42857142857142855,サンプル不足,0.0009831703776727002
v7,avg_turnover_20d,20日平均売買代金,流動性の代理指標,True,業種,陸運業,3d,3営業日,4,8,7,0.0010222266633010482,0.0015045135406217547,0.5714285714285714,サンプル不足,0.0009831703776727002
v7,avg_turnover_20d,20日平均売買代金,流動性の代理指標,True,業種,陸運業,5d,5営業日,1,9,7,0.030965653571666307,0.0069524913093859,0.7142857142857143,サンプル不足,-0.05084850358567723
v7,avg_turnover_20d,20日平均売買代金,流動性の代理指標,True,業種,陸運業,5d,5営業日,2,4,4,-0.07535262455787298,-0.08498779005782386,0.25,サンプル不足,-0.05084850358567723
v7,avg_turnover_20d,20日平均売買代金,流動性の代理指標,True,業種,陸運業,5d,5営業日,3,8,7,-0.011700581933433627,-0.008301886792452806,0.42857142857142855,サンプル不足,-0.05084850358567723
v7,avg_turnover_20d,20日平均売買代金,流動性の代理指標,True,業種,陸運業,5d,5営業日,4,8,7,-0.01988285001401093,-0.01738548980274157,0.42857142857142855,サンプル不足,-0.05084850358567723
v7,avg_turnover_20d,20日平均売買代金,流動性の代理指標,True,業種,電気・ガス業,10d,10営業日,1,2,2,-0.020103526734926002,-0.020103526734926002,0.0,サンプル不足,-0.10586546551313601
v7,avg_turnover_20d,20日平均売買代金,流動性の代理指標,True,業種,電気・ガス業,10d,10営業日,2,3,1,-0.061111111111111116,-0.061111111111111116,0.0,サンプル不足,-0.10586546551313601
v7,avg_turnover_20d,20日平均売買代金,流動性の代理指標,True,業種,電気・ガス業,10d,10営業日,3,2,1,0.11421188630490953,0.11421188630490953,1.0,サンプル不足,-0.10586546551313601
v7,avg_turnover_20d,20日平均売買代金,流動性の代理指標,True,業種,電気・ガス業,10d,10営業日,4,13,11,-0.014072407292061606,-0.01928104575163403,0.2727272727272727,サンプル不足,-0.10586546551313601
v7,avg_turnover_20d,20日平均売買代金,流動性の代理指標,True,業種,電気・ガス業,10d,10営業日,5,1,1,-0.12596899224806202,-0.12596899224806202,0.0,サンプル不足,-0.10586546551313601
v7,avg_turnover_20d,20日平均売買代金,流動性の代理指標,True,業種,電気・ガス業,1d,1営業日,1,2,2,-0.0096587030716724,-0.0096587030716724,0.5,サンプル不足,-0.014243105713857321
v7,avg_turnover_20d,20日平均売買代金,流動性の代理指標,True,業種,電気・ガス業,1d,1営業日,2,3,3,0.009524516912294464,0.0012722646310432406,0.6666666666666666,サンプル不足,-0.014243105713857321
v7,avg_turnover_20d,20日平均売買代金,流動性の代理指標,True,業種,電気・ガス業,1d,1営業日,3,2,2,-0.005637452168142154,-0.005637452168142154,0.5,サンプル不足,-0.014243105713857321
v7,avg_turnover_20d,20日平均売買代金,流動性の代理指標,True,業種,電気・ガス業,1d,1営業日,4,13,13,-4.519923711159963e-05,0.005256241787122251,0.5384615384615384,サンプル不足,-0.014243105713857321
v7,avg_turnover_20d,20日平均売買代金,流動性の代理指標,True,業種,電気・ガス業,1d,1営業日,5,1,1,-0.02390180878552972,-0.02390180878552972,0.0,サンプル不足,-0.014243105713857321
v7,avg_turnover_20d,20日平均売買代金,流動性の代理指標,True,業種,電気・ガス業,3d,3営業日,1,2,2,0.00103981797497165,0.00103981797497165,0.5,サンプル不足,-0.047712944589958776
v7,avg_turnover_20d,20日平均売買代金,流動性の代理指標,True,業種,電気・ガス業,3d,3営業日,2,3,3,-0.00455465909584718,0.006361323155216203,0.6666666666666666,サンプル不足,-0.047712944589958776
v7,avg_turnover_20d,20日平均売買代金,流動性の代理指標,True,業種,電気・ガス業,3d,3営業日,3,2,2,0.003048530803010374,0.003048530803010374,0.5,サンプル不足,-0.047712944589958776
v7,avg_turnover_20d,20日平均売買代金,流動性の代理指標,True,業種,電気・ガス業,3d,3営業日,4,13,13,0.0071827641814885546,0.016383112791430454,0.6923076923076923,サンプル不足,-0.047712944589958776
v7,avg_turnover_20d,20日平均売買代金,流動性の代理指標,True,業種,電気・ガス業,3d,3営業日,5,1,1,-0.046673126614987126,-0.046673126614987126,0.0,サンプル不足,-0.047712944589958776
v7,avg_turnover_20d,20日平均売買代金,流動性の代理指標,True,業種,電気・ガス業,5d,5営業日,1,2,2,0.0032627986348122504,0.0032627986348122504,0.5,サンプル不足,-0.04896693300173736
v7,avg_turnover_20d,20日平均売買代金,流動性の代理指標,True,業種,電気・ガス業,5d,5営業日,2,3,3,0.0013539545890314253,0.014231499051233332,0.6666666666666666,サンプル不足,-0.04896693300173736
v7,avg_turnover_20d,20日平均売買代金,流動性の代理指標,True,業種,電気・ガス業,5d,5営業日,3,2,2,0.014381327572330294,0.014381327572330294,0.5,サンプル不足,-0.04896693300173736
v7,avg_turnover_20d,20日平均売買代金,流動性の代理指標,True,業種,電気・ガス業,5d,5営業日,4,13,13,0.0087106514025043,0.023378333882120517,0.6923076923076923,サンプル不足,-0.04896693300173736
v7,avg_turnover_20d,20日平均売買代金,流動性の代理指標,True,業種,電気・ガス業,5d,5営業日,5,1,1,-0.04570413436692511,-0.04570413436692511,0.0,サンプル不足,-0.04896693300173736
v7,avg_turnover_20d,20日平均売買代金,流動性の代理指標,True,業種,電気機器,10d,10営業日,1,28,25,-0.06274958600672104,-0.0805597579425113,0.2,サンプル不足,-0.05310599142171307
v7,avg_turnover_20d,20日平均売買代金,流動性の代理指標,True,業種,電気機器,10d,10営業日,2,58,46,-0.05337165186421572,-0.05316269491026776,0.21739130434782608,評価可能,-0.05310599142171307
v7,avg_turnover_20d,20日平均売買代金,流動性の代理指標,True,業種,電気機器,10d,10営業日,3,81,65,-0.07537105344226325,-0.09079118028534372,0.16923076923076924,評価可能,-0.05310599142171307
v7,avg_turnover_20d,20日平均売買代金,流動性の代理指標,True,業種,電気機器,10d,10営業日,4,101,84,-0.07378803257939583,-0.05249337377860608,0.2261904761904762,評価可能,-0.05310599142171307
v7,avg_turnover_20d,20日平均売買代金,流動性の代理指標,True,業種,電気機器,10d,10営業日,5,256,211,-0.11585557742843411,-0.10704225352112673,0.1848341232227488,評価可能,-0.05310599142171307
v7,avg_turnover_20d,20日平均売買代金,流動性の代理指標,True,業種,電気機器,1d,1営業日,1,28,27,-0.003929675247978893,-0.020746887966805017,0.37037037037037035,サンプル不足,-0.003569819148850078
v7,avg_turnover_20d,20日平均売買代金,流動性の代理指標,True,業種,電気機器,1d,1営業日,2,58,58,0.0003287145178737516,-0.005759485644020235,0.46551724137931033,評価可能,-0.003569819148850078
v7,avg_turnover_20d,20日平均売買代金,流動性の代理指標,True,業種,電気機器,1d,1営業日,3,81,78,-0.005022868780577034,-0.014254436322912734,0.41025641025641024,評価可能,-0.003569819148850078
v7,avg_turnover_20d,20日平均売買代金,流動性の代理指標,True,業種,電気機器,1d,1営業日,4,101,100,-0.017826623347950894,-0.022259110379981184,0.31,評価可能,-0.003569819148850078
v7,avg_turnover_20d,20日平均売買代金,流動性の代理指標,True,業種,電気機器,1d,1営業日,5,256,252,-0.007499494396828971,-0.004277404241168958,0.44841269841269843,評価可能,-0.003569819148850078
v7,avg_turnover_20d,20日平均売買代金,流動性の代理指標,True,業種,電気機器,3d,3営業日,1,28,26,-0.027042331166999504,-0.0388298950783111,0.23076923076923078,サンプル不足,0.0018517514873799164
v7,avg_turnover_20d,20日平均売買代金,流動性の代理指標,True,業種,電気機器,3d,3営業日,2,58,53,-0.010008865373437726,-0.015,0.4339622641509434,評価可能,0.0018517514873799164
v7,avg_turnover_20d,20日平均売買代金,流動性の代理指標,True,業種,電気機器,3d,3営業日,3,81,76,-0.03572471340877959,-0.041898990663775115,0.3026315789473684,評価可能,0.0018517514873799164
v7,avg_turnover_20d,20日平均売買代金,流動性の代理指標,True,業種,電気機器,3d,3営業日,4,101,96,-0.029607698546709128,-0.03097385366215738,0.2916666666666667,評価可能,0.0018517514873799164
v7,avg_turnover_20d,20日平均売買代金,流動性の代理指標,True,業種,電気機器,3d,3営業日,5,256,244,-0.025190579679619587,-0.021800372389602918,0.36885245901639346,評価可能,0.0018517514873799164
v7,avg_turnover_20d,20日平均売買代金,流動性の代理指標,True,業種,電気機器,5d,5営業日,1,28,26,-0.034535253214142796,-0.05643312786769265,0.34615384615384615,サンプル不足,-0.010192642546903934
v7,avg_turnover_20d,20日平均売買代金,流動性の代理指標,True,業種,電気機器,5d,5営業日,2,58,51,-0.02754900430081169,-0.0463494667760459,0.3137254901960784,評価可能,-0.010192642546903934
v7,avg_turnover_20d,20日平均売買代金,流動性の代理指標,True,業種,電気機器,5d,5営業日,3,81,69,-0.05102385532443403,-0.06279829188646069,0.21739130434782608,評価可能,-0.010192642546903934
v7,avg_turnover_20d,20日平均売買代金,流動性の代理指標,True,業種,電気機器,5d,5営業日,4,101,90,-0.039156949248109967,-0.03142326745460211,0.23333333333333334,評価可能,-0.010192642546903934
v7,avg_turnover_20d,20日平均売買代金,流動性の代理指標,True,業種,電気機器,5d,5営業日,5,256,230,-0.04472789576104673,-0.03541917729552385,0.3130434782608696,評価可能,-0.010192642546903934
v7,avg_turnover_20d,20日平均売買代金,流動性の代理指標,True,業種,非鉄金属,10d,10営業日,1,1,1,-0.047101449275362306,-0.047101449275362306,0.0,サンプル不足,-0.1395108879631939
v7,avg_turnover_20d,20日平均売買代金,流動性の代理指標,True,業種,非鉄金属,10d,10営業日,2,2,0,,,,サンプル不足,-0.1395108879631939
v7,avg_turnover_20d,20日平均売買代金,流動性の代理指標,True,業種,非鉄金属,10d,10営業日,3,2,1,-0.15953835709436526,-0.15953835709436526,0.0,サンプル不足,-0.1395108879631939
v7,avg_turnover_20d,20日平均売買代金,流動性の代理指標,True,業種,非鉄金属,10d,10営業日,5,29,27,-0.18661233723855622,-0.2054824088063889,0.0,サンプル不足,-0.1395108879631939
v7,avg_turnover_20d,20日平均売買代金,流動性の代理指標,True,業種,非鉄金属,1d,1営業日,1,1,1,0.018115942028985588,0.018115942028985588,1.0,サンプル不足,-0.027622672155068723
v7,avg_turnover_20d,20日平均売買代金,流動性の代理指標,True,業種,非鉄金属,1d,1営業日,2,2,2,0.01235760777059014,0.01235760777059014,1.0,サンプル不足,-0.027622672155068723
v7,avg_turnover_20d,20日平均売買代金,流動性の代理指標,True,業種,非鉄金属,1d,1営業日,3,2,2,-0.018739392396469767,-0.018739392396469767,0.0,サンプル不足,-0.027622672155068723
v7,avg_turnover_20d,20日平均売買代金,流動性の代理指標,True,業種,非鉄金属,1d,1営業日,5,29,28,-0.009506730126083135,-0.01901282850060737,0.35714285714285715,サンプル不足,-0.027622672155068723
v7,avg_turnover_20d,20日平均売買代金,流動性の代理指標,True,業種,非鉄金属,3d,3営業日,1,1,1,0.0036231884057971175,0.0036231884057971175,1.0,サンプル不足,-0.0661715362571271
v7,avg_turnover_20d,20日平均売買代金,流動性の代理指標,True,業種,非鉄金属,3d,3営業日,2,2,2,0.08542135314072008,0.08542135314072008,1.0,サンプル不足,-0.0661715362571271
v7,avg_turnover_20d,20日平均売買代金,流動性の代理指標,True,業種,非鉄金属,3d,3営業日,3,2,2,-0.07592699847250511,-0.07592699847250511,0.0,サンプル不足,-0.0661715362571271
v7,avg_turnover_20d,20日平均売買代金,流動性の代理指標,True,業種,非鉄金属,3d,3営業日,5,29,28,-0.06254834785132998,-0.07226346919865634,0.10714285714285714,サンプル不足,-0.0661715362571271
v7,avg_turnover_20d,20日平均売買代金,流動性の代理指標,True,業種,非鉄金属,5d,5営業日,1,1,1,-0.019927536231884035,-0.019927536231884035,0.0,サンプル不足,-0.07580590921358107
v7,avg_turnover_20d,20日平均売買代金,流動性の代理指標,True,業種,非鉄金属,5d,5営業日,2,2,1,0.05782792665726366,0.05782792665726366,1.0,サンプル不足,-0.07580590921358107
v7,avg_turnover_20d,20日平均売買代金,流動性の代理指標,True,業種,非鉄金属,5d,5営業日,3,2,1,-0.08825526137135098,-0.08825526137135098,0.0,サンプル不足,-0.07580590921358107
v7,avg_turnover_20d,20日平均売買代金,流動性の代理指標,True,業種,非鉄金属,5d,5営業日,5,29,27,-0.09573344544546511,-0.09022939677145281,0.07407407407407407,サンプル不足,-0.07580590921358107
v7,avg_turnover_20d,20日平均売買代金,流動性の代理指標,True,業種,食料品,10d,10営業日,1,19,14,0.003870105905641107,0.019238019136599248,0.5714285714285714,サンプル不足,-0.023099916046435236
v7,avg_turnover_20d,20日平均売買代金,流動性の代理指標,True,業種,食料品,10d,10営業日,2,12,9,-0.005704290873738462,-0.0245098039215686,0.3333333333333333,サンプル不足,-0.023099916046435236
v7,avg_turnover_20d,20日平均売買代金,流動性の代理指標,True,業種,食料品,10d,10営業日,3,28,23,0.008344654721050788,-0.006911447084233302,0.43478260869565216,サンプル不足,-0.023099916046435236
v7,avg_turnover_20d,20日平均売買代金,流動性の代理指標,True,業種,食料品,10d,10営業日,4,37,26,0.021454714996246054,0.02074351452182588,0.6923076923076923,サンプル不足,-0.023099916046435236
v7,avg_turnover_20d,20日平均売買代金,流動性の代理指標,True,業種,食料品,10d,10営業日,5,27,18,-0.01922981014079413,-0.03984984097251992,0.5,サンプル不足,-0.023099916046435236
v7,avg_turnover_20d,20日平均売買代金,流動性の代理指標,True,業種,食料品,1d,1営業日,1,19,19,-0.005532725304984129,-0.0015584415584415,0.3684210526315789,サンプル不足,0.007358335842750561
v7,avg_turnover_20d,20日平均売買代金,流動性の代理指標,True,業種,食料品,1d,1営業日,2,12,12,0.005302074949955121,0.005716463892880259,0.5833333333333334,サンプル不足,0.007358335842750561
v7,avg_turnover_20d,20日平均売買代金,流動性の代理指標,True,業種,食料品,1d,1営業日,3,28,27,-0.0028074557207406706,-0.0009216589861751334,0.4074074074074074,サンプル不足,0.007358335842750561
v7,avg_turnover_20d,20日平均売買代金,流動性の代理指標,True,業種,食料品,1d,1営業日,4,37,37,-0.0024242673764693972,-0.0017624250969333621,0.4594594594594595,評価可能,0.007358335842750561
v7,avg_turnover_20d,20日平均売買代金,流動性の代理指標,True,業種,食料品,1d,1営業日,5,27,27,0.0018256105377664324,0.0017479461632581295,0.5555555555555556,サンプル不足,0.007358335842750561
v7,avg_turnover_20d,20日平均売買代金,流動性の代理指標,True,業種,食料品,3d,3営業日,1,19,18,-0.00811398669766141,-0.005818628002262617,0.3888888888888889,サンプル不足,0.009980103751339292
v7,avg_turnover_20d,20日平均売買代金,流動性の代理指標,True,業種,食料品,3d,3営業日,2,12,12,-0.003284392374702242,-0.0016978957962558994,0.5,サンプル不足,0.009980103751339292
v7,avg_turnover_20d,20日平均売買代金,流動性の代理指標,True,業種,食料品,3d,3営業日,3,28,27,-0.00948610136853938,-0.018894009216589902,0.3333333333333333,サンプル不足,0.009980103751339292
v7,avg_turnover_20d,20日平均売買代金,流動性の代理指標,True,業種,食料品,3d,3営業日,4,37,34,-0.004022669375934605,-0.0020444927064440788,0.5,評価可能,0.009980103751339292
v7,avg_turnover_20d,20日平均売買代金,流動性の代理指標,True,業種,食料品,3d,3営業日,5,27,25,0.0018661170536778827,0.005291005291005346,0.56,サンプル不足,0.009980103751339292
v7,avg_turnover_20d,20日平均売買代金,流動性の代理指標,True,業種,食料品,5d,5営業日,1,19,18,-0.0029583579266488826,-0.003360401399617108,0.4444444444444444,サンプル不足,0.00033880731637747716
v7,avg_turnover_20d,20日平均売買代金,流動性の代理指標,True,業種,食料品,5d,5営業日,2,12,12,-0.001223707397617566,0.012084291326465935,0.5833333333333334,サンプル不足,0.00033880731637747716
v7,avg_turnover_20d,20日平均売買代金,流動性の代理指標,True,業種,食料品,5d,5営業日,3,28,27,0.0003987301262760446,0.001522842639593902,0.5185185185185185,サンプル不足,0.00033880731637747716
v7,avg_turnover_20d,20日平均売買代金,流動性の代理指標,True,業種,食料品,5d,5営業日,4,37,33,0.0061764322609899145,0.011004366812227051,0.6363636363636364,評価可能,0.00033880731637747716
v7,avg_turnover_20d,20日平均売買代金,流動性の代理指標,True,業種,食料品,5d,5営業日,5,27,23,-0.0026195506102714055,0.006488718478100619,0.5217391304347826,サンプル不足,0.00033880731637747716
v7,distance_high_120d,120日高値接近度,終値と120日高値の距離,True,全体,全体,10d,10営業日,1,740,540,-0.04761229047702012,-0.03812360501808665,0.3425925925925926,評価可能,0.04055148409511389
v7,distance_high_120d,120日高値接近度,終値と120日高値の距離,True,全体,全体,10d,10営業日,2,740,540,-0.027448787817749034,-0.015450571883370156,0.42407407407407405,評価可能,0.04055148409511389
v7,distance_high_120d,120日高値接近度,終値と120日高値の距離,True,全体,全体,10d,10営業日,3,740,539,-0.012108137495641502,-0.006578947368421018,0.47309833024118736,評価可能,0.04055148409511389
v7,distance_high_120d,120日高値接近度,終値と120日高値の距離,True,全体,全体,10d,10営業日,4,740,539,-0.024545017821744144,-0.009296148738379806,0.45083487940630795,評価可能,0.04055148409511389
v7,distance_high_120d,120日高値接近度,終値と120日高値の距離,True,全体,全体,10d,10営業日,5,740,540,-0.007060806381906233,-0.004876106089485799,0.4648148148148148,評価可能,0.04055148409511389
v7,distance_high_120d,120日高値接近度,終値と120日高値の距離,True,全体,全体,1d,1営業日,1,740,720,-0.00473848320319793,-0.005843730933396796,0.4152777777777778,評価可能,0.008267789261847429
v7,distance_high_120d,120日高値接近度,終値と120日高値の距離,True,全体,全体,1d,1営業日,2,740,720,0.0008590290482380023,0.0,0.49722222222222223,評価可能,0.008267789261847429
v7,distance_high_120d,120日高値接近度,終値と120日高値の距離,True,全体,全体,1d,1営業日,3,740,720,-0.0039819853231999,-0.0011168600811161666,0.46805555555555556,評価可能,0.008267789261847429
v7,distance_high_120d,120日高値接近度,終値と120日高値の距離,True,全体,全体,1d,1営業日,4,740,720,-0.0021810550063151887,-0.0001503006012024133,0.4666666666666667,評価可能,0.008267789261847429
v7,distance_high_120d,120日高値接近度,終値と120日高値の距離,True,全体,全体,1d,1営業日,5,740,720,0.0035293060586494983,-0.000950783159732238,0.45555555555555555,評価可能,0.008267789261847429
v7,distance_high_120d,120日高値接近度,終値と120日高値の距離,True,全体,全体,3d,3営業日,1,740,680,-0.016796708187307986,-0.015095797909124187,0.3941176470588235,評価可能,0.01816561065858097
v7,distance_high_120d,120日高値接近度,終値と120日高値の距離,True,全体,全体,3d,3営業日,2,740,680,-0.0035651468036333755,-0.004993237244114712,0.45588235294117646,評価可能,0.01816561065858097
v7,distance_high_120d,120日高値接近度,終値と120日高値の距離,True,全体,全体,3d,3営業日,3,740,680,-0.009283284639557117,-0.00698145219521485,0.45588235294117646,評価可能,0.01816561065858097
v7,distance_high_120d,120日高値接近度,終値と120日高値の距離,True,全体,全体,3d,3営業日,4,740,678,-0.008563439235384284,-0.005050376772501142,0.43952802359882004,評価可能,0.01816561065858097
v7,distance_high_120d,120日高値接近度,終値と120日高値の距離,True,全体,全体,3d,3営業日,5,740,680,0.001368902471272984,-0.002642015768975048,0.4573529411764706,評価可能,0.01816561065858097
v7,distance_high_120d,120日高値接近度,終値と120日高値の距離,True,全体,全体,5d,5営業日,1,740,640,-0.02395350582838859,-0.02495551601423486,0.36875,評価可能,0.02308713952638099
v7,distance_high_120d,120日高値接近度,終値と120日高値の距離,True,全体,全体,5d,5営業日,2,740,640,-0.012301127889941723,-0.008917388970617446,0.440625,評価可能,0.02308713952638099
v7,distance_high_120d,120日高値接近度,終値と120日高値の距離,True,全体,全体,5d,5営業日,3,740,640,-0.008864051262386128,-0.0028575051967993925,0.4640625,評価可能,0.02308713952638099
v7,distance_high_120d,120日高値接近度,終値と120日高値の距離,True,全体,全体,5d,5営業日,4,740,638,-0.01200735122807459,-0.005637677269902259,0.45141065830721006,評価可能,0.02308713952638099
v7,distance_high_120d,120日高値接近度,終値と120日高値の距離,True,全体,全体,5d,5営業日,5,740,640,-0.0008663663020075998,-0.0020264093448450647,0.4734375,評価可能,0.02308713952638099
v7,distance_high_120d,120日高値接近度,終値と120日高値の距離,True,業種,その他製品,10d,10営業日,1,14,7,-0.0030320990376861505,0.032360182905381674,0.5714285714285714,サンプル不足,-0.03975509620433584
v7,distance_high_120d,120日高値接近度,終値と120日高値の距離,True,業種,その他製品,10d,10営業日,2,11,9,-0.004348618381887955,-0.0015384615384614,0.4444444444444444,サンプル不足,-0.03975509620433584
v7,distance_high_120d,120日高値接近度,終値と120日高値の距離,True,業種,その他製品,10d,10営業日,3,16,7,-0.0451269842849245,-0.039059218815623686,0.0,サンプル不足,-0.03975509620433584
v7,distance_high_120d,120日高値接近度,終値と120日高値の距離,True,業種,その他製品,10d,10営業日,4,13,9,0.05442873600742946,0.019634091923248498,0.6666666666666666,サンプル不足,-0.03975509620433584
v7,distance_high_120d,120日高値接近度,終値と120日高値の距離,True,業種,その他製品,10d,10営業日,5,17,13,-0.042787195242021986,-0.024786672084518457,0.46153846153846156,サンプル不足,-0.03975509620433584
v7,distance_high_120d,120日高値接近度,終値と120日高値の距離,True,業種,その他製品,1d,1営業日,1,14,12,0.009644758362725709,0.003524929316145453,0.5,サンプル不足,-0.010978530280867139
v7,distance_high_120d,120日高値接近度,終値と120日高値の距離,True,業種,その他製品,1d,1営業日,2,11,11,-0.00426029792030167,0.019433647973348123,0.7272727272727273,サンプル不足,-0.010978530280867139
v7,distance_high_120d,120日高値接近度,終値と120日高値の距離,True,業種,その他製品,1d,1営業日,3,16,14,0.03057548939514355,0.0020287964091593724,0.5,サンプル不足,-0.010978530280867139
v7,distance_high_120d,120日高値接近度,終値と120日高値の距離,True,業種,その他製品,1d,1営業日,4,13,12,0.0191548097933197,0.015080763692153599,0.6666666666666666,サンプル不足,-0.010978530280867139
v7,distance_high_120d,120日高値接近度,終値と120日高値の距離,True,業種,その他製品,1d,1営業日,5,17,16,-0.0013337719181414302,0.0,0.4375,サンプル不足,-0.010978530280867139
v7,distance_high_120d,120日高値接近度,終値と120日高値の距離,True,業種,その他製品,3d,3営業日,1,14,10,-0.010868823123719184,-0.008034866896542309,0.3,サンプル不足,-0.0058447401524939525
v7,distance_high_120d,120日高値接近度,終値と120日高値の距離,True,業種,その他製品,3d,3営業日,2,11,9,-0.0073131662731878416,-0.00519031141868509,0.4444444444444444,サンプル不足,-0.0058447401524939525
v7,distance_high_120d,120日高値接近度,終値と120日高値の距離,True,業種,その他製品,3d,3営業日,3,16,12,-0.03458513089108206,-0.03323030884515049,0.16666666666666666,サンプル不足,-0.0058447401524939525
v7,distance_high_120d,120日高値接近度,終値と120日高値の距離,True,業種,その他製品,3d,3営業日,4,13,10,0.06373455052336478,0.036463439709865875,0.7,サンプル不足,-0.0058447401524939525
v7,distance_high_120d,120日高値接近度,終値と120日高値の距離,True,業種,その他製品,3d,3営業日,5,17,15,-0.016713563276213136,-0.01728395061728394,0.3333333333333333,サンプル不足,-0.0058447401524939525
v7,distance_high_120d,120日高値接近度,終値と120日高値の距離,True,業種,その他製品,5d,5営業日,1,14,10,-0.014856214180377567,-0.016260162601625994,0.4,サンプル不足,-0.006597002173017945
v7,distance_high_120d,120日高値接近度,終値と120日高値の距離,True,業種,その他製品,5d,5営業日,2,11,9,-0.034371761052580586,-0.009731833910034626,0.4444444444444444,サンプル不足,-0.006597002173017945
v7,distance_high_120d,120日高値接近度,終値と120日高値の距離,True,業種,その他製品,5d,5営業日,3,16,11,-0.03540529330610743,-0.04804045512010113,0.18181818181818182,サンプル不足,-0.006597002173017945
v7,distance_high_120d,120日高値接近度,終値と120日高値の距離,True,業種,その他製品,5d,5営業日,4,13,9,0.06190788540178703,0.037929495760821164,0.7777777777777778,サンプル不足,-0.006597002173017945
v7,distance_high_120d,120日高値接近度,終値と120日高値の距離,True,業種,その他製品,5d,5営業日,5,17,14,-0.02145321635339551,-0.022937890239894804,0.2857142857142857,サンプル不足,-0.006597002173017945
v7,distance_high_120d,120日高値接近度,終値と120日高値の距離,True,業種,その他金融業,10d,10営業日,2,10,7,0.002431986096454324,0.021804511278195493,0.5714285714285714,サンプル不足,-0.0100013639817154
v7,distance_high_120d,120日高値接近度,終値と120日高値の距離,True,業種,その他金融業,10d,10営業日,3,12,9,0.0038611884524130547,0.0009486166007905972,0.5555555555555556,サンプル不足,-0.0100013639817154
v7,distance_high_120d,120日高値接近度,終値と120日高値の距離,True,業種,その他金融業,10d,10営業日,4,8,4,-0.1116100744835735,-0.03220953649575914,0.25,サンプル不足,-0.0100013639817154
v7,distance_high_120d,120日高値接近度,終値と120日高値の距離,True,業種,その他金融業,10d,10営業日,5,7,2,-0.007569377885261075,-0.007569377885261075,0.5,サンプル不足,-0.0100013639817154
v7,distance_high_120d,120日高値接近度,終値と120日高値の距離,True,業種,その他金融業,1d,1営業日,2,10,10,0.010346993840862396,0.013524571363223936,0.6,サンプル不足,-0.01977819957261684
v7,distance_high_120d,120日高値接近度,終値と120日高値の距離,True,業種,その他金融業,1d,1営業日,3,12,12,0.005511372714273186,0.0031644983445765495,0.5833333333333334,サンプル不足,-0.01977819957261684
v7,distance_high_120d,120日高値接近度,終値と120日高値の距離,True,業種,その他金融業,1d,1営業日,4,8,8,-0.03418505009174719,-0.00798397264991968,0.25,サンプル不足,-0.01977819957261684
v7,distance_high_120d,120日高値接近度,終値と120日高値の距離,True,業種,その他金融業,1d,1営業日,5,7,7,-0.009431205731754442,-0.008109794135994997,0.42857142857142855,サンプル不足,-0.01977819957261684
v7,distance_high_120d,120日高値接近度,終値と120日高値の距離,True,業種,その他金融業,3d,3営業日,2,10,10,0.010393462250625925,0.007712858133086864,0.6,サンプル不足,-0.03167463629435474
v7,distance_high_120d,120日高値接近度,終値と120日高値の距離,True,業種,その他金融業,3d,3営業日,3,12,11,0.010122507807806597,0.019103855505383738,0.5454545454545454,サンプル不足,-0.03167463629435474
v7,distance_high_120d,120日高値接近度,終値と120日高値の距離,True,業種,その他金融業,3d,3営業日,4,8,8,-0.05657796255972708,-0.0074262912879627385,0.375,サンプル不足,-0.03167463629435474
v7,distance_high_120d,120日高値接近度,終値と120日高値の距離,True,業種,その他金融業,3d,3営業日,5,7,6,-0.021281174043728812,-0.01688485726462069,0.16666666666666666,サンプル不足,-0.03167463629435474
v7,distance_high_120d,120日高値接近度,終値と120日高値の距離,True,業種,その他金融業,5d,5営業日,2,10,10,0.0072775447440859824,0.005012421231216702,0.5,サンプル不足,-0.01784817938348658
v7,distance_high_120d,120日高値接近度,終値と120日高値の距離,True,業種,その他金融業,5d,5営業日,3,12,11,0.00581347200638609,-0.0011473152822395472,0.45454545454545453,サンプル不足,-0.01784817938348658
v7,distance_high_120d,120日高値接近度,終値と120日高値の距離,True,業種,その他金融業,5d,5営業日,4,8,7,-0.05923052991331398,-0.006428729771669306,0.2857142857142857,サンプル不足,-0.01784817938348658
v7,distance_high_120d,120日高値接近度,終値と120日高値の距離,True,業種,その他金融業,5d,5営業日,5,7,5,-0.0105706346394006,0.0008733624454149158,0.6,サンプル不足,-0.01784817938348658
v7,distance_high_120d,120日高値接近度,終値と120日高値の距離,True,業種,ガラス・土石製品,10d,10営業日,1,8,6,-0.111121052907086,-0.1160648489314664,0.16666666666666666,サンプル不足,-0.08039198980590122
v7,distance_high_120d,120日高値接近度,終値と120日高値の距離,True,業種,ガラス・土石製品,10d,10営業日,2,4,2,-0.07086851880513857,-0.07086851880513857,0.5,サンプル不足,-0.08039198980590122
v7,distance_high_120d,120日高値接近度,終値と120日高値の距離,True,業種,ガラス・土石製品,10d,10営業日,3,5,5,-0.06213167140811997,-0.0382775119617224,0.4,サンプル不足,-0.08039198980590122
v7,distance_high_120d,120日高値接近度,終値と120日高値の距離,True,業種,ガラス・土石製品,10d,10営業日,4,3,3,-0.0331022451533566,-0.041935483870967794,0.3333333333333333,サンプル不足,-0.08039198980590122
v7,distance_high_120d,120日高値接近度,終値と120日高値の距離,True,業種,ガラス・土石製品,10d,10営業日,5,3,3,-0.19151304271298722,-0.1487758945386064,0.0,サンプル不足,-0.08039198980590122
v7,distance_high_120d,120日高値接近度,終値と120日高値の距離,True,業種,ガラス・土石製品,1d,1営業日,1,8,8,-0.046736223174172975,-0.04306584919015695,0.25,サンプル不足,0.0334252451174007
v7,distance_high_120d,120日高値接近度,終値と120日高値の距離,True,業種,ガラス・土石製品,1d,1営業日,2,4,4,-0.03442505960800919,-0.022555496244335227,0.25,サンプル不足,0.0334252451174007
v7,distance_high_120d,120日高値接近度,終値と120日高値の距離,True,業種,ガラス・土石製品,1d,1営業日,3,5,5,-0.01076457047446504,0.003284072249589487,0.6,サンプル不足,0.0334252451174007
v7,distance_high_120d,120日高値接近度,終値と120日高値の距離,True,業種,ガラス・土石製品,1d,1営業日,4,3,3,-0.0069611239275656316,-0.0243506493506493,0.3333333333333333,サンプル不足,0.0334252451174007
v7,distance_high_120d,120日高値接近度,終値と120日高値の距離,True,業種,ガラス・土石製品,1d,1営業日,5,3,3,-0.013310978056772277,-0.0143014301430143,0.0,サンプル不足,0.0334252451174007
v7,distance_high_120d,120日高値接近度,終値と120日高値の距離,True,業種,ガラス・土石製品,3d,3営業日,1,8,7,-0.0790324448043146,-0.0830479452054794,0.14285714285714285,サンプル不足,-0.05369533488328518
v7,distance_high_120d,120日高値接近度,終値と120日高値の距離,True,業種,ガラス・土石製品,3d,3営業日,2,4,3,-0.07278793404594087,-0.07529794149512459,0.0,サンプル不足,-0.05369533488328518
v7,distance_high_120d,120日高値接近度,終値と120日高値の距離,True,業種,ガラス・土石製品,3d,3営業日,3,5,5,0.0017512376587610844,0.015873015873015817,0.6,サンプル不足,-0.05369533488328518
v7,distance_high_120d,120日高値接近度,終値と120日高値の距離,True,業種,ガラス・土石製品,3d,3営業日,4,3,3,-0.020390838428421234,-0.0249520153550864,0.0,サンプル不足,-0.05369533488328518
v7,distance_high_120d,120日高値接近度,終値と120日高値の距離,True,業種,ガラス・土石製品,3d,3営業日,5,3,3,-0.13272777968759977,-0.1188118811881188,0.0,サンプル不足,-0.05369533488328518
v7,distance_high_120d,120日高値接近度,終値と120日高値の距離,True,業種,ガラス・土石製品,5d,5営業日,1,8,7,-0.08437695487771782,-0.0714285714285714,0.0,サンプル不足,-0.08143258979123941
v7,distance_high_120d,120日高値接近度,終値と120日高値の距離,True,業種,ガラス・土石製品,5d,5営業日,2,4,2,-0.10481783005726662,-0.10481783005726662,0.0,サンプル不足,-0.08143258979123941
v7,distance_high_120d,120日高値接近度,終値と120日高値の距離,True,業種,ガラス・土石製品,5d,5営業日,3,5,5,0.015607641469134667,0.0356756756756757,0.8,サンプル不足,-0.08143258979123941
v7,distance_high_120d,120日高値接近度,終値と120日高値の距離,True,業種,ガラス・土石製品,5d,5営業日,4,3,3,-0.003913766167651336,-0.0056818181818182,0.3333333333333333,サンプル不足,-0.08143258979123941
v7,distance_high_120d,120日高値接近度,終値と120日高値の距離,True,業種,ガラス・土石製品,5d,5営業日,5,3,3,-0.16580954466895723,-0.1419141914191419,0.0,サンプル不足,-0.08143258979123941
v7,distance_high_120d,120日高値接近度,終値と120日高値の距離,True,業種,ゴム製品,10d,10営業日,1,3,1,0.1757754800590842,0.1757754800590842,1.0,サンプル不足,-0.18693916160835464
v7,distance_high_120d,120日高値接近度,終値と120日高値の距離,True,業種,ゴム製品,10d,10営業日,2,9,7,0.03545741155969754,0.04908877131099354,0.7142857142857143,サンプル不足,-0.18693916160835464
v7,distance_high_120d,120日高値接近度,終値と120日高値の距離,True,業種,ゴム製品,10d,10営業日,3,11,7,0.059469618629367345,0.047698280643372115,1.0,サンプル不足,-0.18693916160835464
v7,distance_high_120d,120日高値接近度,終値と120日高値の距離,True,業種,ゴム製品,10d,10営業日,4,7,3,-0.015211481725555745,0.04006367736800209,0.6666666666666666,サンプル不足,-0.18693916160835464
v7,distance_high_120d,120日高値接近度,終値と120日高値の距離,True,業種,ゴム製品,10d,10営業日,5,5,3,-0.011163681549270443,0.0351999999999999,0.6666666666666666,サンプル不足,-0.18693916160835464
v7,distance_high_120d,120日高値接近度,終値と120日高値の距離,True,業種,ゴム製品,1d,1営業日,1,3,3,-0.01649196630082393,-0.01596892533448424,0.0,サンプル不足,0.026870803506471162
v7,distance_high_120d,120日高値接近度,終値と120日高値の距離,True,業種,ゴム製品,1d,1営業日,2,9,9,0.011035208678846765,0.007067137809187329,0.7777777777777778,サンプル不足,0.026870803506471162
v7,distance_high_120d,120日高値接近度,終値と120日高値の距離,True,業種,ゴム製品,1d,1営業日,3,11,10,0.0028458291766543576,-0.0016110392162558274,0.4,サンプル不足,0.026870803506471162
v7,distance_high_120d,120日高値接近度,終値と120日高値の距離,True,業種,ゴム製品,1d,1営業日,4,7,6,-0.00026610602103784947,-0.004851535724152214,0.3333333333333333,サンプル不足,0.026870803506471162
v7,distance_high_120d,120日高値接近度,終値と120日高値の距離,True,業種,ゴム製品,1d,1営業日,5,5,5,0.010378837205647234,0.016000000000000014,0.8,サンプル不足,0.026870803506471162
v7,distance_high_120d,120日高値接近度,終値と120日高値の距離,True,業種,ゴム製品,3d,3営業日,1,3,2,-0.01171420028828091,-0.01171420028828091,0.5,サンプル不足,0.015892079219961625
v7,distance_high_120d,120日高値接近度,終値と120日高値の距離,True,業種,ゴム製品,3d,3営業日,2,9,7,0.014409357393865696,0.0225669957686882,0.7142857142857143,サンプル不足,0.015892079219961625
v7,distance_high_120d,120日高値接近度,終値と120日高値の距離,True,業種,ゴム製品,3d,3営業日,3,11,10,0.02083477543766208,0.018217968371264215,0.6,サンプル不足,0.015892079219961625
v7,distance_high_120d,120日高値接近度,終値と120日高値の距離,True,業種,ゴム製品,3d,3営業日,4,7,5,0.00027662599467156155,0.00482703137570395,0.6,サンプル不足,0.015892079219961625
v7,distance_high_120d,120日高値接近度,終値と120日高値の距離,True,業種,ゴム製品,3d,3営業日,5,5,4,0.004177878931680715,0.022417122227952557,0.75,サンプル不足,0.015892079219961625
v7,distance_high_120d,120日高値接近度,終値と120日高値の距離,True,業種,ゴム製品,5d,5営業日,1,3,2,0.0407375260501502,0.0407375260501502,1.0,サンプル不足,-0.028699581665471034
v7,distance_high_120d,120日高値接近度,終値と120日高値の距離,True,業種,ゴム製品,5d,5営業日,2,9,7,0.015358010294276688,0.03321575543797772,0.8571428571428571,サンプル不足,-0.028699581665471034
v7,distance_high_120d,120日高値接近度,終値と120日高値の距離,True,業種,ゴム製品,5d,5営業日,3,11,9,0.029413015256014093,0.026469031233456786,0.7777777777777778,サンプル不足,-0.028699581665471034
v7,distance_high_120d,120日高値接近度,終値と120日高値の距離,True,業種,ゴム製品,5d,5営業日,4,7,5,0.015778607091047607,0.03459372485921164,0.6,サンプル不足,-0.028699581665471034
v7,distance_high_120d,120日高値接近度,終値と120日高値の距離,True,業種,ゴム製品,5d,5営業日,5,5,4,0.012037944384679164,0.00777337620654428,0.75,サンプル不足,-0.028699581665471034
v7,distance_high_120d,120日高値接近度,終値と120日高値の距離,True,業種,サービス業,10d,10営業日,1,65,45,-0.015286187919495074,-0.017241379310344862,0.4666666666666667,評価可能,0.020700157962292416
v7,distance_high_120d,120日高値接近度,終値と120日高値の距離,True,業種,サービス業,10d,10営業日,2,65,48,0.03925484721063516,0.040371226641025104,0.7291666666666666,評価可能,0.020700157962292416
v7,distance_high_120d,120日高値接近度,終値と120日高値の距離,True,業種,サービス業,10d,10営業日,3,65,49,0.00015950063284369303,0.004417448923246914,0.5510204081632653,評価可能,0.020700157962292416
v7,distance_high_120d,120日高値接近度,終値と120日高値の距離,True,業種,サービス業,10d,10営業日,4,66,49,0.0032744323913649585,0.0075815011372251,0.6122448979591837,評価可能,0.020700157962292416
v7,distance_high_120d,120日高値接近度,終値と120日高値の距離,True,業種,サービス業,10d,10営業日,5,86,64,0.005413970042797343,0.013182970939175975,0.5625,評価可能,0.020700157962292416
v7,distance_high_120d,120日高値接近度,終値と120日高値の距離,True,業種,サービス業,1d,1営業日,1,65,65,-0.0022665849398028396,-0.0027472527472527375,0.4461538461538462,評価可能,0.016599502908621385
v7,distance_high_120d,120日高値接近度,終値と120日高値の距離,True,業種,サービス業,1d,1営業日,2,65,61,0.010357558524062727,0.006771135616173263,0.639344262295082,評価可能,0.016599502908621385
v7,distance_high_120d,120日高値接近度,終値と120日高値の距離,True,業種,サービス業,1d,1営業日,3,65,64,-0.006077790192510795,-0.004246443171081858,0.46875,評価可能,0.016599502908621385
v7,distance_high_120d,120日高値接近度,終値と120日高値の距離,True,業種,サービス業,1d,1営業日,4,66,63,-0.0012331787231358107,0.0,0.4603174603174603,評価可能,0.016599502908621385
v7,distance_high_120d,120日高値接近度,終値と120日高値の距離,True,業種,サービス業,1d,1営業日,5,86,83,0.014332917968818545,0.0028530670470756636,0.5180722891566265,評価可能,0.016599502908621385
v7,distance_high_120d,120日高値接近度,終値と120日高値の距離,True,業種,サービス業,3d,3営業日,1,65,60,-0.0010747745987262044,-0.002941678350506849,0.48333333333333334,評価可能,0.011924137224951151
v7,distance_high_120d,120日高値接近度,終値と120日高値の距離,True,業種,サービス業,3d,3営業日,2,65,58,0.024206362533125123,0.011673056792468883,0.5862068965517241,評価可能,0.011924137224951151
v7,distance_high_120d,120日高値接近度,終値と120日高値の距離,True,業種,サービス業,3d,3営業日,3,65,62,-0.014618759113464566,-0.005133890267043473,0.45161290322580644,評価可能,0.011924137224951151
v7,distance_high_120d,120日高値接近度,終値と120日高値の距離,True,業種,サービス業,3d,3営業日,4,66,62,-0.004456707659786714,0.00035612535612539187,0.5,評価可能,0.011924137224951151
v7,distance_high_120d,120日高値接近度,終値と120日高値の距離,True,業種,サービス業,3d,3営業日,5,86,77,0.010849362626224946,0.0,0.4935064935064935,評価可能,0.011924137224951151
v7,distance_high_120d,120日高値接近度,終値と120日高値の距離,True,業種,サービス業,5d,5営業日,1,65,56,0.0020504920381739433,-0.013770447841244296,0.44642857142857145,評価可能,0.002720731913421469
v7,distance_high_120d,120日高値接近度,終値と120日高値の距離,True,業種,サービス業,5d,5営業日,2,65,54,0.012629065514725401,0.005358710255262021,0.5740740740740741,評価可能,0.002720731913421469
v7,distance_high_120d,120日高値接近度,終値と120日高値の距離,True,業種,サービス業,5d,5営業日,3,65,62,-0.010924141751705295,-0.006257348222860522,0.41935483870967744,評価可能,0.002720731913421469
v7,distance_high_120d,120日高値接近度,終値と120日高値の距離,True,業種,サービス業,5d,5営業日,4,66,59,-0.00975580824137371,0.0007122507122507837,0.5084745762711864,評価可能,0.002720731913421469
v7,distance_high_120d,120日高値接近度,終値と120日高値の距離,True,業種,サービス業,5d,5営業日,5,86,75,0.0047712239515954125,0.002822201317027373,0.52,評価可能,0.002720731913421469
v7,distance_high_120d,120日高値接近度,終値と120日高値の距離,True,業種,パルプ・紙,10d,10営業日,1,2,1,0.01241773271027391,0.01241773271027391,1.0,サンプル不足,-0.057160888997764336
v7,distance_high_120d,120日高値接近度,終値と120日高値の距離,True,業種,パルプ・紙,10d,10営業日,2,5,2,-0.11288788329689632,-0.11288788329689632,0.5,サンプル不足,-0.057160888997764336
v7,distance_high_120d,120日高値接近度,終値と120日高値の距離,True,業種,パルプ・紙,10d,10営業日,3,4,4,-0.11305946803211986,-0.08541844301475338,0.0,サンプル不足,-0.057160888997764336
v7,distance_high_120d,120日高値接近度,終値と120日高値の距離,True,業種,パルプ・紙,10d,10営業日,4,2,1,-0.06035889070146816,-0.06035889070146816,0.0,サンプル不足,-0.057160888997764336
v7,distance_high_120d,120日高値接近度,終値と120日高値の距離,True,業種,パルプ・紙,10d,10営業日,5,4,2,-0.044743156287490427,-0.044743156287490427,0.5,サンプル不足,-0.057160888997764336
v7,distance_high_120d,120日高値接近度,終値と120日高値の距離,True,業種,パルプ・紙,1d,1営業日,1,2,2,-0.008257911098379589,-0.008257911098379589,0.0,サンプル不足,0.0016521756423650558
v7,distance_high_120d,120日高値接近度,終値と120日高値の距離,True,業種,パルプ・紙,1d,1営業日,2,5,5,-0.028411739544060753,-0.017889087656529523,0.0,サンプル不足,0.0016521756423650558
v7,distance_high_120d,120日高値接近度,終値と120日高値の距離,True,業種,パルプ・紙,1d,1営業日,3,4,4,-0.017702605835487505,-0.011704605733527012,0.5,サンプル不足,0.0016521756423650558
v7,distance_high_120d,120日高値接近度,終値と120日高値の距離,True,業種,パルプ・紙,1d,1営業日,4,2,2,-0.049674727410661645,-0.049674727410661645,0.0,サンプル不足,0.0016521756423650558
v7,distance_high_120d,120日高値接近度,終値と120日高値の距離,True,業種,パルプ・紙,1d,1営業日,5,4,4,-0.006605735456014533,-0.005658847943330159,0.5,サンプル不足,0.0016521756423650558
v7,distance_high_120d,120日高値接近度,終値と120日高値の距離,True,業種,パルプ・紙,3d,3営業日,1,2,2,0.002919754300458488,0.002919754300458488,0.5,サンプル不足,-0.012922656083477924
v7,distance_high_120d,120日高値接近度,終値と120日高値の距離,True,業種,パルプ・紙,3d,3営業日,2,5,5,-0.03515354907661976,-0.012522361359570633,0.4,サンプル不足,-0.012922656083477924
v7,distance_high_120d,120日高値接近度,終値と120日高値の距離,True,業種,パルプ・紙,3d,3営業日,3,4,4,-0.043082107216784224,-0.05847159370649305,0.25,サンプル不足,-0.012922656083477924
v7,distance_high_120d,120日高値接近度,終値と120日高値の距離,True,業種,パルプ・紙,3d,3営業日,4,2,2,-0.07896165651016229,-0.07896165651016229,0.0,サンプル不足,-0.012922656083477924
v7,distance_high_120d,120日高値接近度,終値と120日高値の距離,True,業種,パルプ・紙,3d,3営業日,5,4,3,-0.010002901783019436,-0.01238773614122024,0.3333333333333333,サンプル不足,-0.012922656083477924
v7,distance_high_120d,120日高値接近度,終値と120日高値の距離,True,業種,パルプ・紙,5d,5営業日,1,2,2,0.014750235498322495,0.014750235498322495,0.5,サンプル不足,-0.03402169367260538
v7,distance_high_120d,120日高値接近度,終値と120日高値の距離,True,業種,パルプ・紙,5d,5営業日,2,5,4,-0.047613723226032904,0.004361172219681575,0.75,サンプル不足,-0.03402169367260538
v7,distance_high_120d,120日高値接近度,終値と120日高値の距離,True,業種,パルプ・紙,5d,5営業日,3,4,4,-0.03385777237383801,-0.036895448079658555,0.25,サンプル不足,-0.03402169367260538
v7,distance_high_120d,120日高値接近度,終値と120日高値の距離,True,業種,パルプ・紙,5d,5営業日,4,2,1,-0.11011419249592169,-0.11011419249592169,0.0,サンプル不足,-0.03402169367260538
v7,distance_high_120d,120日高値接近度,終値と120日高値の距離,True,業種,パルプ・紙,5d,5営業日,5,4,2,-0.019271458174282885,-0.019271458174282885,0.5,サンプル不足,-0.03402169367260538
v7,distance_high_120d,120日高値接近度,終値と120日高値の距離,True,業種,不動産業,10d,10営業日,1,9,4,-0.06811153328548301,-0.0493700645005726,0.25,サンプル不足,0.03101471176262014
v7,distance_high_120d,120日高値接近度,終値と120日高値の距離,True,業種,不動産業,10d,10営業日,2,10,6,-0.004463985729550701,-0.0125234584164965,0.3333333333333333,サンプル不足,0.03101471176262014
v7,distance_high_120d,120日高値接近度,終値と120日高値の距離,True,業種,不動産業,10d,10営業日,3,8,7,-0.004099958595071063,-0.002790178571428603,0.42857142857142855,サンプル不足,0.03101471176262014
v7,distance_high_120d,120日高値接近度,終値と120日高値の距離,True,業種,不動産業,10d,10営業日,4,6,4,0.05067243008627875,0.054909165135742066,0.75,サンプル不足,0.03101471176262014
v7,distance_high_120d,120日高値接近度,終値と120日高値の距離,True,業種,不動産業,10d,10営業日,5,22,14,-0.03709682152286287,-0.0230095841823258,0.35714285714285715,サンプル不足,0.03101471176262014
v7,distance_high_120d,120日高値接近度,終値と120日高値の距離,True,業種,不動産業,1d,1営業日,1,9,8,-0.018078370916899494,-0.030099816993554216,0.125,サンプル不足,-0.002183021834704847
v7,distance_high_120d,120日高値接近度,終値と120日高値の距離,True,業種,不動産業,1d,1営業日,2,10,10,-0.009565891871878524,-0.00912872797544886,0.3,サンプル不足,-0.002183021834704847
v7,distance_high_120d,120日高値接近度,終値と120日高値の距離,True,業種,不動産業,1d,1営業日,3,8,8,0.017391943028617976,0.0011607142857142927,0.5,サンプル不足,-0.002183021834704847
v7,distance_high_120d,120日高値接近度,終値と120日高値の距離,True,業種,不動産業,1d,1営業日,4,6,6,0.01159263696089254,0.00580903410570166,0.6666666666666666,サンプル不足,-0.002183021834704847
v7,distance_high_120d,120日高値接近度,終値と120日高値の距離,True,業種,不動産業,1d,1営業日,5,22,21,-0.02026139275160434,-0.0079239302694136,0.23809523809523808,サンプル不足,-0.002183021834704847
v7,distance_high_120d,120日高値接近度,終値と120日高値の距離,True,業種,不動産業,3d,3営業日,1,9,8,-0.05087552045554061,-0.07842792794109477,0.125,サンプル不足,0.02715962338411805
v7,distance_high_120d,120日高値接近度,終値と120日高値の距離,True,業種,不動産業,3d,3営業日,2,10,9,-0.01706974102726684,-0.00536193029490617,0.2222222222222222,サンプル不足,0.02715962338411805
v7,distance_high_120d,120日高値接近度,終値と120日高値の距離,True,業種,不動産業,3d,3営業日,3,8,8,-0.015514328474915087,-0.02291361901398975,0.375,サンプル不足,0.02715962338411805
v7,distance_high_120d,120日高値接近度,終値と120日高値の距離,True,業種,不動産業,3d,3営業日,4,6,6,0.010073043977029683,0.0,0.3333333333333333,サンプル不足,0.02715962338411805
v7,distance_high_120d,120日高値接近度,終値と120日高値の距離,True,業種,不動産業,3d,3営業日,5,22,21,-0.023715897071422562,-0.0142857142857142,0.2857142857142857,サンプル不足,0.02715962338411805
v7,distance_high_120d,120日高値接近度,終値と120日高値の距離,True,業種,不動産業,5d,5営業日,1,9,8,-0.040050438749542325,-0.016662688783695978,0.0,サンプル不足,0.008773751964932922
v7,distance_high_120d,120日高値接近度,終値と120日高値の距離,True,業種,不動産業,5d,5営業日,2,10,8,-0.015869904542780852,-0.01863952128757139,0.375,サンプル不足,0.008773751964932922
v7,distance_high_120d,120日高値接近度,終値と120日高値の距離,True,業種,不動産業,5d,5営業日,3,8,8,-0.006532108633971856,0.0037838184355662996,0.5,サンプル不足,0.008773751964932922
v7,distance_high_120d,120日高値接近度,終値と120日高値の距離,True,業種,不動産業,5d,5営業日,4,6,5,0.06585266629493025,0.068075117370892,0.6,サンプル不足,0.008773751964932922
v7,distance_high_120d,120日高値接近度,終値と120日高値の距離,True,業種,不動産業,5d,5営業日,5,22,16,-0.0312766867846094,-0.019881939448466904,0.3125,サンプル不足,0.008773751964932922
v7,distance_high_120d,120日高値接近度,終値と120日高値の距離,True,業種,保険業,10d,10営業日,1,1,1,0.10055702140134848,0.10055702140134848,1.0,サンプル不足,-0.10486702253283925
v7,distance_high_120d,120日高値接近度,終値と120日高値の距離,True,業種,保険業,10d,10営業日,2,8,4,0.03402366112391869,0.04549236925038069,0.75,サンプル不足,-0.10486702253283925
v7,distance_high_120d,120日高値接近度,終値と120日高値の距離,True,業種,保険業,10d,10営業日,3,35,28,0.03432369078360528,0.040447884241994636,0.8214285714285714,サンプル不足,-0.10486702253283925
v7,distance_high_120d,120日高値接近度,終値と120日高値の距離,True,業種,保険業,10d,10営業日,4,27,16,-0.0022224353575516706,-0.00792691925551886,0.5,サンプル不足,-0.10486702253283925
v7,distance_high_120d,120日高値接近度,終値と120日高値の距離,True,業種,保険業,10d,10営業日,5,19,18,-0.004310001131490764,0.0007441616131619311,0.5555555555555556,サンプル不足,-0.10486702253283925
v7,distance_high_120d,120日高値接近度,終値と120日高値の距離,True,業種,保険業,1d,1営業日,1,1,1,0.012313104661389573,0.012313104661389573,1.0,サンプル不足,-0.013052851369760386
v7,distance_high_120d,120日高値接近度,終値と120日高値の距離,True,業種,保険業,1d,1営業日,2,8,8,-0.011337063066399422,-0.013846307651292966,0.375,サンプル不足,-0.013052851369760386
v7,distance_high_120d,120日高値接近度,終値と120日高値の距離,True,業種,保険業,1d,1営業日,3,35,35,0.005584489104616883,0.006974248927038573,0.6,評価可能,-0.013052851369760386
v7,distance_high_120d,120日高値接近度,終値と120日高値の距離,True,業種,保険業,1d,1営業日,4,27,27,-0.005245147791273764,-0.005172413793103403,0.48148148148148145,サンプル不足,-0.013052851369760386
v7,distance_high_120d,120日高値接近度,終値と120日高値の距離,True,業種,保険業,1d,1営業日,5,19,19,-0.0007397467083708125,0.004480759093305142,0.5263157894736842,サンプル不足,-0.013052851369760386
v7,distance_high_120d,120日高値接近度,終値と120日高値の距離,True,業種,保険業,3d,3営業日,1,1,1,0.04280269715625917,0.04280269715625917,1.0,サンプル不足,-0.03770746000478804
v7,distance_high_120d,120日高値接近度,終値と120日高値の距離,True,業種,保険業,3d,3営業日,2,8,7,-0.015095229647392547,-0.008623969562460365,0.2857142857142857,サンプル不足,-0.03770746000478804
v7,distance_high_120d,120日高値接近度,終値と120日高値の距離,True,業種,保険業,3d,3営業日,3,35,34,0.010906774684841065,0.014209696823607842,0.6764705882352942,評価可能,-0.03770746000478804
v7,distance_high_120d,120日高値接近度,終値と120日高値の距離,True,業種,保険業,3d,3営業日,4,27,27,-0.014782561629477277,-0.017914286609646557,0.37037037037037035,サンプル不足,-0.03770746000478804
v7,distance_high_120d,120日高値接近度,終値と120日高値の距離,True,業種,保険業,3d,3営業日,5,19,19,0.005095237151471129,0.005714285714285783,0.5789473684210527,サンプル不足,-0.03770746000478804
v7,distance_high_120d,120日高値接近度,終値と120日高値の距離,True,業種,保険業,5d,5営業日,1,1,1,0.06977425974787455,0.06977425974787455,1.0,サンプル不足,-0.0716624149730168
v7,distance_high_120d,120日高値接近度,終値と120日高値の距離,True,業種,保険業,5d,5営業日,2,8,7,-0.009894549865788907,-0.011800219538968149,0.2857142857142857,サンプル不足,-0.0716624149730168
v7,distance_high_120d,120日高値接近度,終値と120日高値の距離,True,業種,保険業,5d,5営業日,3,35,33,0.019227838208777562,0.012961762543381994,0.7272727272727273,評価可能,-0.0716624149730168
v7,distance_high_120d,120日高値接近度,終値と120日高値の距離,True,業種,保険業,5d,5営業日,4,27,25,-0.018805619231026957,-0.023672404836850514,0.28,サンプル不足,-0.0716624149730168
v7,distance_high_120d,120日高値接近度,終値と120日高値の距離,True,業種,保険業,5d,5営業日,5,19,19,-0.001888155225142261,-0.0002464268112370993,0.47368421052631576,サンプル不足,-0.0716624149730168
v7,distance_high_120d,120日高値接近度,終値と120日高値の距離,True,業種,倉庫・運輸関連業,10d,10営業日,1,2,1,-0.0114848236259228,-0.0114848236259228,0.0,サンプル不足,0.10259975446062601
v7,distance_high_120d,120日高値接近度,終値と120日高値の距離,True,業種,倉庫・運輸関連業,10d,10営業日,2,1,1,0.03933434190620266,0.03933434190620266,1.0,サンプル不足,0.10259975446062601
v7,distance_high_120d,120日高値接近度,終値と120日高値の距離,True,業種,倉庫・運輸関連業,10d,10営業日,3,5,4,-0.008747083460838743,-0.0026127522879665355,0.25,サンプル不足,0.10259975446062601
v7,distance_high_120d,120日高値接近度,終値と120日高値の距離,True,業種,倉庫・運輸関連業,10d,10営業日,4,6,5,-0.02676426065547723,-0.0215686274509804,0.4,サンプル不足,0.10259975446062601
v7,distance_high_120d,120日高値接近度,終値と120日高値の距離,True,業種,倉庫・運輸関連業,10d,10営業日,5,5,5,0.0911149308347032,0.12818917237087746,0.6,サンプル不足,0.10259975446062601
v7,distance_high_120d,120日高値接近度,終値と120日高値の距離,True,業種,倉庫・運輸関連業,1d,1営業日,1,2,2,-0.0006056126999991022,-0.0006056126999991022,0.5,サンプル不足,0.0005405547972995438
v7,distance_high_120d,120日高値接近度,終値と120日高値の距離,True,業種,倉庫・運輸関連業,1d,1営業日,2,1,1,0.015128593040847127,0.015128593040847127,1.0,サンプル不足,0.0005405547972995438
v7,distance_high_120d,120日高値接近度,終値と120日高値の距離,True,業種,倉庫・運輸関連業,1d,1営業日,3,5,5,-0.0030309137015092384,-0.005822981366459645,0.2,サンプル不足,0.0005405547972995438
v7,distance_high_120d,120日高値接近度,終値と120日高値の距離,True,業種,倉庫・運輸関連業,1d,1営業日,4,6,6,-0.030808451003701758,-0.009380863039399612,0.16666666666666666,サンプル不足,0.0005405547972995438
v7,distance_high_120d,120日高値接近度,終値と120日高値の距離,True,業種,倉庫・運輸関連業,1d,1営業日,5,5,5,-6.505790269955846e-05,-0.0019569471624266,0.4,サンプル不足,0.0005405547972995438
v7,distance_high_120d,120日高値接近度,終値と120日高値の距離,True,業種,倉庫・運輸関連業,3d,3営業日,1,2,2,0.01180680656312382,0.01180680656312382,0.5,サンプル不足,-0.0051356930471888685
v7,distance_high_120d,120日高値接近度,終値と120日高値の距離,True,業種,倉庫・運輸関連業,3d,3営業日,2,1,1,0.050680786686838175,0.050680786686838175,1.0,サンプル不足,-0.0051356930471888685
v7,distance_high_120d,120日高値接近度,終値と120日高値の距離,True,業種,倉庫・運輸関連業,3d,3営業日,3,5,4,0.004654687105088687,0.00143266475644695,0.5,サンプル不足,-0.0051356930471888685
v7,distance_high_120d,120日高値接近度,終値と120日高値の距離,True,業種,倉庫・運輸関連業,3d,3営業日,4,6,5,-0.034159696225047206,-0.015009380863039379,0.2,サンプル不足,-0.0051356930471888685
v7,distance_high_120d,120日高値接近度,終値と120日高値の距離,True,業種,倉庫・運輸関連業,3d,3営業日,5,5,5,0.006671113515934951,-0.0039138943248532,0.4,サンプル不足,-0.0051356930471888685
v7,distance_high_120d,120日高値接近度,終値と120日高値の距離,True,業種,倉庫・運輸関連業,5d,5営業日,1,2,2,0.019824686950826193,0.019824686950826193,0.5,サンプル不足,-0.008707965726169546
v7,distance_high_120d,120日高値接近度,終値と120日高値の距離,True,業種,倉庫・運輸関連業,5d,5営業日,2,1,1,0.03782148260211793,0.03782148260211793,1.0,サンプル不足,-0.008707965726169546
v7,distance_high_120d,120日高値接近度,終値と120日高値の距離,True,業種,倉庫・運輸関連業,5d,5営業日,3,5,4,-0.002038143362273278,-0.004168409297193425,0.5,サンプル不足,-0.008707965726169546
v7,distance_high_120d,120日高値接近度,終値と120日高値の距離,True,業種,倉庫・運輸関連業,5d,5営業日,4,6,5,-0.024898365591972175,-0.016885553470919357,0.4,サンプル不足,-0.008707965726169546
v7,distance_high_120d,120日高値接近度,終値と120日高値の距離,True,業種,倉庫・運輸関連業,5d,5営業日,5,5,5,0.011116721224656647,-0.008823529411764675,0.4,サンプル不足,-0.008707965726169546
v7,distance_high_120d,120日高値接近度,終値と120日高値の距離,True,業種,化学,10d,10営業日,1,47,41,-0.04016472881520461,-0.020319303338171224,0.4146341463414634,評価可能,0.008325882420318738
v7,distance_high_120d,120日高値接近度,終値と120日高値の距離,True,業種,化学,10d,10営業日,2,55,37,-0.05825480757603931,-0.048153214774281805,0.35135135135135137,評価可能,0.008325882420318738
v7,distance_high_120d,120日高値接近度,終値と120日高値の距離,True,業種,化学,10d,10営業日,3,58,41,-0.03856590274433746,-0.02782534246575341,0.4146341463414634,評価可能,0.008325882420318738
v7,distance_high_120d,120日高値接近度,終値と120日高値の距離,True,業種,化学,10d,10営業日,4,61,38,-0.029355801148758694,-0.009643749976362193,0.4473684210526316,評価可能,0.008325882420318738
v7,distance_high_120d,120日高値接近度,終値と120日高値の距離,True,業種,化学,10d,10営業日,5,47,29,-0.03183884639488587,-0.01746031746031751,0.3448275862068966,サンプル不足,0.008325882420318738
v7,distance_high_120d,120日高値接近度,終値と120日高値の距離,True,業種,化学,1d,1営業日,1,47,46,-0.0014693356204045918,-0.00583343853137569,0.391304347826087,評価可能,0.0031667661779854863
v7,distance_high_120d,120日高値接近度,終値と120日高値の距離,True,業種,化学,1d,1営業日,2,55,52,-0.01101266442170751,-0.012348917061129117,0.3269230769230769,評価可能,0.0031667661779854863
v7,distance_high_120d,120日高値接近度,終値と120日高値の距離,True,業種,化学,1d,1営業日,3,58,55,-0.004369028910656122,-0.001097694840834218,0.45454545454545453,評価可能,0.0031667661779854863
v7,distance_high_120d,120日高値接近度,終値と120日高値の距離,True,業種,化学,1d,1営業日,4,61,57,-0.00527825696818525,-0.00488084984209014,0.43859649122807015,評価可能,0.0031667661779854863
v7,distance_high_120d,120日高値接近度,終値と120日高値の距離,True,業種,化学,1d,1営業日,5,47,43,0.0016974305575808946,-0.004486540378863424,0.4186046511627907,評価可能,0.0031667661779854863
v7,distance_high_120d,120日高値接近度,終値と120日高値の距離,True,業種,化学,3d,3営業日,1,47,44,-0.013898081887932366,-0.0037006174141738235,0.45454545454545453,評価可能,0.01239731263873083
v7,distance_high_120d,120日高値接近度,終値と120日高値の距離,True,業種,化学,3d,3営業日,2,55,49,-0.020255305081826592,-0.021486246065416714,0.30612244897959184,評価可能,0.01239731263873083
v7,distance_high_120d,120日高値接近度,終値と120日高値の距離,True,業種,化学,3d,3営業日,3,58,51,-0.006753402502449358,-0.013412496285938547,0.4117647058823529,評価可能,0.01239731263873083
v7,distance_high_120d,120日高値接近度,終値と120日高値の距離,True,業種,化学,3d,3営業日,4,61,47,-0.01962564840535958,-0.0064102564102563875,0.40425531914893614,評価可能,0.01239731263873083
v7,distance_high_120d,120日高値接近度,終値と120日高値の距離,True,業種,化学,3d,3営業日,5,47,39,-0.001500769249201537,-0.010714285714285676,0.38461538461538464,評価可能,0.01239731263873083
v7,distance_high_120d,120日高値接近度,終値と120日高値の距離,True,業種,化学,5d,5営業日,1,47,42,-0.01693108941110448,-0.014206014509124672,0.40476190476190477,評価可能,0.006387844694680544
v7,distance_high_120d,120日高値接近度,終値と120日高値の距離,True,業種,化学,5d,5営業日,2,55,46,-0.026095061311897486,-0.023383322988547728,0.32608695652173914,評価可能,0.006387844694680544
v7,distance_high_120d,120日高値接近度,終値と120日高値の距離,True,業種,化学,5d,5営業日,3,58,48,-0.01617745946192538,-0.007151402924583272,0.3958333333333333,評価可能,0.006387844694680544
v7,distance_high_120d,120日高値接近度,終値と120日高値の距離,True,業種,化学,5d,5営業日,4,61,43,-0.01656549618237726,-0.001115448968209698,0.4883720930232558,評価可能,0.006387844694680544
v7,distance_high_120d,120日高値接近度,終値と120日高値の距離,True,業種,化学,5d,5営業日,5,47,35,-0.010543244716423936,-0.004909983633387904,0.42857142857142855,評価可能,0.006387844694680544
v7,distance_high_120d,120日高値接近度,終値と120日高値の距離,True,業種,医薬品,10d,10営業日,1,9,7,-0.1221333681009806,-0.1143216080402009,0.2857142857142857,サンプル不足,0.22916929624469315
v7,distance_high_120d,120日高値接近度,終値と120日高値の距離,True,業種,医薬品,10d,10営業日,2,12,8,-0.04148842240870997,-0.024690972755300022,0.25,サンプル不足,0.22916929624469315
v7,distance_high_120d,120日高値接近度,終値と120日高値の距離,True,業種,医薬品,10d,10営業日,3,9,6,-0.005137694880907743,-0.00611700584492636,0.5,サンプル不足,0.22916929624469315
v7,distance_high_120d,120日高値接近度,終値と120日高値の距離,True,業種,医薬品,10d,10営業日,4,3,1,-0.04915912031047864,-0.04915912031047864,0.0,サンプル不足,0.22916929624469315
v7,distance_high_120d,120日高値接近度,終値と120日高値の距離,True,業種,医薬品,10d,10営業日,5,2,1,0.10703592814371254,0.10703592814371254,1.0,サンプル不足,0.22916929624469315
v7,distance_high_120d,120日高値接近度,終値と120日高値の距離,True,業種,医薬品,1d,1営業日,1,9,9,-0.05588686891954423,-0.0013192612137202,0.3333333333333333,サンプル不足,0.060409995040384
v7,distance_high_120d,120日高値接近度,終値と120日高値の距離,True,業種,医薬品,1d,1営業日,2,12,12,-0.01839833906905677,-0.004195346845300929,0.25,サンプル不足,0.060409995040384
v7,distance_high_120d,120日高値接近度,終値と120日高値の距離,True,業種,医薬品,1d,1営業日,3,9,9,-0.02410539147608775,-0.012506797172376238,0.2222222222222222,サンプル不足,0.060409995040384
v7,distance_high_120d,120日高値接近度,終値と120日高値の距離,True,業種,医薬品,1d,1営業日,4,3,3,0.002429402028828872,-0.012052401746724839,0.3333333333333333,サンプル不足,0.060409995040384
v7,distance_high_120d,120日高値接近度,終値と120日高値の距離,True,業種,医薬品,1d,1営業日,5,2,2,0.004523126120839771,0.004523126120839771,0.5,サンプル不足,0.060409995040384
v7,distance_high_120d,120日高値接近度,終値と120日高値の距離,True,業種,医薬品,3d,3営業日,1,9,8,-0.07398927015019469,-0.05154832778357048,0.25,サンプル不足,0.1361150186531887
v7,distance_high_120d,120日高値接近度,終値と120日高値の距離,True,業種,医薬品,3d,3営業日,2,12,12,-0.04133433745167999,-0.009986039515792133,0.4166666666666667,サンプル不足,0.1361150186531887
v7,distance_high_120d,120日高値接近度,終値と120日高値の距離,True,業種,医薬品,3d,3営業日,3,9,9,-0.03643611781859671,-0.04021587743732591,0.2222222222222222,サンプル不足,0.1361150186531887
v7,distance_high_120d,120日高値接近度,終値と120日高値の距離,True,業種,医薬品,3d,3営業日,4,3,2,0.025680671953803136,0.025680671953803136,0.5,サンプル不足,0.1361150186531887
v7,distance_high_120d,120日高値接近度,終値と120日高値の距離,True,業種,医薬品,3d,3営業日,5,2,1,0.062125748502994016,0.062125748502994016,1.0,サンプル不足,0.1361150186531887
v7,distance_high_120d,120日高値接近度,終値と120日高値の距離,True,業種,医薬品,5d,5営業日,1,9,8,-0.08947685111281081,-0.06645994778357185,0.25,サンプル不足,0.15384810859784073
v7,distance_high_120d,120日高値接近度,終値と120日高値の距離,True,業種,医薬品,5d,5営業日,2,12,12,-0.050563270597012606,-0.03128791818339399,0.4166666666666667,サンプル不足,0.15384810859784073
v7,distance_high_120d,120日高値接近度,終値と120日高値の距離,True,業種,医薬品,5d,5営業日,3,9,9,-0.03239397353733964,-0.03349282296650713,0.1111111111111111,サンプル不足,0.15384810859784073
v7,distance_high_120d,120日高値接近度,終値と120日高値の距離,True,業種,医薬品,5d,5営業日,4,3,2,0.023447887957702862,0.023447887957702862,0.5,サンプル不足,0.15384810859784073
v7,distance_high_120d,120日高値接近度,終値と120日高値の距離,True,業種,医薬品,5d,5営業日,5,2,1,0.06437125748502992,0.06437125748502992,1.0,サンプル不足,0.15384810859784073
v7,distance_high_120d,120日高値接近度,終値と120日高値の距離,True,業種,卸売業,10d,10営業日,1,37,27,-0.025291394408947638,-0.0298165137614678,0.3333333333333333,サンプル不足,0.011944942393138506
v7,distance_high_120d,120日高値接近度,終値と120日高値の距離,True,業種,卸売業,10d,10営業日,2,32,22,0.0019351931647667473,0.006405392225304649,0.5454545454545454,サンプル不足,0.011944942393138506
v7,distance_high_120d,120日高値接近度,終値と120日高値の距離,True,業種,卸売業,10d,10営業日,3,39,22,0.027890782467135777,0.007561785484676231,0.5454545454545454,サンプル不足,0.011944942393138506
v7,distance_high_120d,120日高値接近度,終値と120日高値の距離,True,業種,卸売業,10d,10営業日,4,37,17,-0.004533642385188961,0.003632299525006877,0.5294117647058824,サンプル不足,0.011944942393138506
v7,distance_high_120d,120日高値接近度,終値と120日高値の距離,True,業種,卸売業,10d,10営業日,5,51,21,-0.013346452015809132,-0.02100000000000002,0.38095238095238093,サンプル不足,0.011944942393138506
v7,distance_high_120d,120日高値接近度,終値と120日高値の距離,True,業種,卸売業,1d,1営業日,1,37,35,0.005201484953030108,-0.0007575757575757347,0.4857142857142857,評価可能,0.016387675396969163
v7,distance_high_120d,120日高値接近度,終値と120日高値の距離,True,業種,卸売業,1d,1営業日,2,32,30,-0.0037291887595055323,-0.0007072135785007,0.4666666666666667,評価可能,0.016387675396969163
v7,distance_high_120d,120日高値接近度,終値と120日高値の距離,True,業種,卸売業,1d,1営業日,3,39,37,-0.006911353842905474,-0.0034632034632035014,0.43243243243243246,評価可能,0.016387675396969163
v7,distance_high_120d,120日高値接近度,終値と120日高値の距離,True,業種,卸売業,1d,1営業日,4,37,34,0.0083505344663688,0.006009472926031045,0.6176470588235294,評価可能,0.016387675396969163
v7,distance_high_120d,120日高値接近度,終値と120日高値の距離,True,業種,卸売業,1d,1営業日,5,51,48,0.021589160349999272,-0.0008017397566234541,0.4791666666666667,評価可能,0.016387675396969163
v7,distance_high_120d,120日高値接近度,終値と120日高値の距離,True,業種,卸売業,3d,3営業日,1,37,34,-0.020965193089850825,-0.010267130085376164,0.4117647058823529,評価可能,0.05396684309437788
v7,distance_high_120d,120日高値接近度,終値と120日高値の距離,True,業種,卸売業,3d,3営業日,2,32,28,0.0010988075803365182,-0.00336071695294995,0.4642857142857143,サンプル不足,0.05396684309437788
v7,distance_high_120d,120日高値接近度,終値と120日高値の距離,True,業種,卸売業,3d,3営業日,3,39,31,-0.00021786838981847418,-0.0045977011494252595,0.45161290322580644,評価可能,0.05396684309437788
v7,distance_high_120d,120日高値接近度,終値と120日高値の距離,True,業種,卸売業,3d,3営業日,4,37,29,-0.00939040266815214,-0.011417697431018059,0.3448275862068966,サンプル不足,0.05396684309437788
v7,distance_high_120d,120日高値接近度,終値と120日高値の距離,True,業種,卸売業,3d,3営業日,5,51,44,0.03300165000452706,0.011570465344050259,0.5909090909090909,評価可能,0.05396684309437788
v7,distance_high_120d,120日高値接近度,終値と120日高値の距離,True,業種,卸売業,5d,5営業日,1,37,33,-0.022898247244765278,-0.0143061516452074,0.30303030303030304,評価可能,0.052373610906358545
v7,distance_high_120d,120日高値接近度,終値と120日高値の距離,True,業種,卸売業,5d,5営業日,2,32,27,-0.002740280435431586,-0.0185979971387696,0.4074074074074074,サンプル不足,0.052373610906358545
v7,distance_high_120d,120日高値接近度,終値と120日高値の距離,True,業種,卸売業,5d,5営業日,3,39,28,0.011305762109635928,0.006230463451171948,0.6071428571428571,サンプル不足,0.052373610906358545
v7,distance_high_120d,120日高値接近度,終値と120日高値の距離,True,業種,卸売業,5d,5営業日,4,37,23,-0.0062387495030970155,-0.0003731343283581,0.4782608695652174,サンプル不足,0.052373610906358545
v7,distance_high_120d,120日高値接近度,終値と120日高値の距離,True,業種,卸売業,5d,5営業日,5,51,32,0.029475363661593264,0.0054494316184225955,0.53125,評価可能,0.052373610906358545
v7,distance_high_120d,120日高値接近度,終値と120日高値の距離,True,業種,小売業,10d,10営業日,1,38,21,-0.005989387240839422,-0.0076923076923076,0.42857142857142855,サンプル不足,0.0060554218303145455
v7,distance_high_120d,120日高値接近度,終値と120日高値の距離,True,業種,小売業,10d,10営業日,2,43,33,0.02970771545807373,0.015237265999129335,0.6060606060606061,評価可能,0.0060554218303145455
v7,distance_high_120d,120日高値接近度,終値と120日高値の距離,True,業種,小売業,10d,10営業日,3,44,33,0.032169655069822126,0.023792357606344572,0.5454545454545454,評価可能,0.0060554218303145455
v7,distance_high_120d,120日高値接近度,終値と120日高値の距離,True,業種,小売業,10d,10営業日,4,41,26,0.01095055218267245,0.0171751268931557,0.6538461538461539,サンプル不足,0.0060554218303145455
v7,distance_high_120d,120日高値接近度,終値と120日高値の距離,True,業種,小売業,10d,10営業日,5,57,54,6.603458947512386e-05,0.001002021516597007,0.5,評価可能,0.0060554218303145455
v7,distance_high_120d,120日高値接近度,終値と120日高値の距離,True,業種,小売業,1d,1営業日,1,38,36,-0.0007763187799141552,-0.0032905087765856544,0.4444444444444444,評価可能,0.0007461530287768039
v7,distance_high_120d,120日高値接近度,終値と120日高値の距離,True,業種,小売業,1d,1営業日,2,43,43,0.010933767596494282,0.0007955449482894,0.5581395348837209,評価可能,0.0007461530287768039
v7,distance_high_120d,120日高値接近度,終値と120日高値の距離,True,業種,小売業,1d,1営業日,3,44,43,-0.005445949774388541,-0.0056017347307553145,0.3488372093023256,評価可能,0.0007461530287768039
v7,distance_high_120d,120日高値接近度,終値と120日高値の距離,True,業種,小売業,1d,1営業日,4,41,40,0.0013539305438961678,-0.0005257623554153,0.425,評価可能,0.0007461530287768039
v7,distance_high_120d,120日高値接近度,終値と120日高値の距離,True,業種,小売業,1d,1営業日,5,57,57,-3.0165751137351276e-05,-0.002169197396963,0.43859649122807015,評価可能,0.0007461530287768039
v7,distance_high_120d,120日高値接近度,終値と120日高値の距離,True,業種,小売業,3d,3営業日,1,38,33,0.005571219441460716,-0.0008900756564308443,0.45454545454545453,評価可能,-0.0013186792016091457
v7,distance_high_120d,120日高値接近度,終値と120日高値の距離,True,業種,小売業,3d,3営業日,2,43,41,0.004132175621519487,0.0,0.4878048780487805,評価可能,-0.0013186792016091457
v7,distance_high_120d,120日高値接近度,終値と120日高値の距離,True,業種,小売業,3d,3営業日,3,44,43,0.005713873649999651,0.007349762213575417,0.5348837209302325,評価可能,-0.0013186792016091457
v7,distance_high_120d,120日高値接近度,終値と120日高値の距離,True,業種,小売業,3d,3営業日,4,41,38,0.003284215482210849,-0.005516311234018523,0.39473684210526316,評価可能,-0.0013186792016091457
v7,distance_high_120d,120日高値接近度,終値と120日高値の距離,True,業種,小売業,3d,3営業日,5,57,57,0.00425254023985157,0.006714195296773751,0.5614035087719298,評価可能,-0.0013186792016091457
v7,distance_high_120d,120日高値接近度,終値と120日高値の距離,True,業種,小売業,5d,5営業日,1,38,30,-0.003638724222476619,-0.014063179781565894,0.4,評価可能,0.00787032711682039
v7,distance_high_120d,120日高値接近度,終値と120日高値の距離,True,業種,小売業,5d,5営業日,2,43,39,0.013064078859937439,0.013931214627775468,0.5897435897435898,評価可能,0.00787032711682039
v7,distance_high_120d,120日高値接近度,終値と120日高値の距離,True,業種,小売業,5d,5営業日,3,44,43,0.014401507934619062,0.010217113665389466,0.5581395348837209,評価可能,0.00787032711682039
v7,distance_high_120d,120日高値接近度,終値と120日高値の距離,True,業種,小売業,5d,5営業日,4,41,37,-0.0033709779032037577,-0.002447980416156681,0.43243243243243246,評価可能,0.00787032711682039
v7,distance_high_120d,120日高値接近度,終値と120日高値の距離,True,業種,小売業,5d,5営業日,5,57,57,0.00423160289434377,0.004847129008202833,0.5263157894736842,評価可能,0.00787032711682039
v7,distance_high_120d,120日高値接近度,終値と120日高値の距離,True,業種,建設業,10d,10営業日,1,14,11,-0.09871596243718833,-0.05599425699928218,0.0,サンプル不足,0.0806763355312479
v7,distance_high_120d,120日高値接近度,終値と120日高値の距離,True,業種,建設業,10d,10営業日,2,17,15,-0.06559159272648482,-0.05,0.2,サンプル不足,0.0806763355312479
v7,distance_high_120d,120日高値接近度,終値と120日高値の距離,True,業種,建設業,10d,10営業日,3,6,5,-0.015325317606068995,-0.0017513134851138146,0.4,サンプル不足,0.0806763355312479
v7,distance_high_120d,120日高値接近度,終値と120日高値の距離,True,業種,建設業,10d,10営業日,4,7,5,-0.04123436033558346,-0.03388681802778715,0.2,サンプル不足,0.0806763355312479
v7,distance_high_120d,120日高値接近度,終値と120日高値の距離,True,業種,建設業,10d,10営業日,5,15,9,-0.01803962690594043,-0.0290096698899633,0.4444444444444444,サンプル不足,0.0806763355312479
v7,distance_high_120d,120日高値接近度,終値と120日高値の距離,True,業種,建設業,1d,1営業日,1,14,14,-0.014124685129163424,-0.015917883066124218,0.14285714285714285,サンプル不足,-0.003735521564445475
v7,distance_high_120d,120日高値接近度,終値と120日高値の距離,True,業種,建設業,1d,1営業日,2,17,17,-0.03571400775886391,-0.027599665458600486,0.11764705882352941,サンプル不足,-0.003735521564445475
v7,distance_high_120d,120日高値接近度,終値と120日高値の距離,True,業種,建設業,1d,1営業日,3,6,5,-0.004195617769471495,0.0,0.4,サンプル不足,-0.003735521564445475
v7,distance_high_120d,120日高値接近度,終値と120日高値の距離,True,業種,建設業,1d,1営業日,4,7,7,0.0024503452254258035,0.0017559262510975504,0.5714285714285714,サンプル不足,-0.003735521564445475
v7,distance_high_120d,120日高値接近度,終値と120日高値の距離,True,業種,建設業,1d,1営業日,5,15,15,-0.0178602066936089,-0.023821853961677908,0.2,サンプル不足,-0.003735521564445475
v7,distance_high_120d,120日高値接近度,終値と120日高値の距離,True,業種,建設業,3d,3営業日,1,14,13,-0.04451941732999301,-0.03546099290780147,0.23076923076923078,サンプル不足,0.030838230559679828
v7,distance_high_120d,120日高値接近度,終値と120日高値の距離,True,業種,建設業,3d,3営業日,2,17,16,-0.038378437790010954,-0.025912617820132197,0.3125,サンプル不足,0.030838230559679828
v7,distance_high_120d,120日高値接近度,終値と120日高値の距離,True,業種,建設業,3d,3営業日,3,6,5,-0.009537513056539786,0.0008756567425569628,0.6,サンプル不足,0.030838230559679828
v7,distance_high_120d,120日高値接近度,終値と120日高値の距離,True,業種,建設業,3d,3営業日,4,7,6,-0.008279183388209438,0.005267778753292429,0.6666666666666666,サンプル不足,0.030838230559679828
v7,distance_high_120d,120日高値接近度,終値と120日高値の距離,True,業種,建設業,3d,3営業日,5,15,14,-0.013681186770313183,-0.009746418892760395,0.35714285714285715,サンプル不足,0.030838230559679828
v7,distance_high_120d,120日高値接近度,終値と120日高値の距離,True,業種,建設業,5d,5営業日,1,14,12,-0.0660873617592271,-0.05820388670810994,0.16666666666666666,サンプル不足,0.0584531781759633
v7,distance_high_120d,120日高値接近度,終値と120日高値の距離,True,業種,建設業,5d,5営業日,2,17,16,-0.030441775149258454,-0.018630535297201947,0.3125,サンプル不足,0.0584531781759633
v7,distance_high_120d,120日高値接近度,終値と120日高値の距離,True,業種,建設業,5d,5営業日,3,6,5,-0.01795666209434471,0.0,0.4,サンプル不足,0.0584531781759633
v7,distance_high_120d,120日高値接近度,終値と120日高値の距離,True,業種,建設業,5d,5営業日,4,7,5,-0.027827409678064526,-0.0084033613445377,0.4,サンプル不足,0.0584531781759633
v7,distance_high_120d,120日高値接近度,終値と120日高値の距離,True,業種,建設業,5d,5営業日,5,15,13,-0.0076341835832637915,-0.014771556166265909,0.3076923076923077,サンプル不足,0.0584531781759633
v7,distance_high_120d,120日高値接近度,終値と120日高値の距離,True,業種,情報・通信業,10d,10営業日,1,168,122,-0.005013806724774164,0.004897439974558679,0.5081967213114754,評価可能,0.03939192936069897
v7,distance_high_120d,120日高値接近度,終値と120日高値の距離,True,業種,情報・通信業,10d,10営業日,2,78,53,0.0178962497262962,0.0070921985815601,0.5283018867924528,評価可能,0.03939192936069897
v7,distance_high_120d,120日高値接近度,終値と120日高値の距離,True,業種,情報・通信業,10d,10営業日,3,85,58,0.004532539944612731,-0.004075486295313879,0.4827586206896552,評価可能,0.03939192936069897
v7,distance_high_120d,120日高値接近度,終値と120日高値の距離,True,業種,情報・通信業,10d,10営業日,4,100,69,0.0019351998417650145,0.00728155339805836,0.5362318840579711,評価可能,0.03939192936069897
v7,distance_high_120d,120日高値接近度,終値と120日高値の距離,True,業種,情報・通信業,10d,10営業日,5,108,74,0.0343781226359248,0.012958353194569505,0.5675675675675675,評価可能,0.03939192936069897
v7,distance_high_120d,120日高値接近度,終値と120日高値の距離,True,業種,情報・通信業,1d,1営業日,1,168,162,-0.0035243560432089943,-0.006285806724471155,0.4382716049382716,評価可能,0.01105757321819688
v7,distance_high_120d,120日高値接近度,終値と120日高値の距離,True,業種,情報・通信業,1d,1営業日,2,78,77,0.012390221218448863,0.0,0.4935064935064935,評価可能,0.01105757321819688
v7,distance_high_120d,120日高値接近度,終値と120日高値の距離,True,業種,情報・通信業,1d,1営業日,3,85,83,-0.007863024547435626,-0.003278688524590123,0.43373493975903615,評価可能,0.01105757321819688
v7,distance_high_120d,120日高値接近度,終値と120日高値の距離,True,業種,情報・通信業,1d,1営業日,4,100,99,-0.001869738498583153,0.0,0.4444444444444444,評価可能,0.01105757321819688
v7,distance_high_120d,120日高値接近度,終値と120日高値の距離,True,業種,情報・通信業,1d,1営業日,5,108,106,0.007533217174987885,-0.0028334188721936826,0.4339622641509434,評価可能,0.01105757321819688
v7,distance_high_120d,120日高値接近度,終値と120日高値の距離,True,業種,情報・通信業,3d,3営業日,1,168,153,-0.014801925124064653,-0.012030075187969946,0.41830065359477125,評価可能,0.025477546088623355
v7,distance_high_120d,120日高値接近度,終値と120日高値の距離,True,業種,情報・通信業,3d,3営業日,2,78,75,0.02451541391110569,0.009386281588447565,0.5466666666666666,評価可能,0.025477546088623355
v7,distance_high_120d,120日高値接近度,終値と120日高値の距離,True,業種,情報・通信業,3d,3営業日,3,85,76,-0.016654167606199848,-0.009225879701001971,0.40789473684210525,評価可能,0.025477546088623355
v7,distance_high_120d,120日高値接近度,終値と120日高値の距離,True,業種,情報・通信業,3d,3営業日,4,100,96,0.000701745394510029,0.000705449041264683,0.5208333333333334,評価可能,0.025477546088623355
v7,distance_high_120d,120日高値接近度,終値と120日高値の距離,True,業種,情報・通信業,3d,3営業日,5,108,101,0.010675620964558702,-0.002873563218390829,0.44554455445544555,評価可能,0.025477546088623355
v7,distance_high_120d,120日高値接近度,終値と120日高値の距離,True,業種,情報・通信業,5d,5営業日,1,168,141,-0.019315742275805355,-0.023076923076923106,0.3900709219858156,評価可能,0.049323753421588415
v7,distance_high_120d,120日高値接近度,終値と120日高値の距離,True,業種,情報・通信業,5d,5営業日,2,78,69,0.006310764726369978,0.0029940119760478,0.5072463768115942,評価可能,0.049323753421588415
v7,distance_high_120d,120日高値接近度,終値と120日高値の距離,True,業種,情報・通信業,5d,5営業日,3,85,73,-0.006708761117385476,-0.0036264732547597,0.4520547945205479,評価可能,0.049323753421588415
v7,distance_high_120d,120日高値接近度,終値と120日高値の距離,True,業種,情報・通信業,5d,5営業日,4,100,90,-0.0022181296063401843,0.003005766025496617,0.5333333333333333,評価可能,0.049323753421588415
v7,distance_high_120d,120日高値接近度,終値と120日高値の距離,True,業種,情報・通信業,5d,5営業日,5,108,93,0.03000801114578306,0.0015075376884421399,0.5053763440860215,評価可能,0.049323753421588415
v7,distance_high_120d,120日高値接近度,終値と120日高値の距離,True,業種,機械,10d,10営業日,1,45,35,-0.09490898758107301,-0.0947574080104201,0.11428571428571428,評価可能,0.020923634584122372
v7,distance_high_120d,120日高値接近度,終値と120日高値の距離,True,業種,機械,10d,10営業日,2,47,37,-0.07555592213363127,-0.05994245524296671,0.1891891891891892,評価可能,0.020923634584122372
v7,distance_high_120d,120日高値接近度,終値と120日高値の距離,True,業種,機械,10d,10営業日,3,37,29,-0.08754992027315985,-0.06622516556291391,0.06896551724137931,サンプル不足,0.020923634584122372
v7,distance_high_120d,120日高値接近度,終値と120日高値の距離,True,業種,機械,10d,10営業日,4,39,32,-0.0687541547061124,-0.059234693877550954,0.3125,評価可能,0.020923634584122372
v7,distance_high_120d,120日高値接近度,終値と120日高値の距離,True,業種,機械,10d,10営業日,5,37,27,-0.07398535299695064,-0.0673015873015873,0.14814814814814814,サンプル不足,0.020923634584122372
v7,distance_high_120d,120日高値接近度,終値と120日高値の距離,True,業種,機械,1d,1営業日,1,45,42,0.0005691194478016201,-0.006468151623907514,0.42857142857142855,評価可能,0.001153454154074545
v7,distance_high_120d,120日高値接近度,終値と120日高値の距離,True,業種,機械,1d,1営業日,2,47,46,-0.015219129501061666,-0.009302976669348317,0.3695652173913043,評価可能,0.001153454154074545
v7,distance_high_120d,120日高値接近度,終値と120日高値の距離,True,業種,機械,1d,1営業日,3,37,35,-0.007502011813905904,-0.001315789473684159,0.45714285714285713,評価可能,0.001153454154074545
v7,distance_high_120d,120日高値接近度,終値と120日高値の距離,True,業種,機械,1d,1営業日,4,39,39,-0.011674651232839844,-0.010204081632653073,0.41025641025641024,評価可能,0.001153454154074545
v7,distance_high_120d,120日高値接近度,終値と120日高値の距離,True,業種,機械,1d,1営業日,5,37,37,0.001722573601876165,-0.0077071290944122905,0.43243243243243246,評価可能,0.001153454154074545
v7,distance_high_120d,120日高値接近度,終値と120日高値の距離,True,業種,機械,3d,3営業日,1,45,39,-0.03963682522970065,-0.034682080924855474,0.3333333333333333,評価可能,0.020019529395268437
v7,distance_high_120d,120日高値接近度,終値と120日高値の距離,True,業種,機械,3d,3営業日,2,47,42,-0.01391195553344626,-0.019941635954619168,0.2857142857142857,評価可能,0.020019529395268437
v7,distance_high_120d,120日高値接近度,終値と120日高値の距離,True,業種,機械,3d,3営業日,3,37,34,-0.03198175622153501,-0.030003773000141454,0.17647058823529413,評価可能,0.020019529395268437
v7,distance_high_120d,120日高値接近度,終値と120日高値の距離,True,業種,機械,3d,3営業日,4,39,38,-0.02740635361909171,-0.019756938866556994,0.3684210526315789,評価可能,0.020019529395268437
v7,distance_high_120d,120日高値接近度,終値と120日高値の距離,True,業種,機械,3d,3営業日,5,37,34,-0.01961729583443221,-0.02567946002225968,0.35294117647058826,評価可能,0.020019529395268437
v7,distance_high_120d,120日高値接近度,終値と120日高値の距離,True,業種,機械,5d,5営業日,1,45,37,-0.06697234738247788,-0.0623753158664716,0.21621621621621623,評価可能,0.017640688826242888
v7,distance_high_120d,120日高値接近度,終値と120日高値の距離,True,業種,機械,5d,5営業日,2,47,40,-0.045723508106920184,-0.046234693877551025,0.3,評価可能,0.017640688826242888
v7,distance_high_120d,120日高値接近度,終値と120日高値の距離,True,業種,機械,5d,5営業日,3,37,31,-0.046560849785399004,-0.04851330203442883,0.1935483870967742,評価可能,0.017640688826242888
v7,distance_high_120d,120日高値接近度,終値と120日高値の距離,True,業種,機械,5d,5営業日,4,39,37,-0.04588335349639251,-0.04756096657560305,0.3783783783783784,評価可能,0.017640688826242888
v7,distance_high_120d,120日高値接近度,終値と120日高値の距離,True,業種,機械,5d,5営業日,5,37,32,-0.049331658556234996,-0.040821863488850196,0.15625,評価可能,0.017640688826242888
v7,distance_high_120d,120日高値接近度,終値と120日高値の距離,True,業種,海運業,10d,10営業日,1,2,1,0.04751131221719462,0.04751131221719462,1.0,サンプル不足,-0.03733587362070345
v7,distance_high_120d,120日高値接近度,終値と120日高値の距離,True,業種,海運業,10d,10営業日,2,5,3,0.03354633053344728,0.028422468886646568,1.0,サンプル不足,-0.03733587362070345
v7,distance_high_120d,120日高値接近度,終値と120日高値の距離,True,業種,海運業,10d,10営業日,3,6,4,0.08126356783189109,0.0727649233769797,1.0,サンプル不足,-0.03733587362070345
v7,distance_high_120d,120日高値接近度,終値と120日高値の距離,True,業種,海運業,10d,10営業日,4,5,2,0.008193655684056445,0.008193655684056445,0.5,サンプル不足,-0.03733587362070345
v7,distance_high_120d,120日高値接近度,終値と120日高値の距離,True,業種,海運業,10d,10営業日,5,4,1,0.010175438596491171,0.010175438596491171,1.0,サンプル不足,-0.03733587362070345
v7,distance_high_120d,120日高値接近度,終値と120日高値の距離,True,業種,海運業,1d,1営業日,1,2,2,-0.000997895158266482,-0.000997895158266482,0.5,サンプル不足,0.029815799457799424
v7,distance_high_120d,120日高値接近度,終値と120日高値の距離,True,業種,海運業,1d,1営業日,2,5,5,0.01339899045626547,0.02186343760511278,0.8,サンプル不足,0.029815799457799424
v7,distance_high_120d,120日高値接近度,終値と120日高値の距離,True,業種,海運業,1d,1営業日,3,6,6,0.01243371790035519,0.009068215701890203,1.0,サンプル不足,0.029815799457799424
v7,distance_high_120d,120日高値接近度,終値と120日高値の距離,True,業種,海運業,1d,1営業日,4,5,5,-0.0034766862374183026,0.005734767025089571,0.6,サンプル不足,0.029815799457799424
v7,distance_high_120d,120日高値接近度,終値と120日高値の距離,True,業種,海運業,1d,1営業日,5,4,3,0.028817904299532942,0.006315789473684275,0.6666666666666666,サンプル不足,0.029815799457799424
v7,distance_high_120d,120日高値接近度,終値と120日高値の距離,True,業種,海運業,3d,3営業日,1,2,2,0.027967953821953384,0.027967953821953384,1.0,サンプル不足,-0.011024336918058413
v7,distance_high_120d,120日高値接近度,終値と120日高値の距離,True,業種,海運業,3d,3営業日,2,5,4,0.029570203832134823,0.02612418177901854,1.0,サンプル不足,-0.011024336918058413
v7,distance_high_120d,120日高値接近度,終値と120日高値の距離,True,業種,海運業,3d,3営業日,3,6,5,0.024427205812824582,0.02036363636363636,1.0,サンプル不足,-0.011024336918058413
v7,distance_high_120d,120日高値接近度,終値と120日高値の距離,True,業種,海運業,3d,3営業日,4,5,5,0.007788153649507201,0.009139784946236462,0.8,サンプル不足,-0.011024336918058413
v7,distance_high_120d,120日高値接近度,終値と120日高値の距離,True,業種,海運業,3d,3営業日,5,4,3,0.01694361690389497,0.00403508771929828,0.6666666666666666,サンプル不足,-0.011024336918058413
v7,distance_high_120d,120日高値接近度,終値と120日高値の距離,True,業種,海運業,5d,5営業日,1,2,1,0.04768534632788035,0.04768534632788035,1.0,サンプル不足,-0.013199340958061669
v7,distance_high_120d,120日高値接近度,終値と120日高値の距離,True,業種,海運業,5d,5営業日,2,5,3,0.028943268191026144,0.02758156744029594,0.6666666666666666,サンプル不足,-0.013199340958061669
v7,distance_high_120d,120日高値接近度,終値と120日高値の距離,True,業種,海運業,5d,5営業日,3,6,4,0.030406013370659957,0.02696285434995105,1.0,サンプル不足,-0.013199340958061669
v7,distance_high_120d,120日高値接近度,終値と120日高値の距離,True,業種,海運業,5d,5営業日,4,5,3,0.019392939220270227,0.0168708932694015,1.0,サンプル不足,-0.013199340958061669
v7,distance_high_120d,120日高値接近度,終値と120日高値の距離,True,業種,海運業,5d,5営業日,5,4,3,0.03448600536981868,0.006315789473684275,1.0,サンプル不足,-0.013199340958061669
v7,distance_high_120d,120日高値接近度,終値と120日高値の距離,True,業種,石油・石炭製品,10d,10営業日,1,5,4,0.01650456214560301,0.006487328288509453,0.5,サンプル不足,-0.09064249318008571
v7,distance_high_120d,120日高値接近度,終値と120日高値の距離,True,業種,石油・石炭製品,10d,10営業日,2,1,1,-0.0037593984962406,-0.0037593984962406,0.0,サンプル不足,-0.09064249318008571
v7,distance_high_120d,120日高値接近度,終値と120日高値の距離,True,業種,石油・石炭製品,10d,10営業日,4,1,1,-0.1058122205663188,-0.1058122205663188,0.0,サンプル不足,-0.09064249318008571
v7,distance_high_120d,120日高値接近度,終値と120日高値の距離,True,業種,石油・石炭製品,10d,10営業日,5,1,1,-0.0741379310344827,-0.0741379310344827,0.0,サンプル不足,-0.09064249318008571
v7,distance_high_120d,120日高値接近度,終値と120日高値の距離,True,業種,石油・石炭製品,1d,1営業日,1,5,5,-0.016461748448451663,-0.01462317210348707,0.2,サンプル不足,-0.06629687224120354
v7,distance_high_120d,120日高値接近度,終値と120日高値の距離,True,業種,石油・石炭製品,1d,1営業日,2,1,1,0.019736842105263,0.019736842105263,1.0,サンプル不足,-0.06629687224120354
v7,distance_high_120d,120日高値接近度,終値と120日高値の距離,True,業種,石油・石炭製品,1d,1営業日,4,1,1,-0.1418777943368107,-0.1418777943368107,0.0,サンプル不足,-0.06629687224120354
v7,distance_high_120d,120日高値接近度,終値と120日高値の距離,True,業種,石油・石炭製品,1d,1営業日,5,1,1,-0.0827586206896552,-0.0827586206896552,0.0,サンプル不足,-0.06629687224120354
v7,distance_high_120d,120日高値接近度,終値と120日高値の距離,True,業種,石油・石炭製品,3d,3営業日,1,5,5,-0.022828256714345692,-0.03066566940912485,0.0,サンプル不足,-0.04225795018220601
v7,distance_high_120d,120日高値接近度,終値と120日高値の距離,True,業種,石油・石炭製品,3d,3営業日,2,1,1,-0.0300751879699248,-0.0300751879699248,0.0,サンプル不足,-0.04225795018220601
v7,distance_high_120d,120日高値接近度,終値と120日高値の距離,True,業種,石油・石炭製品,3d,3営業日,4,1,1,-0.1302533532041728,-0.1302533532041728,0.0,サンプル不足,-0.04225795018220601
v7,distance_high_120d,120日高値接近度,終値と120日高値の距離,True,業種,石油・石炭製品,3d,3営業日,5,1,1,-0.0650862068965517,-0.0650862068965517,0.0,サンプル不足,-0.04225795018220601
v7,distance_high_120d,120日高値接近度,終値と120日高値の距離,True,業種,石油・石炭製品,5d,5営業日,1,5,5,-0.01791096055402836,-0.01687289088863897,0.4,サンプル不足,-0.08596834979079915
v7,distance_high_120d,120日高値接近度,終値と120日高値の距離,True,業種,石油・石炭製品,5d,5営業日,2,1,1,0.0263157894736842,0.0263157894736842,1.0,サンプル不足,-0.08596834979079915
v7,distance_high_120d,120日高値接近度,終値と120日高値の距離,True,業種,石油・石炭製品,5d,5営業日,4,1,1,-0.138301043219076,-0.138301043219076,0.0,サンプル不足,-0.08596834979079915
v7,distance_high_120d,120日高値接近度,終値と120日高値の距離,True,業種,石油・石炭製品,5d,5営業日,5,1,1,-0.1038793103448275,-0.1038793103448275,0.0,サンプル不足,-0.08596834979079915
v7,distance_high_120d,120日高値接近度,終値と120日高値の距離,True,業種,空運業,10d,10営業日,2,2,1,0.06007684247293055,0.06007684247293055,1.0,サンプル不足,-0.11106554222445175
v7,distance_high_120d,120日高値接近度,終値と120日高値の距離,True,業種,空運業,10d,10営業日,3,1,1,-0.02740836847226724,-0.02740836847226724,0.0,サンプル不足,-0.11106554222445175
v7,distance_high_120d,120日高値接近度,終値と120日高値の距離,True,業種,空運業,10d,10営業日,4,2,2,-0.050988699751521205,-0.050988699751521205,0.0,サンプル不足,-0.11106554222445175
v7,distance_high_120d,120日高値接近度,終値と120日高値の距離,True,業種,空運業,1d,1営業日,2,2,2,-0.008312415621556546,-0.008312415621556546,0.0,サンプル不足,0.01205906113691907
v7,distance_high_120d,120日高値接近度,終値と120日高値の距離,True,業種,空運業,1d,1営業日,3,1,1,0.018488485241647812,0.018488485241647812,1.0,サンプル不足,0.01205906113691907
v7,distance_high_120d,120日高値接近度,終値と120日高値の距離,True,業種,空運業,1d,1営業日,4,2,2,0.0037466455153625233,0.0037466455153625233,0.5,サンプル不足,0.01205906113691907
v7,distance_high_120d,120日高値接近度,終値と120日高値の距離,True,業種,空運業,3d,3営業日,2,2,2,0.0039948869169613155,0.0039948869169613155,0.5,サンプル不足,-0.010667674364912227
v7,distance_high_120d,120日高値接近度,終値と120日高値の距離,True,業種,空運業,3d,3営業日,3,1,1,0.02627311060655213,0.02627311060655213,1.0,サンプル不足,-0.010667674364912227
v7,distance_high_120d,120日高値接近度,終値と120日高値の距離,True,業種,空運業,3d,3営業日,4,2,2,-0.006672787447950912,-0.006672787447950912,0.5,サンプル不足,-0.010667674364912227
v7,distance_high_120d,120日高値接近度,終値と120日高値の距離,True,業種,空運業,5d,5営業日,2,2,2,0.034053137468443406,0.034053137468443406,1.0,サンプル不足,-0.07017078637172608
v7,distance_high_120d,120日高値接近度,終値と120日高値の距離,True,業種,空運業,5d,5営業日,3,1,1,-0.009730781706130398,-0.009730781706130398,0.0,サンプル不足,-0.07017078637172608
v7,distance_high_120d,120日高値接近度,終値と120日高値の距離,True,業種,空運業,5d,5営業日,4,2,2,-0.03611764890328267,-0.03611764890328267,0.0,サンプル不足,-0.07017078637172608
v7,distance_high_120d,120日高値接近度,終値と120日高値の距離,True,業種,精密機器,10d,10営業日,1,18,14,-0.0660624338242051,-0.13326662453479388,0.14285714285714285,サンプル不足,-0.051668338143391
v7,distance_high_120d,120日高値接近度,終値と120日高値の距離,True,業種,精密機器,10d,10営業日,2,12,6,-0.024109816175745712,-0.0287497617987168,0.3333333333333333,サンプル不足,-0.051668338143391
v7,distance_high_120d,120日高値接近度,終値と120日高値の距離,True,業種,精密機器,10d,10営業日,3,10,6,-0.020631975363124586,-0.025289395070948448,0.3333333333333333,サンプル不足,-0.051668338143391
v7,distance_high_120d,120日高値接近度,終値と120日高値の距離,True,業種,精密機器,10d,10営業日,4,12,8,-0.08903555437410685,-0.07022316947072987,0.125,サンプル不足,-0.051668338143391
v7,distance_high_120d,120日高値接近度,終値と120日高値の距離,True,業種,精密機器,10d,10営業日,5,10,4,-0.1177307719675961,-0.09854925308918011,0.0,サンプル不足,-0.051668338143391
v7,distance_high_120d,120日高値接近度,終値と120日高値の距離,True,業種,精密機器,1d,1営業日,1,18,18,0.011508141395489077,0.006724095666758467,0.5555555555555556,サンプル不足,-0.01005010021090314
v7,distance_high_120d,120日高値接近度,終値と120日高値の距離,True,業種,精密機器,1d,1営業日,2,12,11,0.009522709417801374,0.0039525691699604515,0.5454545454545454,サンプル不足,-0.01005010021090314
v7,distance_high_120d,120日高値接近度,終値と120日高値の距離,True,業種,精密機器,1d,1営業日,3,10,10,0.00229053697139614,-0.004646309974178808,0.4,サンプル不足,-0.01005010021090314
v7,distance_high_120d,120日高値接近度,終値と120日高値の距離,True,業種,精密機器,1d,1営業日,4,12,10,0.01635109264436265,0.003050517085508575,0.5,サンプル不足,-0.01005010021090314
v7,distance_high_120d,120日高値接近度,終値と120日高値の距離,True,業種,精密機器,1d,1営業日,5,10,8,0.001458041184585937,0.001394700139469962,0.5,サンプル不足,-0.01005010021090314
v7,distance_high_120d,120日高値接近度,終値と120日高値の距離,True,業種,精密機器,3d,3営業日,1,18,18,0.02601871398644362,0.0051635111876076,0.5,サンプル不足,-0.03746097751813175
v7,distance_high_120d,120日高値接近度,終値と120日高値の距離,True,業種,精密機器,3d,3営業日,2,12,10,-0.02577206889595751,-0.009512109319173716,0.3,サンプル不足,-0.03746097751813175
v7,distance_high_120d,120日高値接近度,終値と120日高値の距離,True,業種,精密機器,3d,3営業日,3,10,9,0.00834284062848887,-0.0037735849056603765,0.4444444444444444,サンプル不足,-0.03746097751813175
v7,distance_high_120d,120日高値接近度,終値と120日高値の距離,True,業種,精密機器,3d,3営業日,4,12,10,-0.0045591798221635725,-0.020397088643759553,0.4,サンプル不足,-0.03746097751813175
v7,distance_high_120d,120日高値接近度,終値と120日高値の距離,True,業種,精密機器,3d,3営業日,5,10,8,-0.011442263531688132,-0.00944678036728247,0.25,サンプル不足,-0.03746097751813175
v7,distance_high_120d,120日高値接近度,終値と120日高値の距離,True,業種,精密機器,5d,5営業日,1,18,17,0.0229126284357478,-0.027538726333907,0.47058823529411764,サンプル不足,-0.01607660614282117
v7,distance_high_120d,120日高値接近度,終値と120日高値の距離,True,業種,精密機器,5d,5営業日,2,12,7,-0.037404299985140936,0.023468379446640375,0.7142857142857143,サンプル不足,-0.01607660614282117
v7,distance_high_120d,120日高値接近度,終値と120日高値の距離,True,業種,精密機器,5d,5営業日,3,10,7,0.010786886872265136,0.0349726775956285,0.5714285714285714,サンプル不足,-0.01607660614282117
v7,distance_high_120d,120日高値接近度,終値と120日高値の距離,True,業種,精密機器,5d,5営業日,4,12,10,-0.007467734067245824,-0.021492964553244454,0.4,サンプル不足,-0.01607660614282117
v7,distance_high_120d,120日高値接近度,終値と120日高値の距離,True,業種,精密機器,5d,5営業日,5,10,7,0.006836022292926632,-0.012971220105391201,0.42857142857142855,サンプル不足,-0.01607660614282117
v7,distance_high_120d,120日高値接近度,終値と120日高値の距離,True,業種,繊維製品,10d,10営業日,1,6,5,0.00991434682447928,0.011105235325224783,0.8,サンプル不足,-0.08346455898855278
v7,distance_high_120d,120日高値接近度,終値と120日高値の距離,True,業種,繊維製品,10d,10営業日,2,4,2,0.02371757505100547,0.02371757505100547,0.5,サンプル不足,-0.08346455898855278
v7,distance_high_120d,120日高値接近度,終値と120日高値の距離,True,業種,繊維製品,10d,10営業日,3,2,2,0.029617392105626916,0.029617392105626916,0.5,サンプル不足,-0.08346455898855278
v7,distance_high_120d,120日高値接近度,終値と120日高値の距離,True,業種,繊維製品,10d,10営業日,4,5,3,-0.01114447667090581,-0.0284822473663675,0.3333333333333333,サンプル不足,-0.08346455898855278
v7,distance_high_120d,120日高値接近度,終値と120日高値の距離,True,業種,繊維製品,10d,10営業日,5,1,1,-0.0735502121640735,-0.0735502121640735,0.0,サンプル不足,-0.08346455898855278
v7,distance_high_120d,120日高値接近度,終値と120日高値の距離,True,業種,繊維製品,1d,1営業日,1,6,6,-0.0012164782547963843,-0.0115923949331159,0.3333333333333333,サンプル不足,-0.008684511844213516
v7,distance_high_120d,120日高値接近度,終値と120日高値の距離,True,業種,繊維製品,1d,1営業日,2,4,4,0.0200493161925887,0.019005634897503162,0.75,サンプル不足,-0.008684511844213516
v7,distance_high_120d,120日高値接近度,終値と120日高値の距離,True,業種,繊維製品,1d,1営業日,3,2,2,-0.0007338857770962104,-0.0007338857770962104,0.5,サンプル不足,-0.008684511844213516
v7,distance_high_120d,120日高値接近度,終値と120日高値の距離,True,業種,繊維製品,1d,1営業日,4,5,4,0.014378381128001133,0.010260634199748521,1.0,サンプル不足,-0.008684511844213516
v7,distance_high_120d,120日高値接近度,終値と120日高値の距離,True,業種,繊維製品,1d,1営業日,5,1,1,-0.0099009900990099,-0.0099009900990099,0.0,サンプル不足,-0.008684511844213516
v7,distance_high_120d,120日高値接近度,終値と120日高値の距離,True,業種,繊維製品,3d,3営業日,1,6,6,0.004297705577254882,-0.010714748494962234,0.3333333333333333,サンプル不足,-0.05450986965080508
v7,distance_high_120d,120日高値接近度,終値と120日高値の距離,True,業種,繊維製品,3d,3営業日,2,4,3,0.02424868075612807,0.01255707762557079,0.6666666666666666,サンプル不足,-0.05450986965080508
v7,distance_high_120d,120日高値接近度,終値と120日高値の距離,True,業種,繊維製品,3d,3営業日,3,2,2,0.025703115229939844,0.025703115229939844,1.0,サンプル不足,-0.05450986965080508
v7,distance_high_120d,120日高値接近度,終値と120日高値の距離,True,業種,繊維製品,3d,3営業日,4,5,3,0.020194954143611544,0.0241904018728054,1.0,サンプル不足,-0.05450986965080508
v7,distance_high_120d,120日高値接近度,終値と120日高値の距離,True,業種,繊維製品,3d,3営業日,5,1,1,-0.0502121640735502,-0.0502121640735502,0.0,サンプル不足,-0.05450986965080508
v7,distance_high_120d,120日高値接近度,終値と120日高値の距離,True,業種,繊維製品,5d,5営業日,1,6,6,0.009020101789699878,0.0047719953626175,0.6666666666666666,サンプル不足,-0.08681359542477768
v7,distance_high_120d,120日高値接近度,終値と120日高値の距離,True,業種,繊維製品,5d,5営業日,2,4,3,0.03335869834548211,0.03136434918975439,0.6666666666666666,サンプル不足,-0.08681359542477768
v7,distance_high_120d,120日高値接近度,終値と120日高値の距離,True,業種,繊維製品,5d,5営業日,3,2,2,0.02353700034884254,0.02353700034884254,1.0,サンプル不足,-0.08681359542477768
v7,distance_high_120d,120日高値接近度,終値と120日高値の距離,True,業種,繊維製品,5d,5営業日,4,5,3,0.002376298760139662,0.0035115099492781,0.6666666666666666,サンプル不足,-0.08681359542477768
v7,distance_high_120d,120日高値接近度,終値と120日高値の距離,True,業種,繊維製品,5d,5営業日,5,1,1,-0.0777934936350778,-0.0777934936350778,0.0,サンプル不足,-0.08681359542477768
v7,distance_high_120d,120日高値接近度,終値と120日高値の距離,True,業種,証券、商品先物取引業,10d,10営業日,1,2,1,0.0347859327217126,0.0347859327217126,1.0,サンプル不足,0.009295179707912847
v7,distance_high_120d,120日高値接近度,終値と120日高値の距離,True,業種,証券、商品先物取引業,10d,10営業日,2,11,6,0.03541429912666205,0.03037815453462611,0.6666666666666666,サンプル不足,0.009295179707912847
v7,distance_high_120d,120日高値接近度,終値と120日高値の距離,True,業種,証券、商品先物取引業,10d,10営業日,3,27,20,0.03846044843001062,0.028712198169910996,0.6,サンプル不足,0.009295179707912847
v7,distance_high_120d,120日高値接近度,終値と120日高値の距離,True,業種,証券、商品先物取引業,10d,10営業日,4,29,27,0.021859336125355348,0.03320202588632526,0.5925925925925926,サンプル不足,0.009295179707912847
v7,distance_high_120d,120日高値接近度,終値と120日高値の距離,True,業種,証券、商品先物取引業,10d,10営業日,5,24,20,0.044081112429625445,0.04768175202716751,0.85,サンプル不足,0.009295179707912847
v7,distance_high_120d,120日高値接近度,終値と120日高値の距離,True,業種,証券、商品先物取引業,1d,1営業日,1,2,2,-0.02467685061594917,-0.02467685061594917,0.0,サンプル不足,0.041159802752375435
v7,distance_high_120d,120日高値接近度,終値と120日高値の距離,True,業種,証券、商品先物取引業,1d,1営業日,2,11,11,0.001182922848627714,-0.0028985507246376274,0.45454545454545453,サンプル不足,0.041159802752375435
v7,distance_high_120d,120日高値接近度,終値と120日高値の距離,True,業種,証券、商品先物取引業,1d,1営業日,3,27,27,0.009240164013863104,0.007074637424832053,0.8148148148148148,サンプル不足,0.041159802752375435
v7,distance_high_120d,120日高値接近度,終値と120日高値の距離,True,業種,証券、商品先物取引業,1d,1営業日,4,29,29,-0.006081026475925084,-0.005010961478233655,0.41379310344827586,サンプル不足,0.041159802752375435
v7,distance_high_120d,120日高値接近度,終値と120日高値の距離,True,業種,証券、商品先物取引業,1d,1営業日,5,24,24,0.016482952136426268,0.013988284901358616,0.75,サンプル不足,0.041159802752375435
v7,distance_high_120d,120日高値接近度,終値と120日高値の距離,True,業種,証券、商品先物取引業,3d,3営業日,1,2,2,0.009147636562763592,0.009147636562763592,1.0,サンプル不足,0.007129766423794074
v7,distance_high_120d,120日高値接近度,終値と120日高値の距離,True,業種,証券、商品先物取引業,3d,3営業日,2,11,10,0.002720644939024541,0.0011068628991427465,0.5,サンプル不足,0.007129766423794074
v7,distance_high_120d,120日高値接近度,終値と120日高値の距離,True,業種,証券、商品先物取引業,3d,3営業日,3,27,27,0.015025874453685126,0.007450331125827825,0.6296296296296297,サンプル不足,0.007129766423794074
v7,distance_high_120d,120日高値接近度,終値と120日高値の距離,True,業種,証券、商品先物取引業,3d,3営業日,4,29,29,0.0068170693131538295,0.0012543116964565115,0.5172413793103449,サンプル不足,0.007129766423794074
v7,distance_high_120d,120日高値接近度,終値と120日高値の距離,True,業種,証券、商品先物取引業,3d,3営業日,5,24,24,0.016277402986557665,0.015288992906515642,0.6666666666666666,サンプル不足,0.007129766423794074
v7,distance_high_120d,120日高値接近度,終値と120日高値の距離,True,業種,証券、商品先物取引業,5d,5営業日,1,2,2,0.005134126749249526,0.005134126749249526,0.5,サンプル不足,0.020606867245313572
v7,distance_high_120d,120日高値接近度,終値と120日高値の距離,True,業種,証券、商品先物取引業,5d,5営業日,2,11,10,0.012469675900789411,0.014911834280490477,0.6,サンプル不足,0.020606867245313572
v7,distance_high_120d,120日高値接近度,終値と120日高値の距離,True,業種,証券、商品先物取引業,5d,5営業日,3,27,23,0.016517817055261143,0.023098791755508108,0.6086956521739131,サンプル不足,0.020606867245313572
v7,distance_high_120d,120日高値接近度,終値と120日高値の距離,True,業種,証券、商品先物取引業,5d,5営業日,4,29,29,0.011067182800021636,-0.0009225092250922939,0.4827586206896552,サンプル不足,0.020606867245313572
v7,distance_high_120d,120日高値接近度,終値と120日高値の距離,True,業種,証券、商品先物取引業,5d,5営業日,5,24,24,0.0257409939945631,0.02907702248742383,0.875,サンプル不足,0.020606867245313572
v7,distance_high_120d,120日高値接近度,終値と120日高値の距離,True,業種,輸送用機器,10d,10営業日,1,37,23,-0.03178949598037167,-0.028199052132701463,0.2608695652173913,サンプル不足,0.09226468729336385
v7,distance_high_120d,120日高値接近度,終値と120日高値の距離,True,業種,輸送用機器,10d,10営業日,2,31,24,-0.0021817799745780437,0.012216661183952926,0.5416666666666666,サンプル不足,0.09226468729336385
v7,distance_high_120d,120日高値接近度,終値と120日高値の距離,True,業種,輸送用機器,10d,10営業日,3,30,17,0.0787154631824588,0.0383795309168444,0.7058823529411765,サンプル不足,0.09226468729336385
v7,distance_high_120d,120日高値接近度,終値と120日高値の距離,True,業種,輸送用機器,10d,10営業日,4,17,9,-0.007306424422443077,-0.04301982285955297,0.3333333333333333,サンプル不足,0.09226468729336385
v7,distance_high_120d,120日高値接近度,終値と120日高値の距離,True,業種,輸送用機器,10d,10営業日,5,11,5,0.060475191312992185,-0.0038131553860819567,0.4,サンプル不足,0.09226468729336385
v7,distance_high_120d,120日高値接近度,終値と120日高値の距離,True,業種,輸送用機器,1d,1営業日,1,37,37,-0.0024217840770278244,-0.003975727139568952,0.40540540540540543,評価可能,0.008643771391611826
v7,distance_high_120d,120日高値接近度,終値と120日高値の距離,True,業種,輸送用機器,1d,1営業日,2,31,31,0.004920244404811807,0.0012845215157353262,0.5161290322580645,評価可能,0.008643771391611826
v7,distance_high_120d,120日高値接近度,終値と120日高値の距離,True,業種,輸送用機器,1d,1営業日,3,30,29,-0.001138345677261549,-0.0003056234718826767,0.4827586206896552,サンプル不足,0.008643771391611826
v7,distance_high_120d,120日高値接近度,終値と120日高値の距離,True,業種,輸送用機器,1d,1営業日,4,17,17,0.010942742139853452,0.0,0.47058823529411764,サンプル不足,0.008643771391611826
v7,distance_high_120d,120日高値接近度,終値と120日高値の距離,True,業種,輸送用機器,1d,1営業日,5,11,9,0.006221987314584002,0.0,0.4444444444444444,サンプル不足,0.008643771391611826
v7,distance_high_120d,120日高値接近度,終値と120日高値の距離,True,業種,輸送用機器,3d,3営業日,1,37,37,-0.023705013265920116,-0.014131551458108182,0.2702702702702703,評価可能,0.012850478871661512
v7,distance_high_120d,120日高値接近度,終値と120日高値の距離,True,業種,輸送用機器,3d,3営業日,2,31,29,-0.0024364431738774475,0.00040260353629295587,0.5517241379310345,サンプル不足,0.012850478871661512
v7,distance_high_120d,120日高値接近度,終値と120日高値の距離,True,業種,輸送用機器,3d,3営業日,3,30,27,0.012321474713479878,0.011547344110854452,0.5925925925925926,サンプル不足,0.012850478871661512
v7,distance_high_120d,120日高値接近度,終値と120日高値の距離,True,業種,輸送用機器,3d,3営業日,4,17,17,0.009205614493919188,-0.005646527385657851,0.4117647058823529,サンプル不足,0.012850478871661512
v7,distance_high_120d,120日高値接近度,終値と120日高値の距離,True,業種,輸送用機器,3d,3営業日,5,11,8,-0.010854534394258604,0.0041362975948895245,0.625,サンプル不足,0.012850478871661512
v7,distance_high_120d,120日高値接近度,終値と120日高値の距離,True,業種,輸送用機器,5d,5営業日,1,37,36,-0.02355571744314302,-0.02663354436282578,0.3888888888888889,評価可能,0.004346872859909635
v7,distance_high_120d,120日高値接近度,終値と120日高値の距離,True,業種,輸送用機器,5d,5営業日,2,31,29,0.0027426444233111342,-0.0123456790123457,0.41379310344827586,サンプル不足,0.004346872859909635
v7,distance_high_120d,120日高値接近度,終値と120日高値の距離,True,業種,輸送用機器,5d,5営業日,3,30,23,0.015846709609227072,-0.002731174404994152,0.4782608695652174,サンプル不足,0.004346872859909635
v7,distance_high_120d,120日高値接近度,終値と120日高値の距離,True,業種,輸送用機器,5d,5営業日,4,17,14,0.03883524555456296,0.02072834000909196,0.5714285714285714,サンプル不足,0.004346872859909635
v7,distance_high_120d,120日高値接近度,終値と120日高値の距離,True,業種,輸送用機器,5d,5営業日,5,11,7,-0.019208844583233384,-0.026629935720844822,0.2857142857142857,サンプル不足,0.004346872859909635
v7,distance_high_120d,120日高値接近度,終値と120日高値の距離,True,業種,金属製品,10d,10営業日,1,18,17,-0.07932535569608552,-0.150207468879668,0.23529411764705882,サンプル不足,0.011303666482117003
v7,distance_high_120d,120日高値接近度,終値と120日高値の距離,True,業種,金属製品,10d,10営業日,2,13,12,0.0005963359244069844,-0.01051295939656555,0.4166666666666667,サンプル不足,0.011303666482117003
v7,distance_high_120d,120日高値接近度,終値と120日高値の距離,True,業種,金属製品,10d,10営業日,3,16,12,-0.062160899062967324,-0.006315670810042783,0.4166666666666667,サンプル不足,0.011303666482117003
v7,distance_high_120d,120日高値接近度,終値と120日高値の距離,True,業種,金属製品,10d,10営業日,4,25,21,-0.11577807276176945,-0.1055722813063085,0.23809523809523808,サンプル不足,0.011303666482117003
v7,distance_high_120d,120日高値接近度,終値と120日高値の距離,True,業種,金属製品,10d,10営業日,5,22,20,-0.06802168921396852,-0.0432333055626762,0.25,サンプル不足,0.011303666482117003
v7,distance_high_120d,120日高値接近度,終値と120日高値の距離,True,業種,金属製品,1d,1営業日,1,18,18,-0.0265432145142821,-0.015669374738116304,0.3888888888888889,サンプル不足,0.015466846853858629
v7,distance_high_120d,120日高値接近度,終値と120日高値の距離,True,業種,金属製品,1d,1営業日,2,13,12,0.033792975663661816,0.0012582829703009224,0.5,サンプル不足,0.015466846853858629
v7,distance_high_120d,120日高値接近度,終値と120日高値の距離,True,業種,金属製品,1d,1営業日,3,16,15,0.01824728999815143,0.009602194787379892,0.6,サンプル不足,0.015466846853858629
v7,distance_high_120d,120日高値接近度,終値と120日高値の距離,True,業種,金属製品,1d,1営業日,4,25,25,0.01187910021109533,0.0054719562243501,0.52,サンプル不足,0.015466846853858629
v7,distance_high_120d,120日高値接近度,終値と120日高値の距離,True,業種,金属製品,1d,1営業日,5,22,22,-0.01107636766042347,-0.0100950039368324,0.36363636363636365,サンプル不足,0.015466846853858629
v7,distance_high_120d,120日高値接近度,終値と120日高値の距離,True,業種,金属製品,3d,3営業日,1,18,18,0.016564629367454967,0.01805829421261,0.5555555555555556,サンプル不足,-0.01572533296420446
v7,distance_high_120d,120日高値接近度,終値と120日高値の距離,True,業種,金属製品,3d,3営業日,2,13,12,0.009150302406976252,-0.02055020123811068,0.25,サンプル不足,-0.01572533296420446
v7,distance_high_120d,120日高値接近度,終値と120日高値の距離,True,業種,金属製品,3d,3営業日,3,16,13,-0.013452950879208506,-0.00949913644214162,0.38461538461538464,サンプル不足,-0.01572533296420446
v7,distance_high_120d,120日高値接近度,終値と120日高値の距離,True,業種,金属製品,3d,3営業日,4,25,23,-0.017564656454853337,-0.0134803921568626,0.2608695652173913,サンプル不足,-0.01572533296420446
v7,distance_high_120d,120日高値接近度,終値と120日高値の距離,True,業種,金属製品,3d,3営業日,5,22,22,0.0008392964032505063,-0.015948522061973447,0.4090909090909091,サンプル不足,-0.01572533296420446
v7,distance_high_120d,120日高値接近度,終値と120日高値の距離,True,業種,金属製品,5d,5営業日,1,18,18,-0.0006901607959587602,-0.04829944243209545,0.4444444444444444,サンプル不足,-0.01650817776841656
v7,distance_high_120d,120日高値接近度,終値と120日高値の距離,True,業種,金属製品,5d,5営業日,2,13,12,-0.00564241525994045,-0.0300868538662619,0.3333333333333333,サンプル不足,-0.01650817776841656
v7,distance_high_120d,120日高値接近度,終値と120日高値の距離,True,業種,金属製品,5d,5営業日,3,16,12,-0.03429440679764174,-0.02202577771779473,0.3333333333333333,サンプル不足,-0.01650817776841656
v7,distance_high_120d,120日高値接近度,終値と120日高値の距離,True,業種,金属製品,5d,5営業日,4,25,22,-0.05072342114315523,-0.04274131653708668,0.22727272727272727,サンプル不足,-0.01650817776841656
v7,distance_high_120d,120日高値接近度,終値と120日高値の距離,True,業種,金属製品,5d,5営業日,5,22,22,-0.017198338564375318,-0.0013073831117977,0.5,サンプル不足,-0.01650817776841656
v7,distance_high_120d,120日高値接近度,終値と120日高値の距離,True,業種,鉄鋼,10d,10営業日,1,15,5,0.05123511841814489,0.0791848084652278,0.8,サンプル不足,-0.07525738783662714
v7,distance_high_120d,120日高値接近度,終値と120日高値の距離,True,業種,鉄鋼,10d,10営業日,2,8,3,0.09939441628234354,0.12454757112107173,1.0,サンプル不足,-0.07525738783662714
v7,distance_high_120d,120日高値接近度,終値と120日高値の距離,True,業種,鉄鋼,10d,10営業日,3,8,1,0.0052562417871222,0.0052562417871222,1.0,サンプル不足,-0.07525738783662714
v7,distance_high_120d,120日高値接近度,終値と120日高値の距離,True,業種,鉄鋼,10d,10営業日,4,11,7,-0.0017826353294664763,0.0,0.42857142857142855,サンプル不足,-0.07525738783662714
v7,distance_high_120d,120日高値接近度,終値と120日高値の距離,True,業種,鉄鋼,10d,10営業日,5,5,4,-0.024022269418482248,-0.01870225949468505,0.25,サンプル不足,-0.07525738783662714
v7,distance_high_120d,120日高値接近度,終値と120日高値の距離,True,業種,鉄鋼,1d,1営業日,1,15,14,0.004776228428324371,0.006021170205857573,0.6428571428571429,サンプル不足,0.007841545684334528
v7,distance_high_120d,120日高値接近度,終値と120日高値の距離,True,業種,鉄鋼,1d,1営業日,2,8,7,0.019807317959227997,0.014972090825696727,0.5714285714285714,サンプル不足,0.007841545684334528
v7,distance_high_120d,120日高値接近度,終値と120日高値の距離,True,業種,鉄鋼,1d,1営業日,3,8,8,-0.012587759375609367,-0.002774010337741384,0.25,サンプル不足,0.007841545684334528
v7,distance_high_120d,120日高値接近度,終値と120日高値の距離,True,業種,鉄鋼,1d,1営業日,4,11,11,0.02297071540598542,0.017113095238095344,0.6363636363636364,サンプル不足,0.007841545684334528
v7,distance_high_120d,120日高値接近度,終値と120日高値の距離,True,業種,鉄鋼,1d,1営業日,5,5,5,0.0126177741126589,0.0144329896907215,0.6,サンプル不足,0.007841545684334528
v7,distance_high_120d,120日高値接近度,終値と120日高値の距離,True,業種,鉄鋼,3d,3営業日,1,15,11,0.005036403760622301,0.012534818941504211,0.7272727272727273,サンプル不足,-0.007877129917247438
v7,distance_high_120d,120日高値接近度,終値と120日高値の距離,True,業種,鉄鋼,3d,3営業日,2,8,6,0.036922889093365,0.0393148343298374,0.6666666666666666,サンプル不足,-0.007877129917247438
v7,distance_high_120d,120日高値接近度,終値と120日高値の距離,True,業種,鉄鋼,3d,3営業日,3,8,6,0.003253386406357972,0.017898428973334598,0.6666666666666666,サンプル不足,-0.007877129917247438
v7,distance_high_120d,120日高値接近度,終値と120日高値の距離,True,業種,鉄鋼,3d,3営業日,4,11,9,0.021299733744136004,0.01908396946564883,0.6666666666666666,サンプル不足,-0.007877129917247438
v7,distance_high_120d,120日高値接近度,終値と120日高値の距離,True,業種,鉄鋼,3d,3営業日,5,5,5,-0.0028407261566251374,0.0,0.4,サンプル不足,-0.007877129917247438
v7,distance_high_120d,120日高値接近度,終値と120日高値の距離,True,業種,鉄鋼,5d,5営業日,1,15,9,0.009675709554001164,0.002506963788300842,0.5555555555555556,サンプル不足,-0.01077910945549614
v7,distance_high_120d,120日高値接近度,終値と120日高値の距離,True,業種,鉄鋼,5d,5営業日,2,8,5,0.0514095828311973,0.0530068890869857,0.6,サンプル不足,-0.01077910945549614
v7,distance_high_120d,120日高値接近度,終値と120日高値の距離,True,業種,鉄鋼,5d,5営業日,3,8,4,0.04470480876447734,0.05056966431698895,1.0,サンプル不足,-0.01077910945549614
v7,distance_high_120d,120日高値接近度,終値と120日高値の距離,True,業種,鉄鋼,5d,5営業日,4,11,7,0.04291402284561437,0.033163947579566644,0.5714285714285714,サンプル不足,-0.01077910945549614
v7,distance_high_120d,120日高値接近度,終値と120日高値の距離,True,業種,鉄鋼,5d,5営業日,5,5,5,-0.0011033999014949752,-0.0012953367875647,0.4,サンプル不足,-0.01077910945549614
v7,distance_high_120d,120日高値接近度,終値と120日高値の距離,True,業種,鉱業,10d,10営業日,1,2,1,-0.0696623238500399,-0.0696623238500399,0.0,サンプル不足,0.0
v7,distance_high_120d,120日高値接近度,終値と120日高値の距離,True,業種,鉱業,1d,1営業日,1,2,2,0.002864544993089191,0.002864544993089191,0.5,サンプル不足,0.0
v7,distance_high_120d,120日高値接近度,終値と120日高値の距離,True,業種,鉱業,3d,3営業日,1,2,2,0.04766536067205618,0.04766536067205618,0.5,サンプル不足,0.0
v7,distance_high_120d,120日高値接近度,終値と120日高値の距離,True,業種,鉱業,5d,5営業日,1,2,2,0.006978977368864048,0.006978977368864048,0.5,サンプル不足,0.0
v7,distance_high_120d,120日高値接近度,終値と120日高値の距離,True,業種,銀行業,10d,10営業日,1,5,2,-0.007467052568297772,-0.007467052568297772,0.5,サンプル不足,0.02366852510962543
v7,distance_high_120d,120日高値接近度,終値と120日高値の距離,True,業種,銀行業,10d,10営業日,2,48,33,0.03535941131437537,0.02068095838587647,0.696969696969697,評価可能,0.02366852510962543
v7,distance_high_120d,120日高値接近度,終値と120日高値の距離,True,業種,銀行業,10d,10営業日,3,61,49,0.0387597102205576,0.05422306195354487,0.7142857142857143,評価可能,0.02366852510962543
v7,distance_high_120d,120日高値接近度,終値と120日高値の距離,True,業種,銀行業,10d,10営業日,4,87,79,-0.004002666242669238,0.009525554130793257,0.5316455696202531,評価可能,0.02366852510962543
v7,distance_high_120d,120日高値接近度,終値と120日高値の距離,True,業種,銀行業,10d,10営業日,5,72,65,0.016201472541327658,0.01764705882352935,0.5846153846153846,評価可能,0.02366852510962543
v7,distance_high_120d,120日高値接近度,終値と120日高値の距離,True,業種,銀行業,1d,1営業日,1,5,5,-0.006886918223258398,-0.002797985450475604,0.4,サンプル不足,0.009219142998256167
v7,distance_high_120d,120日高値接近度,終値と120日高値の距離,True,業種,銀行業,1d,1営業日,2,48,48,0.008948602995901557,0.014236904957246277,0.6666666666666666,評価可能,0.009219142998256167
v7,distance_high_120d,120日高値接近度,終値と120日高値の距離,True,業種,銀行業,1d,1営業日,3,61,61,-0.002717815284605348,0.00031525851197988786,0.5081967213114754,評価可能,0.009219142998256167
v7,distance_high_120d,120日高値接近度,終値と120日高値の距離,True,業種,銀行業,1d,1営業日,4,87,86,-0.0001070380931789657,0.002985137979668151,0.5813953488372093,評価可能,0.009219142998256167
v7,distance_high_120d,120日高値接近度,終値と120日高値の距離,True,業種,銀行業,1d,1営業日,5,72,72,0.002332224774997768,0.0018195695798440825,0.5277777777777778,評価可能,0.009219142998256167
v7,distance_high_120d,120日高値接近度,終値と120日高値の距離,True,業種,銀行業,3d,3営業日,1,5,4,-0.010104028636170465,-0.010405186978629688,0.25,サンプル不足,0.012208584340339597
v7,distance_high_120d,120日高値接近度,終値と120日高値の距離,True,業種,銀行業,3d,3営業日,2,48,44,0.018409031136615565,0.020864176590029926,0.6363636363636364,評価可能,0.012208584340339597
v7,distance_high_120d,120日高値接近度,終値と120日高値の距離,True,業種,銀行業,3d,3営業日,3,61,60,0.0073952257898719865,0.011385111301999373,0.65,評価可能,0.012208584340339597
v7,distance_high_120d,120日高値接近度,終値と120日高値の距離,True,業種,銀行業,3d,3営業日,4,87,81,-0.0035674410518287234,0.0006163328197226203,0.5185185185185185,評価可能,0.012208584340339597
v7,distance_high_120d,120日高値接近度,終値と120日高値の距離,True,業種,銀行業,3d,3営業日,5,72,66,0.0021045557041691316,-0.00015170769756622793,0.5,評価可能,0.012208584340339597
v7,distance_high_120d,120日高値接近度,終値と120日高値の距離,True,業種,銀行業,5d,5営業日,1,5,4,-0.010081257665197019,-0.0193436983060844,0.25,サンプル不足,0.014213083578423893
v7,distance_high_120d,120日高値接近度,終値と120日高値の距離,True,業種,銀行業,5d,5営業日,2,48,42,0.02282050370887331,0.022602672855175365,0.6428571428571429,評価可能,0.014213083578423893
v7,distance_high_120d,120日高値接近度,終値と120日高値の距離,True,業種,銀行業,5d,5営業日,3,61,57,0.02098011156291168,0.023429179978700754,0.6491228070175439,評価可能,0.014213083578423893
v7,distance_high_120d,120日高値接近度,終値と120日高値の距離,True,業種,銀行業,5d,5営業日,4,87,81,-0.005896834110042487,0.0035756853396902155,0.5185185185185185,評価可能,0.014213083578423893
v7,distance_high_120d,120日高値接近度,終値と120日高値の距離,True,業種,銀行業,5d,5営業日,5,72,66,0.004131825913226875,0.014434362150944624,0.5909090909090909,評価可能,0.014213083578423893
v7,distance_high_120d,120日高値接近度,終値と120日高値の距離,True,業種,陸運業,10d,10営業日,1,8,8,0.018575171553192053,0.03613284688323244,0.625,サンプル不足,-0.025073671138910167
v7,distance_high_120d,120日高値接近度,終値と120日高値の距離,True,業種,陸運業,10d,10営業日,2,6,3,-0.058868654553857445,-0.0806709265175719,0.3333333333333333,サンプル不足,-0.025073671138910167
v7,distance_high_120d,120日高値接近度,終値と120日高値の距離,True,業種,陸運業,10d,10営業日,3,4,1,-0.0095588235294117,-0.0095588235294117,0.0,サンプル不足,-0.025073671138910167
v7,distance_high_120d,120日高値接近度,終値と120日高値の距離,True,業種,陸運業,10d,10営業日,4,4,2,0.08995546683046686,0.08995546683046686,0.5,サンプル不足,-0.025073671138910167
v7,distance_high_120d,120日高値接近度,終値と120日高値の距離,True,業種,陸運業,10d,10営業日,5,7,6,-0.006498499585718113,0.008784966853244147,0.6666666666666666,サンプル不足,-0.025073671138910167
v7,distance_high_120d,120日高値接近度,終値と120日高値の距離,True,業種,陸運業,1d,1営業日,1,8,8,0.0030229883517074937,0.000994117609812023,0.5,サンプル不足,0.0005306965240767939
v7,distance_high_120d,120日高値接近度,終値と120日高値の距離,True,業種,陸運業,1d,1営業日,2,6,4,-0.01408242938248247,-0.0048922215069851505,0.5,サンプル不足,0.0005306965240767939
v7,distance_high_120d,120日高値接近度,終値と120日高値の距離,True,業種,陸運業,1d,1営業日,3,4,3,0.0010802050392386502,0.000735294117647,0.6666666666666666,サンプル不足,0.0005306965240767939
v7,distance_high_120d,120日高値接近度,終値と120日高値の距離,True,業種,陸運業,1d,1営業日,4,4,4,0.017575053554546298,0.0026825746415601176,0.5,サンプル不足,0.0005306965240767939
v7,distance_high_120d,120日高値接近度,終値と120日高値の距離,True,業種,陸運業,1d,1営業日,5,7,7,0.0035536848757842876,0.0033962264150944055,0.5714285714285714,サンプル不足,0.0005306965240767939
v7,distance_high_120d,120日高値接近度,終値と120日高値の距離,True,業種,陸運業,3d,3営業日,1,8,8,0.00778851185619346,0.005409993762982896,0.75,サンプル不足,-0.03278653835805408
v7,distance_high_120d,120日高値接近度,終値と120日高値の距離,True,業種,陸運業,3d,3営業日,2,6,4,-0.029353268690487544,-0.00024523842860724177,0.5,サンプル不足,-0.03278653835805408
v7,distance_high_120d,120日高値接近度,終値と120日高値の距離,True,業種,陸運業,3d,3営業日,3,4,3,-0.016218081829908526,-0.0270783847980997,0.3333333333333333,サンプル不足,-0.03278653835805408
v7,distance_high_120d,120日高値接近度,終値と120日高値の距離,True,業種,陸運業,3d,3営業日,4,4,3,-0.011698358749761814,-0.0227027027027026,0.3333333333333333,サンプル不足,-0.03278653835805408
v7,distance_high_120d,120日高値接近度,終値と120日高値の距離,True,業種,陸運業,3d,3営業日,5,7,7,-0.024998026501860622,-0.02336007550731478,0.14285714285714285,サンプル不足,-0.03278653835805408
v7,distance_high_120d,120日高値接近度,終値と120日高値の距離,True,業種,陸運業,5d,5営業日,1,8,8,0.008547896110027568,0.007358757471033312,0.625,サンプル不足,-0.0388952445099415
v7,distance_high_120d,120日高値接近度,終値と120日高値の距離,True,業種,陸運業,5d,5営業日,2,6,4,-0.053914860331326364,-0.05063749262799705,0.25,サンプル不足,-0.0388952445099415
v7,distance_high_120d,120日高値接近度,終値と120日高値の距離,True,業種,陸運業,5d,5営業日,3,4,3,-0.052858616751750485,-0.0508313539192398,0.3333333333333333,サンプル不足,-0.0388952445099415
v7,distance_high_120d,120日高値接近度,終値と120日高値の距離,True,業種,陸運業,5d,5営業日,4,4,3,0.07084953821259808,0.052840909090908994,0.6666666666666666,サンプル不足,-0.0388952445099415
v7,distance_high_120d,120日高値接近度,終値と120日高値の距離,True,業種,陸運業,5d,5営業日,5,7,7,-0.03034734839991393,-0.008301886792452806,0.42857142857142855,サンプル不足,-0.0388952445099415
v7,distance_high_120d,120日高値接近度,終値と120日高値の距離,True,業種,電気・ガス業,10d,10営業日,1,3,1,-0.061111111111111116,-0.061111111111111116,0.0,サンプル不足,0.056883760858825405
v7,distance_high_120d,120日高値接近度,終値と120日高値の距離,True,業種,電気・ガス業,10d,10営業日,2,5,2,-0.06742135619229037,-0.06742135619229037,0.0,サンプル不足,0.056883760858825405
v7,distance_high_120d,120日高値接近度,終値と120日高値の距離,True,業種,電気・ガス業,10d,10営業日,3,2,2,-0.05774664186815458,-0.05774664186815458,0.0,サンプル不足,0.056883760858825405
v7,distance_high_120d,120日高値接近度,終値と120日高値の距離,True,業種,電気・ガス業,10d,10営業日,4,4,4,0.018291702065301924,0.020757609401154675,0.5,サンプル不足,0.056883760858825405
v7,distance_high_120d,120日高値接近度,終値と120日高値の距離,True,業種,電気・ガス業,10d,10営業日,5,7,7,-0.004227350252285711,-0.01724704336399474,0.2857142857142857,サンプル不足,0.056883760858825405
v7,distance_high_120d,120日高値接近度,終値と120日高値の距離,True,業種,電気・ガス業,1d,1営業日,1,3,3,-0.00013054937448035245,-0.014444444444444482,0.3333333333333333,サンプル不足,0.00769033196051006
v7,distance_high_120d,120日高値接近度,終値と120日高値の距離,True,業種,電気・ガス業,1d,1営業日,2,5,5,-0.008522214506902437,-0.0033599328013439456,0.4,サンプル不足,0.00769033196051006
v7,distance_high_120d,120日高値接近度,終値と120日高値の距離,True,業種,電気・ガス業,1d,1営業日,3,2,2,-0.0062802231866088045,-0.0062802231866088045,0.5,サンプル不足,0.00769033196051006
v7,distance_high_120d,120日高値接近度,終値と120日高値の距離,True,業種,電気・ガス業,1d,1営業日,4,4,4,-0.005965867420440835,0.001777784169810781,0.5,サンプル不足,0.00769033196051006
v7,distance_high_120d,120日高値接近度,終値と120日高値の距離,True,業種,電気・ガス業,1d,1営業日,5,7,7,0.0075597825860297075,0.008191556395715116,0.7142857142857143,サンプル不足,0.00769033196051006
v7,distance_high_120d,120日高値接近度,終値と120日高値の距離,True,業種,電気・ガス業,3d,3営業日,1,3,3,-0.018078073065525224,-0.026666666666666616,0.3333333333333333,サンプル不足,0.0450183987109489
v7,distance_high_120d,120日高値接近度,終値と120日高値の距離,True,業種,電気・ガス業,3d,3営業日,2,5,5,-0.010408296428641429,0.0034129692832765,0.6,サンプル不足,0.0450183987109489
v7,distance_high_120d,120日高値接近度,終値と120日高値の距離,True,業種,電気・ガス業,3d,3営業日,3,2,2,-0.03701198594750977,-0.03701198594750977,0.0,サンプル不足,0.0450183987109489
v7,distance_high_120d,120日高値接近度,終値と120日高値の距離,True,業種,電気・ガス業,3d,3営業日,4,4,4,0.008233230432405814,0.012689943254727276,0.5,サンプル不足,0.0450183987109489
v7,distance_high_120d,120日高値接近度,終値と120日高値の距離,True,業種,電気・ガス業,3d,3営業日,5,7,7,0.02694032564542367,0.026298909557408656,1.0,サンプル不足,0.0450183987109489
v7,distance_high_120d,120日高値接近度,終値と120日高値の距離,True,業種,電気・ガス業,5d,5営業日,1,3,3,-0.01882525225634472,-0.03222222222222226,0.3333333333333333,サンプル不足,0.058925819156992604
v7,distance_high_120d,120日高値接近度,終値と120日高値の距離,True,業種,電気・ガス業,5d,5営業日,2,5,5,-0.0007054645793579944,0.022052586938083207,0.6,サンプル不足,0.058925819156992604
v7,distance_high_120d,120日高値接近度,終値と120日高値の距離,True,業種,電気・ガス業,5d,5営業日,3,2,2,-0.028148791072535644,-0.028148791072535644,0.0,サンプル不足,0.058925819156992604
v7,distance_high_120d,120日高値接近度,終値と120日高値の距離,True,業種,電気・ガス業,5d,5営業日,4,4,4,-0.014379714111657393,-0.008891717363478102,0.5,サンプル不足,0.058925819156992604
v7,distance_high_120d,120日高値接近度,終値と120日高値の距離,True,業種,電気・ガス業,5d,5営業日,5,7,7,0.04010056690064788,0.045688545688545634,1.0,サンプル不足,0.058925819156992604
v7,distance_high_120d,120日高値接近度,終値と120日高値の距離,True,業種,電気機器,10d,10営業日,1,126,102,-0.09452951900162217,-0.10338961502186061,0.20588235294117646,評価可能,0.03967630867403203
v7,distance_high_120d,120日高値接近度,終値と120日高値の距離,True,業種,電気機器,10d,10営業日,2,163,132,-0.09902380940314327,-0.088100452532488,0.16666666666666666,評価可能,0.03967630867403203
v7,distance_high_120d,120日高値接近度,終値と120日高値の距離,True,業種,電気機器,10d,10営業日,3,101,86,-0.08678906235141082,-0.08221627181739516,0.20930232558139536,評価可能,0.03967630867403203
v7,distance_high_120d,120日高値接近度,終値と120日高値の距離,True,業種,電気機器,10d,10営業日,4,82,69,-0.10269315519387562,-0.0775718698028035,0.15942028985507245,評価可能,0.03967630867403203
v7,distance_high_120d,120日高値接近度,終値と120日高値の距離,True,業種,電気機器,10d,10営業日,5,52,42,-0.054853210327590135,-0.056285538124272116,0.2857142857142857,評価可能,0.03967630867403203
v7,distance_high_120d,120日高値接近度,終値と120日高値の距離,True,業種,電気機器,1d,1営業日,1,126,125,-0.00948239439854662,-0.014025245441795287,0.408,評価可能,0.0018410498821739268
v7,distance_high_120d,120日高値接近度,終値と120日高値の距離,True,業種,電気機器,1d,1営業日,2,163,159,-0.0002628592995434033,0.001776198934280604,0.5157232704402516,評価可能,0.0018410498821739268
v7,distance_high_120d,120日高値接近度,終値と120日高値の距離,True,業種,電気機器,1d,1営業日,3,101,99,-0.015523475389025912,-0.011690647482014427,0.37373737373737376,評価可能,0.0018410498821739268
v7,distance_high_120d,120日高値接近度,終値と120日高値の距離,True,業種,電気機器,1d,1営業日,4,82,81,-0.012317628580808024,-0.013983506633201914,0.345679012345679,評価可能,0.0018410498821739268
v7,distance_high_120d,120日高値接近度,終値と120日高値の距離,True,業種,電気機器,1d,1営業日,5,52,51,-0.0076413445163726924,-0.021060021060021,0.29411764705882354,評価可能,0.0018410498821739268
v7,distance_high_120d,120日高値接近度,終値と120日高値の距離,True,業種,電気機器,3d,3営業日,1,126,119,-0.025744056175103426,-0.036666666666666625,0.3445378151260504,評価可能,0.014261462525178249
v7,distance_high_120d,120日高値接近度,終値と120日高値の距離,True,業種,電気機器,3d,3営業日,2,163,155,-0.022311872358240396,-0.013563501849568449,0.4064516129032258,評価可能,0.014261462525178249
v7,distance_high_120d,120日高値接近度,終値と120日高値の距離,True,業種,電気機器,3d,3営業日,3,101,96,-0.036099190108943406,-0.03857204414745791,0.28125,評価可能,0.014261462525178249
v7,distance_high_120d,120日高値接近度,終値と120日高値の距離,True,業種,電気機器,3d,3営業日,4,82,78,-0.030902591591577842,-0.03518758542678041,0.2948717948717949,評価可能,0.014261462525178249
v7,distance_high_120d,120日高値接近度,終値と120日高値の距離,True,業種,電気機器,3d,3営業日,5,52,47,-0.011482593649925177,-0.020902824104958917,0.3404255319148936,評価可能,0.014261462525178249
v7,distance_high_120d,120日高値接近度,終値と120日高値の距離,True,業種,電気機器,5d,5営業日,1,126,111,-0.037748053990394104,-0.05236656596173217,0.35135135135135137,評価可能,0.004657661833637319
v7,distance_high_120d,120日高値接近度,終値と120日高値の距離,True,業種,電気機器,5d,5営業日,2,163,144,-0.03964227280096073,-0.027915559130759215,0.2847222222222222,評価可能,0.004657661833637319
v7,distance_high_120d,120日高値接近度,終値と120日高値の距離,True,業種,電気機器,5d,5営業日,3,101,91,-0.052665135281220986,-0.04417989417989421,0.25274725274725274,評価可能,0.004657661833637319
v7,distance_high_120d,120日高値接近度,終値と120日高値の距離,True,業種,電気機器,5d,5営業日,4,82,74,-0.046241846643130975,-0.04872782516459334,0.22972972972972974,評価可能,0.004657661833637319
v7,distance_high_120d,120日高値接近度,終値と120日高値の距離,True,業種,電気機器,5d,5営業日,5,52,46,-0.033090392156756784,-0.04410068263071937,0.2826086956521739,評価可能,0.004657661833637319
v7,distance_high_120d,120日高値接近度,終値と120日高値の距離,True,業種,非鉄金属,10d,10営業日,1,26,22,-0.16950943492030326,-0.1597724406577682,0.0,サンプル不足,0.12240798564494096
v7,distance_high_120d,120日高値接近度,終値と120日高値の距離,True,業種,非鉄金属,10d,10営業日,2,3,3,-0.23252273865433296,-0.22732106339468305,0.0,サンプル不足,0.12240798564494096
v7,distance_high_120d,120日高値接近度,終値と120日高値の距離,True,業種,非鉄金属,10d,10営業日,3,4,3,-0.2570985594419039,-0.23185185185185186,0.0,サンプル不足,0.12240798564494096
v7,distance_high_120d,120日高値接近度,終値と120日高値の距離,True,業種,非鉄金属,10d,10営業日,5,1,1,-0.047101449275362306,-0.047101449275362306,0.0,サンプル不足,0.12240798564494096
v7,distance_high_120d,120日高値接近度,終値と120日高値の距離,True,業種,非鉄金属,1d,1営業日,1,26,25,0.003575382860522627,-0.016107382550335614,0.4,サンプル不足,0.01454055916846296
v7,distance_high_120d,120日高値接近度,終値と120日高値の距離,True,業種,非鉄金属,1d,1営業日,2,3,3,-0.04699649350576418,-0.029376736800317604,0.3333333333333333,サンプル不足,0.01454055916846296
v7,distance_high_120d,120日高値接近度,終値と120日高値の距離,True,業種,非鉄金属,1d,1営業日,3,4,4,-0.05683677594446504,-0.03664351851851849,0.25,サンプル不足,0.01454055916846296
v7,distance_high_120d,120日高値接近度,終値と120日高値の距離,True,業種,非鉄金属,1d,1営業日,5,1,1,0.018115942028985588,0.018115942028985588,1.0,サンプル不足,0.01454055916846296
v7,distance_high_120d,120日高値接近度,終値と120日高値の距離,True,業種,非鉄金属,3d,3営業日,1,26,25,-0.0446418743857827,-0.05514157973174372,0.2,サンプル不足,0.04826506279157982
v7,distance_high_120d,120日高値接近度,終値と120日高値の距離,True,業種,非鉄金属,3d,3営業日,2,3,3,-0.06309994676792541,-0.052924335378323084,0.0,サンプル不足,0.04826506279157982
v7,distance_high_120d,120日高値接近度,終値と120日高値の距離,True,業種,非鉄金属,3d,3営業日,3,4,4,-0.10675458263811644,-0.09718732619577308,0.0,サンプル不足,0.04826506279157982
v7,distance_high_120d,120日高値接近度,終値と120日高値の距離,True,業種,非鉄金属,3d,3営業日,5,1,1,0.0036231884057971175,0.0036231884057971175,1.0,サンプル不足,0.04826506279157982
v7,distance_high_120d,120日高値接近度,終値と120日高値の距離,True,業種,非鉄金属,5d,5営業日,1,26,23,-0.07889272060800966,-0.08825526137135098,0.13043478260869565,サンプル不足,0.05896518437612562
v7,distance_high_120d,120日高値接近度,終値と120日高値の距離,True,業種,非鉄金属,5d,5営業日,2,3,3,-0.10176048012518617,-0.07271983640081803,0.0,サンプル不足,0.05896518437612562
v7,distance_high_120d,120日高値接近度,終値と120日高値の距離,True,業種,非鉄金属,5d,5営業日,3,4,3,-0.16513878246062152,-0.14237037037037037,0.0,サンプル不足,0.05896518437612562
v7,distance_high_120d,120日高値接近度,終値と120日高値の距離,True,業種,非鉄金属,5d,5営業日,5,1,1,-0.019927536231884035,-0.019927536231884035,0.0,サンプル不足,0.05896518437612562
v7,distance_high_120d,120日高値接近度,終値と120日高値の距離,True,業種,食料品,10d,10営業日,1,5,4,-0.0227736184602013,-0.01976433333863753,0.25,サンプル不足,0.031410448628576705
v7,distance_high_120d,120日高値接近度,終値と120日高値の距離,True,業種,食料品,10d,10営業日,2,21,18,-0.001685904642593405,0.012366464653801867,0.5555555555555556,サンプル不足,0.031410448628576705
v7,distance_high_120d,120日高値接近度,終値と120日高値の距離,True,業種,食料品,10d,10営業日,3,29,21,0.01652307996975115,0.021759117376647152,0.7142857142857143,サンプル不足,0.031410448628576705
v7,distance_high_120d,120日高値接近度,終値と120日高値の距離,True,業種,食料品,10d,10営業日,4,30,23,-0.0011466050100303012,0.018502045899306152,0.5652173913043478,サンプル不足,0.031410448628576705
v7,distance_high_120d,120日高値接近度,終値と120日高値の距離,True,業種,食料品,10d,10営業日,5,38,24,0.008636830168375404,-0.005595768055042527,0.375,サンプル不足,0.031410448628576705
v7,distance_high_120d,120日高値接近度,終値と120日高値の距離,True,業種,食料品,1d,1営業日,1,5,5,-0.022060034481877065,-0.01252115059221659,0.0,サンプル不足,0.02289244077875129
v7,distance_high_120d,120日高値接近度,終値と120日高値の距離,True,業種,食料品,1d,1営業日,2,21,21,-0.0020230159959032353,0.003332164152928696,0.5238095238095238,サンプル不足,0.02289244077875129
v7,distance_high_120d,120日高値接近度,終値と120日高値の距離,True,業種,食料品,1d,1営業日,3,29,29,0.004244239727921203,0.0008798944126704455,0.5172413793103449,サンプル不足,0.02289244077875129
v7,distance_high_120d,120日高値接近度,終値と120日高値の距離,True,業種,食料品,1d,1営業日,4,30,29,-0.0055046716321548676,-0.0023769907297361836,0.4482758620689655,サンプル不足,0.02289244077875129
v7,distance_high_120d,120日高値接近度,終値と120日高値の距離,True,業種,食料品,1d,1営業日,5,38,38,0.0008324062968742226,-0.00066050198150595,0.47368421052631576,評価可能,0.02289244077875129
v7,distance_high_120d,120日高値接近度,終値と120日高値の距離,True,業種,食料品,3d,3営業日,1,5,4,-0.007398489945826101,-0.011229535802590802,0.25,サンプル不足,-0.004306871026610367
v7,distance_high_120d,120日高値接近度,終値と120日高値の距離,True,業種,食料品,3d,3営業日,2,21,20,0.004575888162832207,-0.008479650379269177,0.45,サンプル不足,-0.004306871026610367
v7,distance_high_120d,120日高値接近度,終値と120日高値の距離,True,業種,食料品,3d,3営業日,3,29,26,0.005195284920827752,0.007023898216392155,0.5769230769230769,サンプル不足,-0.004306871026610367
v7,distance_high_120d,120日高値接近度,終値と120日高値の距離,True,業種,食料品,3d,3営業日,4,30,29,-0.01019344461653231,-0.005156411137848038,0.4827586206896552,サンプル不足,-0.004306871026610367
v7,distance_high_120d,120日高値接近度,終値と120日高値の距離,True,業種,食料品,3d,3営業日,5,38,37,-0.011705360972436468,-0.019943522767384425,0.3783783783783784,評価可能,-0.004306871026610367
v7,distance_high_120d,120日高値接近度,終値と120日高値の距離,True,業種,食料品,5d,5営業日,1,5,4,0.015185668946175884,0.005139301504128779,0.75,サンプル不足,-0.027380385759644445
v7,distance_high_120d,120日高値接近度,終値と120日高値の距離,True,業種,食料品,5d,5営業日,2,21,19,0.012972300654126592,0.017194570135746545,0.631578947368421,サンプル不足,-0.027380385759644445
v7,distance_high_120d,120日高値接近度,終値と120日高値の距離,True,業種,食料品,5d,5営業日,3,29,24,0.01101384068868439,0.013211117352779134,0.6666666666666666,サンプル不足,-0.027380385759644445
v7,distance_high_120d,120日高値接近度,終値と120日高値の距離,True,業種,食料品,5d,5営業日,4,30,29,-0.0011703675899451724,0.01038062283737018,0.5862068965517241,サンプル不足,-0.027380385759644445
v7,distance_high_120d,120日高値接近度,終値と120日高値の距離,True,業種,食料品,5d,5営業日,5,38,37,-0.01219471681346856,-0.011917098445595853,0.3783783783783784,評価可能,-0.027380385759644445
v7,distance_ma20,20日移動平均乖離,終値の20日移動平均からの乖離,True,全体,全体,10d,10営業日,1,740,539,-0.015336739707152915,0.001930501930502,0.5194805194805194,評価可能,-0.038770695170470965
v7,distance_ma20,20日移動平均乖離,終値の20日移動平均からの乖離,True,全体,全体,10d,10営業日,2,740,540,-0.010463744738034556,-0.0025197472934562204,0.48518518518518516,評価可能,-0.038770695170470965
v7,distance_ma20,20日移動平均乖離,終値の20日移動平均からの乖離,True,全体,全体,10d,10営業日,3,740,539,-0.01731237943488951,-0.012201073694485087,0.41929499072356213,評価可能,-0.038770695170470965
v7,distance_ma20,20日移動平均乖離,終値の20日移動平均からの乖離,True,全体,全体,10d,10営業日,4,740,540,-0.021547326354553985,-0.01543766975858707,0.4166666666666667,評価可能,-0.038770695170470965
v7,distance_ma20,20日移動平均乖離,終値の20日移動平均からの乖離,True,全体,全体,10d,10営業日,5,740,540,-0.05410743487762388,-0.0526691378400681,0.3148148148148148,評価可能,-0.038770695170470965
v7,distance_ma20,20日移動平均乖離,終値の20日移動平均からの乖離,True,全体,全体,1d,1営業日,1,740,720,0.0006178529080231495,0.0015943921217317358,0.5347222222222222,評価可能,-0.0008985869511867208
v7,distance_ma20,20日移動平均乖離,終値の20日移動平均からの乖離,True,全体,全体,1d,1営業日,2,740,720,-0.0014248304507969822,-0.001659688324129421,0.45,評価可能,-0.0008985869511867208
v7,distance_ma20,20日移動平均乖離,終値の20日移動平均からの乖離,True,全体,全体,1d,1営業日,3,740,720,-0.0014756353188884463,-0.0015882535551497434,0.4527777777777778,評価可能,-0.0008985869511867208
v7,distance_ma20,20日移動平均乖離,終値の20日移動平均からの乖離,True,全体,全体,1d,1営業日,4,740,720,-0.003949841520999669,-0.003381692881274982,0.42916666666666664,評価可能,-0.0008985869511867208
v7,distance_ma20,20日移動平均乖離,終値の20日移動平均からの乖離,True,全体,全体,1d,1営業日,5,740,720,-0.00028073404316357123,-0.00513385293120977,0.4361111111111111,評価可能,-0.0008985869511867208
v7,distance_ma20,20日移動平均乖離,終値の20日移動平均からの乖離,True,全体,全体,3d,3営業日,1,740,678,0.0006422318184049924,0.001930501930502,0.5368731563421829,評価可能,-0.013726792732161739
v7,distance_ma20,20日移動平均乖離,終値の20日移動平均からの乖離,True,全体,全体,3d,3営業日,2,740,680,-0.005409143757922001,-0.005023956517401285,0.4426470588235294,評価可能,-0.013726792732161739
v7,distance_ma20,20日移動平均乖離,終値の20日移動平均からの乖離,True,全体,全体,3d,3営業日,3,740,680,-0.007605138244765628,-0.008587596283836152,0.42058823529411765,評価可能,-0.013726792732161739
v7,distance_ma20,20日移動平均乖離,終値の20日移動平均からの乖離,True,全体,全体,3d,3営業日,4,740,680,-0.011355989793471011,-0.010897683397683378,0.41323529411764703,評価可能,-0.013726792732161739
v7,distance_ma20,20日移動平均乖離,終値の20日移動平均からの乖離,True,全体,全体,3d,3営業日,5,740,680,-0.013084560913756746,-0.015931582097208533,0.3897058823529412,評価可能,-0.013726792732161739
v7,distance_ma20,20日移動平均乖離,終値の20日移動平均からの乖離,True,全体,全体,5d,5営業日,1,740,639,-0.0029653601760260373,0.0,0.49608763693270735,評価可能,-0.023053023724593318
v7,distance_ma20,20日移動平均乖離,終値の20日移動平均からの乖離,True,全体,全体,5d,5営業日,2,740,640,-0.008608269736408257,-0.005436437721418497,0.4546875,評価可能,-0.023053023724593318
v7,distance_ma20,20日移動平均乖離,終値の20日移動平均からの乖離,True,全体,全体,5d,5営業日,3,740,640,-0.009750248918370018,-0.006796968137558201,0.446875,評価可能,-0.023053023724593318
v7,distance_ma20,20日移動平均乖離,終値の20日移動平均からの乖離,True,全体,全体,5d,5営業日,4,740,639,-0.010633865597057677,-0.0084033613445377,0.4194053208137715,評価可能,-0.023053023724593318
v7,distance_ma20,20日移動平均乖離,終値の20日移動平均からの乖離,True,全体,全体,5d,5営業日,5,740,640,-0.026018383900619356,-0.031060202419179173,0.38125,評価可能,-0.023053023724593318
v7,distance_ma20,20日移動平均乖離,終値の20日移動平均からの乖離,True,業種,その他製品,10d,10営業日,1,6,3,-0.03507641627842595,-0.06447534766118834,0.3333333333333333,サンプル不足,0.007071219613417622
v7,distance_ma20,20日移動平均乖離,終値の20日移動平均からの乖離,True,業種,その他製品,10d,10営業日,2,11,4,0.015048211329246254,0.03277310924369743,0.75,サンプル不足,0.007071219613417622
v7,distance_ma20,20日移動平均乖離,終値の20日移動平均からの乖離,True,業種,その他製品,10d,10営業日,3,16,7,0.04413566133971155,0.012962615066691718,0.5714285714285714,サンプル不足,0.007071219613417622
v7,distance_ma20,20日移動平均乖離,終値の20日移動平均からの乖離,True,業種,その他製品,10d,10営業日,4,13,10,-0.011843015866919993,-0.0247721901805023,0.3,サンプル不足,0.007071219613417622
v7,distance_ma20,20日移動平均乖離,終値の20日移動平均からの乖離,True,業種,その他製品,10d,10営業日,5,25,21,-0.028005196665008326,-0.017766497461928932,0.42857142857142855,サンプル不足,0.007071219613417622
v7,distance_ma20,20日移動平均乖離,終値の20日移動平均からの乖離,True,業種,その他製品,1d,1営業日,1,6,5,0.00659835007321794,0.005657708628005631,0.6,サンプル不足,0.01990690918067521
v7,distance_ma20,20日移動平均乖離,終値の20日移動平均からの乖離,True,業種,その他製品,1d,1営業日,2,11,10,-0.010853892713453184,0.002340093603744098,0.5,サンプル不足,0.01990690918067521
v7,distance_ma20,20日移動平均乖離,終値の20日移動平均からの乖離,True,業種,その他製品,1d,1営業日,3,16,14,0.011648186416955269,0.007085355632224233,0.5714285714285714,サンプル不足,0.01990690918067521
v7,distance_ma20,20日移動平均乖離,終値の20日移動平均からの乖離,True,業種,その他製品,1d,1営業日,4,13,11,-0.004064624802298835,-0.0016852749104697695,0.45454545454545453,サンプル不足,0.01990690918067521
v7,distance_ma20,20日移動平均乖離,終値の20日移動平均からの乖離,True,業種,その他製品,1d,1営業日,5,25,25,0.026505259253893153,0.029925187032418865,0.6,サンプル不足,0.01990690918067521
v7,distance_ma20,20日移動平均乖離,終値の20日移動平均からの乖離,True,業種,その他製品,3d,3営業日,1,6,4,-0.029667391345204075,-0.021067628448851572,0.25,サンプル不足,0.03334265230619777
v7,distance_ma20,20日移動平均乖離,終値の20日移動平均からの乖離,True,業種,その他製品,3d,3営業日,2,11,8,-0.01736581808996097,-0.011237131017984514,0.375,サンプル不足,0.03334265230619777
v7,distance_ma20,20日移動平均乖離,終値の20日移動平均からの乖離,True,業種,その他製品,3d,3営業日,3,16,10,-0.012616770453499926,-0.01127778634241372,0.2,サンプル不足,0.03334265230619777
v7,distance_ma20,20日移動平均乖離,終値の20日移動平均からの乖離,True,業種,その他製品,3d,3営業日,4,13,11,0.008758779112202924,-0.0245810055865921,0.2727272727272727,サンプル不足,0.03334265230619777
v7,distance_ma20,20日移動平均乖離,終値の20日移動平均からの乖離,True,業種,その他製品,3d,3営業日,5,25,23,0.003675260960993692,0.0061349693251533,0.5217391304347826,サンプル不足,0.03334265230619777
v7,distance_ma20,20日移動平均乖離,終値の20日移動平均からの乖離,True,業種,その他製品,5d,5営業日,1,6,4,-0.03965119779057982,-0.04028039016167656,0.25,サンプル不足,0.031006500899739324
v7,distance_ma20,20日移動平均乖離,終値の20日移動平均からの乖離,True,業種,その他製品,5d,5営業日,2,11,6,-0.010865325256070183,-0.004865916955017313,0.16666666666666666,サンプル不足,0.031006500899739324
v7,distance_ma20,20日移動平均乖離,終値の20日移動平均からの乖離,True,業種,その他製品,5d,5営業日,3,16,9,0.0071848801709724075,0.00992555831265518,0.6666666666666666,サンプル不足,0.031006500899739324
v7,distance_ma20,20日移動平均乖離,終値の20日移動平均からの乖離,True,業種,その他製品,5d,5営業日,4,13,11,-0.021143584393301492,-0.0223463687150837,0.36363636363636365,サンプル不足,0.031006500899739324
v7,distance_ma20,20日移動平均乖離,終値の20日移動平均からの乖離,True,業種,その他製品,5d,5営業日,5,25,23,-0.008644696890840497,-0.02897942041159174,0.391304347826087,サンプル不足,0.031006500899739324
v7,distance_ma20,20日移動平均乖離,終値の20日移動平均からの乖離,True,業種,その他金融業,10d,10営業日,1,19,10,0.017237196348883755,0.020353200733607246,0.8,サンプル不足,-0.43262181173349906
v7,distance_ma20,20日移動平均乖離,終値の20日移動平均からの乖離,True,業種,その他金融業,10d,10営業日,2,9,6,-0.0008590322174705604,0.0024995864902221943,0.5,サンプル不足,-0.43262181173349906
v7,distance_ma20,20日移動平均乖離,終値の20日移動平均からの乖離,True,業種,その他金融業,10d,10営業日,3,7,4,-0.023801010830937722,-0.02422361850045568,0.0,サンプル不足,-0.43262181173349906
v7,distance_ma20,20日移動平均乖離,終値の20日移動平均からの乖離,True,業種,その他金融業,10d,10営業日,4,1,1,-0.0664335664335664,-0.0664335664335664,0.0,サンプル不足,-0.43262181173349906
v7,distance_ma20,20日移動平均乖離,終値の20日移動平均からの乖離,True,業種,その他金融業,10d,10営業日,5,1,1,-0.4153846153846153,-0.4153846153846153,0.0,サンプル不足,-0.43262181173349906
v7,distance_ma20,20日移動平均乖離,終値の20日移動平均からの乖離,True,業種,その他金融業,1d,1営業日,1,19,19,0.0035031915038458736,0.004589261128958189,0.5789473684210527,サンプル不足,-0.23427242227307657
v7,distance_ma20,20日移動平均乖離,終値の20日移動平均からの乖離,True,業種,その他金融業,1d,1営業日,2,9,9,-0.002827205632720542,-0.0020408163265306367,0.3333333333333333,サンプル不足,-0.23427242227307657
v7,distance_ma20,20日移動平均乖離,終値の20日移動平均からの乖離,True,業種,その他金融業,1d,1営業日,3,7,7,0.004155003191185274,0.0011520737327188613,0.5714285714285714,サンプル不足,-0.23427242227307657
v7,distance_ma20,20日移動平均乖離,終値の20日移動平均からの乖離,True,業種,その他金融業,1d,1営業日,4,1,1,-0.0093240093240093,-0.0093240093240093,0.0,サンプル不足,-0.23427242227307657
v7,distance_ma20,20日移動平均乖離,終値の20日移動平均からの乖離,True,業種,その他金融業,1d,1営業日,5,1,1,-0.2307692307692307,-0.2307692307692307,0.0,サンプル不足,-0.23427242227307657
v7,distance_ma20,20日移動平均乖離,終値の20日移動平均からの乖離,True,業種,その他金融業,3d,3営業日,1,19,19,-0.003529828955885699,-0.002977553825011414,0.3684210526315789,サンプル不足,-0.3964701710441143
v7,distance_ma20,20日移動平均乖離,終値の20日移動平均からの乖離,True,業種,その他金融業,3d,3営業日,2,9,8,0.0006710062456460886,0.008752544399294737,0.625,サンプル不足,-0.3964701710441143
v7,distance_ma20,20日移動平均乖離,終値の20日移動平均からの乖離,True,業種,その他金融業,3d,3営業日,3,7,6,0.018054195917268936,0.018564556552672085,0.6666666666666666,サンプル不足,-0.3964701710441143
v7,distance_ma20,20日移動平均乖離,終値の20日移動平均からの乖離,True,業種,その他金融業,3d,3営業日,4,1,1,-0.0116550116550117,-0.0116550116550117,0.0,サンプル不足,-0.3964701710441143
v7,distance_ma20,20日移動平均乖離,終値の20日移動平均からの乖離,True,業種,その他金融業,3d,3営業日,5,1,1,-0.4,-0.4,0.0,サンプル不足,-0.3964701710441143
v7,distance_ma20,20日移動平均乖離,終値の20日移動平均からの乖離,True,業種,その他金融業,5d,5営業日,1,19,18,-0.004348322933095832,-0.004950952503779804,0.3333333333333333,サンプル不足,-0.38026706168228874
v7,distance_ma20,20日移動平均乖離,終値の20日移動平均からの乖離,True,業種,その他金融業,5d,5営業日,2,9,8,-0.002578545903975077,-0.00581210917406505,0.5,サンプル不足,-0.38026706168228874
v7,distance_ma20,20日移動平均乖離,終値の20日移動平均からの乖離,True,業種,その他金融業,5d,5営業日,3,7,5,0.02892236268106163,0.0276774969915765,0.8,サンプル不足,-0.38026706168228874
v7,distance_ma20,20日移動平均乖離,終値の20日移動平均からの乖離,True,業種,その他金融業,5d,5営業日,4,1,1,0.008158508158508,0.008158508158508,1.0,サンプル不足,-0.38026706168228874
v7,distance_ma20,20日移動平均乖離,終値の20日移動平均からの乖離,True,業種,その他金融業,5d,5営業日,5,1,1,-0.3846153846153846,-0.3846153846153846,0.0,サンプル不足,-0.38026706168228874
v7,distance_ma20,20日移動平均乖離,終値の20日移動平均からの乖離,True,業種,ガラス・土石製品,10d,10営業日,1,1,1,-0.0382775119617224,-0.0382775119617224,0.0,サンプル不足,-0.1523150147211132
v7,distance_ma20,20日移動平均乖離,終値の20日移動平均からの乖離,True,業種,ガラス・土石製品,10d,10営業日,2,4,4,-0.12329013677192326,-0.11527817057371542,0.0,サンプル不足,-0.1523150147211132
v7,distance_ma20,20日移動平均乖離,終値の20日移動平均からの乖離,True,業種,ガラス・土石製品,10d,10営業日,3,10,6,-0.04740189441952345,-0.02470270228879035,0.5,サンプル不足,-0.1523150147211132
v7,distance_ma20,20日移動平均乖離,終値の20日移動平均からの乖離,True,業種,ガラス・土石製品,10d,10営業日,4,3,3,-0.00805183890389676,0.0062857142857142,0.6666666666666666,サンプル不足,-0.1523150147211132
v7,distance_ma20,20日移動平均乖離,終値の20日移動平均からの乖離,True,業種,ガラス・土石製品,10d,10営業日,5,5,5,-0.1905925266828356,-0.1304347826086956,0.0,サンプル不足,-0.1523150147211132
v7,distance_ma20,20日移動平均乖離,終値の20日移動平均からの乖離,True,業種,ガラス・土石製品,1d,1営業日,1,1,1,0.0478468899521531,0.0478468899521531,1.0,サンプル不足,-0.13948672787616173
v7,distance_ma20,20日移動平均乖離,終値の20日移動平均からの乖離,True,業種,ガラス・土石製品,1d,1営業日,2,4,4,-0.02221906838102817,-0.01960936963876869,0.0,サンプル不足,-0.13948672787616173
v7,distance_ma20,20日移動平均乖離,終値の20日移動平均からの乖離,True,業種,ガラス・土石製品,1d,1営業日,3,10,10,-0.01779713171530466,-0.0193260397468318,0.3,サンプル不足,-0.13948672787616173
v7,distance_ma20,20日移動平均乖離,終値の20日移動平均からの乖離,True,業種,ガラス・土石製品,1d,1営業日,4,3,3,0.016990236064763263,0.0154285714285713,1.0,サンプル不足,-0.13948672787616173
v7,distance_ma20,20日移動平均乖離,終値の20日移動平均からの乖離,True,業種,ガラス・土石製品,1d,1営業日,5,5,5,-0.09163983792400862,-0.1141304347826086,0.0,サンプル不足,-0.13948672787616173
v7,distance_ma20,20日移動平均乖離,終値の20日移動平均からの乖離,True,業種,ガラス・土石製品,3d,3営業日,1,1,1,0.0705741626794258,0.0705741626794258,1.0,サンプル不足,-0.2164712458637415
v7,distance_ma20,20日移動平均乖離,終値の20日移動平均からの乖離,True,業種,ガラス・土石製品,3d,3営業日,2,4,4,-0.05102325227233237,-0.05012497842510549,0.0,サンプル不足,-0.2164712458637415
v7,distance_ma20,20日移動平均乖離,終値の20日移動平均からの乖離,True,業種,ガラス・土石製品,3d,3営業日,3,10,8,-0.04363894533829573,-0.039041035863069735,0.25,サンプル不足,-0.2164712458637415
v7,distance_ma20,20日移動平均乖離,終値の20日移動平均からの乖離,True,業種,ガラス・土石製品,3d,3営業日,4,3,3,-0.003358252261478062,-0.005376344086021501,0.3333333333333333,サンプル不足,-0.2164712458637415
v7,distance_ma20,20日移動平均乖離,終値の20日移動平均からの乖離,True,業種,ガラス・土石製品,3d,3営業日,5,5,5,-0.1458970831843157,-0.1299435028248587,0.0,サンプル不足,-0.2164712458637415
v7,distance_ma20,20日移動平均乖離,終値の20日移動平均からの乖離,True,業種,ガラス・土石製品,5d,5営業日,1,1,1,0.0574162679425838,0.0574162679425838,1.0,サンプル不足,-0.17783859938974217
v7,distance_ma20,20日移動平均乖離,終値の20日移動平均からの乖離,True,業種,ガラス・土石製品,5d,5営業日,2,4,4,-0.11235968118975267,-0.1144877675840978,0.0,サンプル不足,-0.17783859938974217
v7,distance_ma20,20日移動平均乖離,終値の20日移動平均からの乖離,True,業種,ガラス・土石製品,5d,5営業日,3,10,7,-0.04523083026572367,-0.02583586626139822,0.14285714285714285,サンプル不足,-0.17783859938974217
v7,distance_ma20,20日移動平均乖離,終値の20日移動平均からの乖離,True,業種,ガラス・土石製品,5d,5営業日,4,3,3,0.026447952163191374,0.01505376344086029,0.6666666666666666,サンプル不足,-0.17783859938974217
v7,distance_ma20,20日移動平均乖離,終値の20日移動平均からの乖離,True,業種,ガラス・土石製品,5d,5営業日,5,5,5,-0.12042233144715837,-0.125,0.2,サンプル不足,-0.17783859938974217
v7,distance_ma20,20日移動平均乖離,終値の20日移動平均からの乖離,True,業種,ゴム製品,10d,10営業日,1,8,5,0.06331945506319894,0.04908877131099354,1.0,サンプル不足,-0.17358734692436784
v7,distance_ma20,20日移動平均乖離,終値の20日移動平均からの乖離,True,業種,ゴム製品,10d,10営業日,2,10,7,0.081250991936146,0.07017543859649122,1.0,サンプル不足,-0.17358734692436784
v7,distance_ma20,20日移動平均乖離,終値の20日移動平均からの乖離,True,業種,ゴム製品,10d,10営業日,3,12,5,0.006162635642693126,0.04006367736800209,0.8,サンプル不足,-0.17358734692436784
v7,distance_ma20,20日移動平均乖離,終値の20日移動平均からの乖離,True,業種,ゴム製品,10d,10営業日,4,2,1,0.1757754800590842,0.1757754800590842,1.0,サンプル不足,-0.17358734692436784
v7,distance_ma20,20日移動平均乖離,終値の20日移動平均からの乖離,True,業種,ゴム製品,10d,10営業日,5,3,3,-0.1102678918611689,-0.1353092783505154,0.0,サンプル不足,-0.17358734692436784
v7,distance_ma20,20日移動平均乖離,終値の20日移動平均からの乖離,True,業種,ゴム製品,1d,1営業日,1,8,8,0.01421526090665981,0.011233392122281027,0.75,サンプル不足,-0.05072350711397091
v7,distance_ma20,20日移動平均乖離,終値の20日移動平均からの乖離,True,業種,ゴム製品,1d,1営業日,2,10,10,0.009573499991920142,0.006772435301354851,0.7,サンプル不足,-0.05072350711397091
v7,distance_ma20,20日移動平均乖離,終値の20日移動平均からの乖離,True,業種,ゴム製品,1d,1営業日,3,12,10,0.005260633639503495,-0.0016110392162558274,0.4,サンプル不足,-0.05072350711397091
v7,distance_ma20,20日移動平均乖離,終値の20日移動平均からの乖離,True,業種,ゴム製品,1d,1営業日,4,2,2,-0.011970932034939902,-0.011970932034939902,0.0,サンプル不足,-0.05072350711397091
v7,distance_ma20,20日移動平均乖離,終値の20日移動平均からの乖離,True,業種,ゴム製品,1d,1営業日,5,3,3,-0.0365082462073111,-0.0126939351198871,0.0,サンプル不足,-0.05072350711397091
v7,distance_ma20,20日移動平均乖離,終値の20日移動平均からの乖離,True,業種,ゴム製品,3d,3営業日,1,8,7,0.03390862716639657,0.023656542056074814,0.7142857142857143,サンプル不足,-0.043758379030131266
v7,distance_ma20,20日移動平均乖離,終値の20日移動平均からの乖離,True,業種,ゴム製品,3d,3営業日,2,10,8,0.01777031031619329,0.020823108121570177,0.75,サンプル不足,-0.043758379030131266
v7,distance_ma20,20日移動平均乖離,終値の20日移動平均からの乖離,True,業種,ゴム製品,3d,3営業日,3,12,8,-0.004823255809587141,-0.003261137527784841,0.5,サンプル不足,-0.043758379030131266
v7,distance_ma20,20日移動平均乖離,終値の20日移動平均からの乖離,True,業種,ゴム製品,3d,3営業日,4,2,2,-0.0037540346846107776,-0.0037540346846107776,0.5,サンプル不足,-0.043758379030131266
v7,distance_ma20,20日移動平均乖離,終値の20日移動平均からの乖離,True,業種,ゴム製品,3d,3営業日,5,3,3,-0.009849751863734699,0.0225669957686882,0.6666666666666666,サンプル不足,-0.043758379030131266
v7,distance_ma20,20日移動平均乖離,終値の20日移動平均からの乖離,True,業種,ゴム製品,5d,5営業日,1,8,6,0.04411117722860047,0.043184980522727234,1.0,サンプル不足,-0.05987090564447667
v7,distance_ma20,20日移動平均乖離,終値の20日移動平均からの乖離,True,業種,ゴム製品,5d,5営業日,2,10,8,0.031125118338363872,0.01649928819941293,0.875,サンプル不足,-0.05987090564447667
v7,distance_ma20,20日移動平均乖離,終値の20日移動平均からの乖離,True,業種,ゴム製品,5d,5営業日,3,12,8,0.007314368006135389,0.030531378046334212,0.75,サンプル不足,-0.05987090564447667
v7,distance_ma20,20日移動平均乖離,終値の20日移動平均からの乖離,True,業種,ゴム製品,5d,5営業日,4,2,2,0.0279196527891752,0.0279196527891752,0.5,サンプル不足,-0.05987090564447667
v7,distance_ma20,20日移動平均乖離,終値の20日移動平均からの乖離,True,業種,ゴム製品,5d,5営業日,5,3,3,-0.0157597284158762,-0.0489949748743718,0.3333333333333333,サンプル不足,-0.05987090564447667
v7,distance_ma20,20日移動平均乖離,終値の20日移動平均からの乖離,True,業種,サービス業,10d,10営業日,1,70,38,0.06779258774098076,0.04002511690752808,0.8947368421052632,評価可能,-0.13370943856122786
v7,distance_ma20,20日移動平均乖離,終値の20日移動平均からの乖離,True,業種,サービス業,10d,10営業日,2,73,47,0.014469537896803728,0.0227272727272727,0.6382978723404256,評価可能,-0.13370943856122786
v7,distance_ma20,20日移動平均乖離,終値の20日移動平均からの乖離,True,業種,サービス業,10d,10営業日,3,68,60,0.025034836139468507,0.022288367752423342,0.6166666666666667,評価可能,-0.13370943856122786
v7,distance_ma20,20日移動平均乖離,終値の20日移動平均からの乖離,True,業種,サービス業,10d,10営業日,4,69,52,0.014923299510723836,0.015371127995324363,0.5961538461538461,評価可能,-0.13370943856122786
v7,distance_ma20,20日移動平均乖離,終値の20日移動平均からの乖離,True,業種,サービス業,10d,10営業日,5,67,58,-0.06591685082024709,-0.03519591053700602,0.29310344827586204,評価可能,-0.13370943856122786
v7,distance_ma20,20日移動平均乖離,終値の20日移動平均からの乖離,True,業種,サービス業,1d,1営業日,1,70,66,0.010212445090552282,0.0041081063932900674,0.5757575757575758,評価可能,-0.0055843777435702876
v7,distance_ma20,20日移動平均乖離,終値の20日移動平均からの乖離,True,業種,サービス業,1d,1営業日,2,73,71,0.0010742687139994598,-0.002097315436241587,0.4788732394366197,評価可能,-0.0055843777435702876
v7,distance_ma20,20日移動平均乖離,終値の20日移動平均からの乖離,True,業種,サービス業,1d,1営業日,3,68,66,0.005035077192468365,0.002523684293907036,0.5757575757575758,評価可能,-0.0055843777435702876
v7,distance_ma20,20日移動平均乖離,終値の20日移動平均からの乖離,True,業種,サービス業,1d,1営業日,4,69,68,-0.0025880517428355796,-0.004193972865578851,0.36764705882352944,評価可能,-0.0055843777435702876
v7,distance_ma20,20日移動平均乖離,終値の20日移動平均からの乖離,True,業種,サービス業,1d,1営業日,5,67,65,0.004628067346981994,0.004610065309258449,0.5384615384615384,評価可能,-0.0055843777435702876
v7,distance_ma20,20日移動平均乖離,終値の20日移動平均からの乖離,True,業種,サービス業,3d,3営業日,1,70,60,0.02520926461953689,0.01530451460484683,0.6166666666666667,評価可能,-0.04153892657809338
v7,distance_ma20,20日移動平均乖離,終値の20日移動平均からの乖離,True,業種,サービス業,3d,3営業日,2,73,65,0.0022605381541283952,-0.001468428781204123,0.47692307692307695,評価可能,-0.04153892657809338
v7,distance_ma20,20日移動平均乖離,終値の20日移動平均からの乖離,True,業種,サービス業,3d,3営業日,3,68,64,0.00878369434668265,0.003708100368816414,0.546875,評価可能,-0.04153892657809338
v7,distance_ma20,20日移動平均乖離,終値の20日移動平均からの乖離,True,業種,サービス業,3d,3営業日,4,69,66,-0.002793096920533434,-0.0022792542080114497,0.4696969696969697,評価可能,-0.04153892657809338
v7,distance_ma20,20日移動平均乖離,終値の20日移動平均からの乖離,True,業種,サービス業,3d,3営業日,5,67,64,-0.016329661958556493,-0.010375750924214399,0.40625,評価可能,-0.04153892657809338
v7,distance_ma20,20日移動平均乖離,終値の20日移動平均からの乖離,True,業種,サービス業,5d,5営業日,1,70,57,0.03861754378115196,0.013434089000839533,0.6140350877192983,評価可能,-0.07784124820555732
v7,distance_ma20,20日移動平均乖離,終値の20日移動平均からの乖離,True,業種,サービス業,5d,5営業日,2,73,60,-0.0059844523631627355,-0.005029136562237635,0.43333333333333335,評価可能,-0.07784124820555732
v7,distance_ma20,20日移動平均乖離,終値の20日移動平均からの乖離,True,業種,サービス業,5d,5営業日,3,68,61,0.010042527743324155,0.0018587360594795044,0.5081967213114754,評価可能,-0.07784124820555732
v7,distance_ma20,20日移動平均乖離,終値の20日移動平均からの乖離,True,業種,サービス業,5d,5営業日,4,69,64,-0.0006665710853271268,0.0046917576890662645,0.515625,評価可能,-0.07784124820555732
v7,distance_ma20,20日移動平均乖離,終値の20日移動平均からの乖離,True,業種,サービス業,5d,5営業日,5,67,64,-0.03922370442440536,-0.031533243887894996,0.40625,評価可能,-0.07784124820555732
v7,distance_ma20,20日移動平均乖離,終値の20日移動平均からの乖離,True,業種,パルプ・紙,10d,10営業日,1,1,0,,,,サンプル不足,-0.026701143312132206
v7,distance_ma20,20日移動平均乖離,終値の20日移動平均からの乖離,True,業種,パルプ・紙,10d,10営業日,2,6,3,-0.07943541603693142,-0.0196560196560197,0.3333333333333333,サンプル不足,-0.026701143312132206
v7,distance_ma20,20日移動平均乖離,終値の20日移動平均からの乖離,True,業種,パルプ・紙,10d,10営業日,3,5,3,-0.10358276817258176,-0.05429553264604814,0.3333333333333333,サンプル不足,-0.026701143312132206
v7,distance_ma20,20日移動平均乖離,終値の20日移動平均からの乖離,True,業種,パルプ・紙,10d,10営業日,4,2,1,0.052023121387283267,0.052023121387283267,1.0,サンプル不足,-0.026701143312132206
v7,distance_ma20,20日移動平均乖離,終値の20日移動平均からの乖離,True,業種,パルプ・紙,10d,10営業日,5,3,3,-0.10613655934906363,-0.1165413533834586,0.0,サンプル不足,-0.026701143312132206
v7,distance_ma20,20日移動平均乖離,終値の20日移動平均からの乖離,True,業種,パルプ・紙,1d,1営業日,1,1,1,0.00045065344749883884,0.00045065344749883884,1.0,サンプル不足,-0.027851901882384567
v7,distance_ma20,20日移動平均乖離,終値の20日移動平均からの乖離,True,業種,パルプ・紙,1d,1営業日,2,6,6,-0.031479332265622675,-0.01777865293761144,0.0,サンプル不足,-0.027851901882384567
v7,distance_ma20,20日移動平均乖離,終値の20日移動平均からの乖離,True,業種,パルプ・紙,1d,1営業日,3,5,5,-0.012523128972819559,-0.011768349334159156,0.2,サンプル不足,-0.027851901882384567
v7,distance_ma20,20日移動平均乖離,終値の20日移動平均からの乖離,True,業種,パルプ・紙,1d,1営業日,4,2,2,-0.01095630479470111,-0.01095630479470111,0.5,サンプル不足,-0.027851901882384567
v7,distance_ma20,20日移動平均乖離,終値の20日移動平均からの乖離,True,業種,パルプ・紙,1d,1営業日,5,3,3,-0.027401248434885728,-0.0415986949429038,0.3333333333333333,サンプル不足,-0.027851901882384567
v7,distance_ma20,20日移動平均乖離,終値の20日移動平均からの乖離,True,業種,パルプ・紙,3d,3営業日,1,1,0,,,,サンプル不足,-0.03913424503622005
v7,distance_ma20,20日移動平均乖離,終値の20日移動平均からの乖離,True,業種,パルプ・紙,3d,3営業日,2,6,6,-0.03686567954464123,-0.017055004308603627,0.3333333333333333,サンプル不足,-0.03913424503622005
v7,distance_ma20,20日移動平均乖離,終値の20日移動平均からの乖離,True,業種,パルプ・紙,3d,3営業日,3,5,5,-0.00695322279927515,-0.01238773614122024,0.4,サンプル不足,-0.03913424503622005
v7,distance_ma20,20日移動平均乖離,終値の20日移動平均からの乖離,True,業種,パルプ・紙,3d,3営業日,4,2,2,-0.023114359505947313,-0.023114359505947313,0.5,サンプル不足,-0.03913424503622005
v7,distance_ma20,20日移動平均乖離,終値の20日移動平均からの乖離,True,業種,パルプ・紙,3d,3営業日,5,3,3,-0.07599992458086129,-0.07585644371941269,0.0,サンプル不足,-0.03913424503622005
v7,distance_ma20,20日移動平均乖離,終値の20日移動平均からの乖離,True,業種,パルプ・紙,5d,5営業日,1,1,0,,,,サンプル不足,-0.024705609522336254
v7,distance_ma20,20日移動平均乖離,終値の20日移動平均からの乖離,True,業種,パルプ・紙,5d,5営業日,2,6,5,-0.04876674792334169,-0.0007988271331537122,0.4,サンプル不足,-0.024705609522336254
v7,distance_ma20,20日移動平均乖離,終値の20日移動平均からの乖離,True,業種,パルプ・紙,5d,5営業日,3,5,4,-0.008203732420216787,0.0144126318275839,0.75,サンプル不足,-0.024705609522336254
v7,distance_ma20,20日移動平均乖離,終値の20日移動平均からの乖離,True,業種,パルプ・紙,5d,5営業日,4,2,1,0.052023121387283267,0.052023121387283267,1.0,サンプル不足,-0.024705609522336254
v7,distance_ma20,20日移動平均乖離,終値の20日移動平均からの乖離,True,業種,パルプ・紙,5d,5営業日,5,3,3,-0.07347235744567794,-0.09056603773584904,0.0,サンプル不足,-0.024705609522336254
v7,distance_ma20,20日移動平均乖離,終値の20日移動平均からの乖離,True,業種,不動産業,10d,10営業日,1,5,0,,,,サンプル不足,-0.02516490844998624
v7,distance_ma20,20日移動平均乖離,終値の20日移動平均からの乖離,True,業種,不動産業,10d,10営業日,2,7,5,0.0009474372870939545,-0.0079893475366178,0.4,サンプル不足,-0.02516490844998624
v7,distance_ma20,20日移動平均乖離,終値の20日移動平均からの乖離,True,業種,不動産業,10d,10営業日,3,11,9,-0.013545158044979922,-0.0079239302694136,0.3333333333333333,サンプル不足,-0.02516490844998624
v7,distance_ma20,20日移動平均乖離,終値の20日移動平均からの乖離,True,業種,不動産業,10d,10営業日,4,13,7,-0.026911672344265336,-0.06666666666666665,0.2857142857142857,サンプル不足,-0.02516490844998624
v7,distance_ma20,20日移動平均乖離,終値の20日移動平均からの乖離,True,業種,不動産業,10d,10営業日,5,19,14,-0.024217471162892284,0.0023041474654378336,0.5,サンプル不足,-0.02516490844998624
v7,distance_ma20,20日移動平均乖離,終値の20日移動平均からの乖離,True,業種,不動産業,1d,1営業日,1,5,4,-0.015676726714002387,-0.01903138204187166,0.25,サンプル不足,0.021227904967922963
v7,distance_ma20,20日移動平均乖離,終値の20日移動平均からの乖離,True,業種,不動産業,1d,1営業日,2,7,7,-0.0035056164716735943,-0.0049652432969214,0.2857142857142857,サンプル不足,0.021227904967922963
v7,distance_ma20,20日移動平均乖離,終値の20日移動平均からの乖離,True,業種,不動産業,1d,1営業日,3,11,11,-0.031517577260514566,-0.02608695652173909,0.09090909090909091,サンプル不足,0.021227904967922963
v7,distance_ma20,20日移動平均乖離,終値の20日移動平均からの乖離,True,業種,不動産業,1d,1営業日,4,13,12,-0.010718048553706607,-0.0025031289111389077,0.3333333333333333,サンプル不足,0.021227904967922963
v7,distance_ma20,20日移動平均乖離,終値の20日移動平均からの乖離,True,業種,不動産業,1d,1営業日,5,19,19,0.005551178253920576,0.0,0.47368421052631576,サンプル不足,0.021227904967922963
v7,distance_ma20,20日移動平均乖離,終値の20日移動平均からの乖離,True,業種,不動産業,3d,3営業日,1,5,3,-0.011131214717081747,-0.00536193029490617,0.3333333333333333,サンプル不足,-0.014313276815123612
v7,distance_ma20,20日移動平均乖離,終値の20日移動平均からの乖離,True,業種,不動産業,3d,3営業日,2,7,7,-0.0006720672120766939,-0.0039946737683089,0.2857142857142857,サンプル不足,-0.014313276815123612
v7,distance_ma20,20日移動平均乖離,終値の20日移動平均からの乖離,True,業種,不動産業,3d,3営業日,3,11,11,-0.030944938874335613,-0.0142857142857142,0.18181818181818182,サンプル不足,-0.014313276815123612
v7,distance_ma20,20日移動平均乖離,終値の20日移動平均からの乖離,True,業種,不動産業,3d,3営業日,4,13,12,-0.021700354496780604,-0.026093531875290843,0.16666666666666666,サンプル不足,-0.014313276815123612
v7,distance_ma20,20日移動平均乖離,終値の20日移動平均からの乖離,True,業種,不動産業,3d,3営業日,5,19,19,-0.02544449153220536,-0.0007479431563200967,0.3684210526315789,サンプル不足,-0.014313276815123612
v7,distance_ma20,20日移動平均乖離,終値の20日移動平均からの乖離,True,業種,不動産業,5d,5営業日,1,5,3,-0.008870664824027505,-0.01382488479262678,0.3333333333333333,サンプル不足,0.0047502939525681355
v7,distance_ma20,20日移動平均乖離,終値の20日移動平均からの乖離,True,業種,不動産業,5d,5営業日,2,7,6,-0.006383902792802748,-0.005755168366886301,0.5,サンプル不足,0.0047502939525681355
v7,distance_ma20,20日移動平均乖離,終値の20日移動平均からの乖離,True,業種,不動産業,5d,5営業日,3,11,10,-0.030197097611830037,-0.014310158708284464,0.2,サンプル不足,0.0047502939525681355
v7,distance_ma20,20日移動平均乖離,終値の20日移動平均からの乖離,True,業種,不動産業,5d,5営業日,4,13,9,-0.025983397814161202,-0.01869158878504673,0.2222222222222222,サンプル不足,0.0047502939525681355
v7,distance_ma20,20日移動平均乖離,終値の20日移動平均からの乖離,True,業種,不動産業,5d,5営業日,5,19,17,-0.004120370871459369,-0.0035087719298245723,0.4117647058823529,サンプル不足,0.0047502939525681355
v7,distance_ma20,20日移動平均乖離,終値の20日移動平均からの乖離,True,業種,保険業,10d,10営業日,1,42,27,0.04170170575479007,0.04465014974135584,0.8888888888888888,サンプル不足,-0.010443764204599498
v7,distance_ma20,20日移動平均乖離,終値の20日移動平均からの乖離,True,業種,保険業,10d,10営業日,2,27,23,0.0032862716181101454,0.006577144423129733,0.6086956521739131,サンプル不足,-0.010443764204599498
v7,distance_ma20,20日移動平均乖離,終値の20日移動平均からの乖離,True,業種,保険業,10d,10営業日,3,13,10,-0.000567338171567422,0.0021502274626867823,0.6,サンプル不足,-0.010443764204599498
v7,distance_ma20,20日移動平均乖離,終値の20日移動平均からの乖離,True,業種,保険業,10d,10営業日,4,7,6,-0.02375647344667849,-0.024612108514455,0.0,サンプル不足,-0.010443764204599498
v7,distance_ma20,20日移動平均乖離,終値の20日移動平均からの乖離,True,業種,保険業,10d,10営業日,5,1,1,0.03125794155019057,0.03125794155019057,1.0,サンプル不足,-0.010443764204599498
v7,distance_ma20,20日移動平均乖離,終値の20日移動平均からの乖離,True,業種,保険業,1d,1営業日,1,42,42,0.001051213306599059,0.0049529922941286,0.5714285714285714,評価可能,-0.03421512690253302
v7,distance_ma20,20日移動平均乖離,終値の20日移動平均からの乖離,True,業種,保険業,1d,1営業日,2,27,27,-0.001987130394032808,-0.001091835496785154,0.48148148148148145,サンプル不足,-0.03421512690253302
v7,distance_ma20,20日移動平均乖離,終値の20日移動平均からの乖離,True,業種,保険業,1d,1営業日,3,13,13,-0.0028440802197529946,-0.008524240809802852,0.38461538461538464,サンプル不足,-0.03421512690253302
v7,distance_ma20,20日移動平均乖離,終値の20日移動平均からの乖離,True,業種,保険業,1d,1営業日,4,7,7,0.005862579883256606,0.0025094678205144216,0.8571428571428571,サンプル不足,-0.03421512690253302
v7,distance_ma20,20日移動平均乖離,終値の20日移動平均からの乖離,True,業種,保険業,1d,1営業日,5,1,1,-0.03316391359593396,-0.03316391359593396,0.0,サンプル不足,-0.03421512690253302
v7,distance_ma20,20日移動平均乖離,終値の20日移動平均からの乖離,True,業種,保険業,3d,3営業日,1,42,40,0.007236087752481618,0.006234308905679886,0.625,評価可能,-0.026295808209914933
v7,distance_ma20,20日移動平均乖離,終値の20日移動平均からの乖離,True,業種,保険業,3d,3営業日,2,27,27,-0.009647652180711352,-0.0019355035597278247,0.4444444444444444,サンプル不足,-0.026295808209914933
v7,distance_ma20,20日移動平均乖離,終値の20日移動平均からの乖離,True,業種,保険業,3d,3営業日,3,13,13,-0.005202800800036382,-0.010773110997244983,0.46153846153846156,サンプル不足,-0.026295808209914933
v7,distance_ma20,20日移動平均乖離,終値の20日移動平均からの乖離,True,業種,保険業,3d,3営業日,4,7,7,0.009055142918431505,0.013767189650988998,0.5714285714285714,サンプル不足,-0.026295808209914933
v7,distance_ma20,20日移動平均乖離,終値の20日移動平均からの乖離,True,業種,保険業,3d,3営業日,5,1,1,-0.019059720457433316,-0.019059720457433316,0.0,サンプル不足,-0.026295808209914933
v7,distance_ma20,20日移動平均乖離,終値の20日移動平均からの乖離,True,業種,保険業,5d,5営業日,1,42,37,0.01510070630388664,0.013315579227696439,0.6216216216216216,評価可能,-0.04940820312726661
v7,distance_ma20,20日移動平均乖離,終値の20日移動平均からの乖離,True,業種,保険業,5d,5営業日,2,27,27,-0.013167941959204586,-0.010908135103167349,0.4074074074074074,サンプル不足,-0.04940820312726661
v7,distance_ma20,20日移動平均乖離,終値の20日移動平均からの乖離,True,業種,保険業,5d,5営業日,3,13,13,-5.309490256364914e-05,-0.00126580346988725,0.38461538461538464,サンプル不足,-0.04940820312726661
v7,distance_ma20,20日移動平均乖離,終値の20日移動平均からの乖離,True,業種,保険業,5d,5営業日,4,7,7,-0.005596904037848516,0.0012515453343102667,0.5714285714285714,サンプル不足,-0.04940820312726661
v7,distance_ma20,20日移動平均乖離,終値の20日移動平均からの乖離,True,業種,保険業,5d,5営業日,5,1,1,-0.03430749682337997,-0.03430749682337997,0.0,サンプル不足,-0.04940820312726661
v7,distance_ma20,20日移動平均乖離,終値の20日移動平均からの乖離,True,業種,倉庫・運輸関連業,10d,10営業日,1,4,1,0.0066857688634192,0.0066857688634192,1.0,サンプル不足,-0.0427626013439975
v7,distance_ma20,20日移動平均乖離,終値の20日移動平均からの乖離,True,業種,倉庫・運輸関連業,10d,10営業日,2,3,3,-0.009798975879341748,-0.0023291925465838137,0.3333333333333333,サンプル不足,-0.0427626013439975
v7,distance_ma20,20日移動平均乖離,終値の20日移動平均からの乖離,True,業種,倉庫・運輸関連業,10d,10営業日,3,4,4,0.05245207512921256,0.013924759140139933,0.5,サンプル不足,-0.0427626013439975
v7,distance_ma20,20日移動平均乖離,終値の20日移動平均からの乖離,True,業種,倉庫・運輸関連業,10d,10営業日,4,3,3,0.10263385199790072,0.12818917237087746,0.6666666666666666,サンプル不足,-0.0427626013439975
v7,distance_ma20,20日移動平均乖離,終値の20日移動平均からの乖離,True,業種,倉庫・運輸関連業,10d,10営業日,5,5,5,-0.0360768324805783,-0.0371819960861057,0.2,サンプル不足,-0.0427626013439975
v7,distance_ma20,20日移動平均乖離,終値の20日移動平均からの乖離,True,業種,倉庫・運輸関連業,1d,1営業日,1,4,4,0.006630832177005403,0.009238521836506197,0.5,サンプル不足,-0.040240017598172986
v7,distance_ma20,20日移動平均乖離,終値の20日移動平均からの乖離,True,業種,倉庫・運輸関連業,1d,1営業日,2,3,3,-0.008194902481752956,-0.005822981366459645,0.0,サンプル不足,-0.040240017598172986
v7,distance_ma20,20日移動平均乖離,終値の20日移動平均からの乖離,True,業種,倉庫・運輸関連業,1d,1営業日,3,4,4,-0.002258298076324194,-0.002279838016081736,0.5,サンプル不足,-0.040240017598172986
v7,distance_ma20,20日移動平均乖離,終値の20日移動平均からの乖離,True,業種,倉庫・運輸関連業,1d,1営業日,4,3,3,-0.0037575660846778844,-0.012445550715619147,0.3333333333333333,サンプル不足,-0.040240017598172986
v7,distance_ma20,20日移動平均乖離,終値の20日移動平均からの乖離,True,業種,倉庫・運輸関連業,1d,1営業日,5,5,5,-0.03360918542116759,-0.0019569471624266,0.2,サンプル不足,-0.040240017598172986
v7,distance_ma20,20日移動平均乖離,終値の20日移動平均からの乖離,True,業種,倉庫・運輸関連業,3d,3営業日,1,4,2,0.02410903653696202,0.02410903653696202,1.0,サンプル不足,-0.056049635454372
v7,distance_ma20,20日移動平均乖離,終値の20日移動平均からの乖離,True,業種,倉庫・運輸関連業,3d,3営業日,2,3,3,0.0022432498572477755,0.0,0.3333333333333333,サンプル不足,-0.056049635454372
v7,distance_ma20,20日移動平均乖離,終値の20日移動平均からの乖離,True,業種,倉庫・運輸関連業,3d,3営業日,3,4,4,0.007066113413590143,-0.00033860129884755175,0.5,サンプル不足,-0.056049635454372
v7,distance_ma20,20日移動平均乖離,終値の20日移動平均からの乖離,True,業種,倉庫・運輸関連業,3d,3営業日,4,3,3,0.010653650991633734,-0.0059857115273218575,0.3333333333333333,サンプル不足,-0.056049635454372
v7,distance_ma20,20日移動平均乖離,終値の20日移動平均からの乖離,True,業種,倉庫・運輸関連業,3d,3営業日,5,5,5,-0.031940598917409975,-0.012705134992059275,0.2,サンプル不足,-0.056049635454372
v7,distance_ma20,20日移動平均乖離,終値の20日移動平均からの乖離,True,業種,倉庫・運輸関連業,5d,5営業日,1,4,2,0.029246896427803645,0.029246896427803645,1.0,サンプル不足,-0.0554648245154158
v7,distance_ma20,20日移動平均乖離,終値の20日移動平均からの乖離,True,業種,倉庫・運輸関連業,5d,5営業日,2,3,3,-0.021885217577901503,-0.01979813664596275,0.0,サンプル不足,-0.0554648245154158
v7,distance_ma20,20日移動平均乖離,終値の20日移動平均からの乖離,True,業種,倉庫・運輸関連業,5d,5営業日,3,4,4,0.010509009817366863,0.0065190430395571,0.5,サンプル不足,-0.0554648245154158
v7,distance_ma20,20日移動平均乖離,終値の20日移動平均からの乖離,True,業種,倉庫・運輸関連業,5d,5営業日,4,3,3,0.03220850742159672,0.029156207762116138,0.6666666666666666,サンプル不足,-0.0554648245154158
v7,distance_ma20,20日移動平均乖離,終値の20日移動平均からの乖離,True,業種,倉庫・運輸関連業,5d,5営業日,5,5,5,-0.026217928087612162,-0.0234833659491193,0.4,サンプル不足,-0.0554648245154158
v7,distance_ma20,20日移動平均乖離,終値の20日移動平均からの乖離,True,業種,化学,10d,10営業日,1,70,57,-0.018050945137404368,0.0058072009291521,0.5263157894736842,評価可能,-0.06262923590223046
v7,distance_ma20,20日移動平均乖離,終値の20日移動平均からの乖離,True,業種,化学,10d,10営業日,2,63,47,-0.03161227387188206,-0.02051551814834296,0.3829787234042553,評価可能,-0.06262923590223046
v7,distance_ma20,20日移動平均乖離,終値の20日移動平均からの乖離,True,業種,化学,10d,10営業日,3,49,34,-0.061801964162885734,-0.044239208588500674,0.3235294117647059,評価可能,-0.06262923590223046
v7,distance_ma20,20日移動平均乖離,終値の20日移動平均からの乖離,True,業種,化学,10d,10営業日,4,39,21,-0.02990087375906847,-0.031385281385281405,0.38095238095238093,サンプル不足,-0.06262923590223046
v7,distance_ma20,20日移動平均乖離,終値の20日移動平均からの乖離,True,業種,化学,10d,10営業日,5,47,27,-0.08068018103963483,-0.0387685290763968,0.25925925925925924,サンプル不足,-0.06262923590223046
v7,distance_ma20,20日移動平均乖離,終値の20日移動平均からの乖離,True,業種,化学,1d,1営業日,1,70,67,-0.006232827520002874,-0.0008211304228821215,0.47761194029850745,評価可能,0.007302883165949405
v7,distance_ma20,20日移動平均乖離,終値の20日移動平均からの乖離,True,業種,化学,1d,1営業日,2,63,58,-0.004475775177158007,-0.008123163355363838,0.3275862068965517,評価可能,0.007302883165949405
v7,distance_ma20,20日移動平均乖離,終値の20日移動平均からの乖離,True,業種,化学,1d,1営業日,3,49,47,-0.012312158980213612,-0.007822685788787531,0.3191489361702128,評価可能,0.007302883165949405
v7,distance_ma20,20日移動平均乖離,終値の20日移動平均からの乖離,True,業種,化学,1d,1営業日,4,39,36,0.0027582683431592713,0.004020237580548805,0.5277777777777778,評価可能,0.007302883165949405
v7,distance_ma20,20日移動平均乖離,終値の20日移動平均からの乖離,True,業種,化学,1d,1営業日,5,47,45,0.0010700556459465314,-0.00753453327752196,0.4,評価可能,0.007302883165949405
v7,distance_ma20,20日移動平均乖離,終値の20日移動平均からの乖離,True,業種,化学,3d,3営業日,1,70,63,-0.012279887796707833,-0.0058212058212058215,0.4444444444444444,評価可能,0.005885856600353826
v7,distance_ma20,20日移動平均乖離,終値の20日移動平均からの乖離,True,業種,化学,3d,3営業日,2,63,56,-0.0060592577131885665,-0.013434293468748304,0.3392857142857143,評価可能,0.005885856600353826
v7,distance_ma20,20日移動平均乖離,終値の20日移動平均からの乖離,True,業種,化学,3d,3営業日,3,49,44,-0.02646551072914407,-0.024817057816933608,0.3409090909090909,評価可能,0.005885856600353826
v7,distance_ma20,20日移動平均乖離,終値の20日移動平均からの乖離,True,業種,化学,3d,3営業日,4,39,31,-0.013605341844902195,-0.005725190839694694,0.3870967741935484,評価可能,0.005885856600353826
v7,distance_ma20,20日移動平均乖離,終値の20日移動平均からの乖離,True,業種,化学,3d,3営業日,5,47,36,-0.006394031196354007,-0.014082142970426793,0.4444444444444444,評価可能,0.005885856600353826
v7,distance_ma20,20日移動平均乖離,終値の20日移動平均からの乖離,True,業種,化学,5d,5営業日,1,70,61,-0.010226061219010733,-0.005356186395286566,0.4262295081967213,評価可能,-0.017639528312577084
v7,distance_ma20,20日移動平均乖離,終値の20日移動平均からの乖離,True,業種,化学,5d,5営業日,2,63,54,-0.018907160588206354,-0.01485736287360584,0.35185185185185186,評価可能,-0.017639528312577084
v7,distance_ma20,20日移動平均乖離,終値の20日移動平均からの乖離,True,業種,化学,5d,5営業日,3,49,38,-0.029092757047980575,-0.009752108570834583,0.42105263157894735,評価可能,-0.017639528312577084
v7,distance_ma20,20日移動平均乖離,終値の20日移動平均からの乖離,True,業種,化学,5d,5営業日,4,39,28,-0.0035521750790961947,-0.004318312082646603,0.42857142857142855,サンプル不足,-0.017639528312577084
v7,distance_ma20,20日移動平均乖離,終値の20日移動平均からの乖離,True,業種,化学,5d,5営業日,5,47,33,-0.02786558953158782,-0.023593466424682408,0.42424242424242425,評価可能,-0.017639528312577084
v7,distance_ma20,20日移動平均乖離,終値の20日移動平均からの乖離,True,業種,医薬品,10d,10営業日,1,4,1,-0.03628117913832196,-0.03628117913832196,0.0,サンプル不足,-0.1562605689507632
v7,distance_ma20,20日移動平均乖離,終値の20日移動平均からの乖離,True,業種,医薬品,10d,10営業日,2,14,9,-0.013793217416508482,-0.016967315592069987,0.3333333333333333,サンプル不足,-0.1562605689507632
v7,distance_ma20,20日移動平均乖離,終値の20日移動平均からの乖離,True,業種,医薬品,10d,10営業日,3,6,5,0.018047191624354773,0.020334928229664984,0.6,サンプル不足,-0.1562605689507632
v7,distance_ma20,20日移動平均乖離,終値の20日移動平均からの乖離,True,業種,医薬品,10d,10営業日,4,5,3,-0.04229913307273542,-0.0354330708661417,0.3333333333333333,サンプル不足,-0.1562605689507632
v7,distance_ma20,20日移動平均乖離,終値の20日移動平均からの乖離,True,業種,医薬品,10d,10営業日,5,6,5,-0.19254174808908517,-0.1923076923076923,0.2,サンプル不足,-0.1562605689507632
v7,distance_ma20,20日移動平均乖離,終値の20日移動平均からの乖離,True,業種,医薬品,1d,1営業日,1,4,4,-0.0020190084109848183,-0.015398023068205202,0.25,サンプル不足,-0.11689739303439164
v7,distance_ma20,20日移動平均乖離,終値の20日移動平均からの乖離,True,業種,医薬品,1d,1営業日,2,14,14,-0.008818940711314569,-0.002298620511201055,0.35714285714285715,サンプル不足,-0.11689739303439164
v7,distance_ma20,20日移動平均乖離,終値の20日移動平均からの乖離,True,業種,医薬品,1d,1営業日,3,6,6,-0.013300158280439492,-0.008294240572407463,0.3333333333333333,サンプル不足,-0.11689739303439164
v7,distance_ma20,20日移動平均乖離,終値の20日移動平均からの乖離,True,業種,医薬品,1d,1営業日,4,5,5,9.292157920719607e-05,-0.007224898110411271,0.4,サンプル不足,-0.11689739303439164
v7,distance_ma20,20日移動平均乖離,終値の20日移動平均からの乖離,True,業種,医薬品,1d,1営業日,5,6,6,-0.11891640144537646,-0.08645793067903615,0.0,サンプル不足,-0.11689739303439164
v7,distance_ma20,20日移動平均乖離,終値の20日移動平均からの乖離,True,業種,医薬品,3d,3営業日,1,4,4,-0.018052779554712933,-0.02769537477111783,0.25,サンプル不足,-0.12778098368704774
v7,distance_ma20,20日移動平均乖離,終値の20日移動平均からの乖離,True,業種,医薬品,3d,3営業日,2,14,13,-0.013064595803902016,0.0045620437956204185,0.5384615384615384,サンプル不足,-0.12778098368704774
v7,distance_ma20,20日移動平均乖離,終値の20日移動平均からの乖離,True,業種,医薬品,3d,3営業日,3,6,6,-0.023942409441563783,-0.026177035556078254,0.3333333333333333,サンプル不足,-0.12778098368704774
v7,distance_ma20,20日移動平均乖離,終値の20日移動平均からの乖離,True,業種,医薬品,3d,3営業日,4,5,4,-0.04687251051268085,-0.0427458106198263,0.0,サンプル不足,-0.12778098368704774
v7,distance_ma20,20日移動平均乖離,終値の20日移動平均からの乖離,True,業種,医薬品,3d,3営業日,5,6,5,-0.14583376324176067,-0.0728643216080402,0.2,サンプル不足,-0.12778098368704774
v7,distance_ma20,20日移動平均乖離,終値の20日移動平均からの乖離,True,業種,医薬品,5d,5営業日,1,4,4,0.0009973301399145706,0.005334760368317482,0.75,サンプル不足,-0.19110287890030936
v7,distance_ma20,20日移動平均乖離,終値の20日移動平均からの乖離,True,業種,医薬品,5d,5営業日,2,14,13,-0.016094778348906023,-0.023902266288951868,0.38461538461538464,サンプル不足,-0.19110287890030936
v7,distance_ma20,20日移動平均乖離,終値の20日移動平均からの乖離,True,業種,医薬品,5d,5営業日,3,6,6,-0.018710145162208147,-0.03232273547079251,0.3333333333333333,サンプル不足,-0.19110287890030936
v7,distance_ma20,20日移動平均乖離,終値の20日移動平均からの乖離,True,業種,医薬品,5d,5営業日,4,5,4,-0.058705342937729,-0.05477151894474725,0.0,サンプル不足,-0.19110287890030936
v7,distance_ma20,20日移動平均乖離,終値の20日移動平均からの乖離,True,業種,医薬品,5d,5営業日,5,6,5,-0.1901055487603948,-0.1153846153846154,0.0,サンプル不足,-0.19110287890030936
v7,distance_ma20,20日移動平均乖離,終値の20日移動平均からの乖離,True,業種,卸売業,10d,10営業日,1,17,11,0.05739823751158874,0.0877914951989025,0.8181818181818182,サンプル不足,-0.0885538351767143
v7,distance_ma20,20日移動平均乖離,終値の20日移動平均からの乖離,True,業種,卸売業,10d,10営業日,2,39,22,-0.00033168777876709974,-0.00533344450537305,0.4090909090909091,サンプル不足,-0.0885538351767143
v7,distance_ma20,20日移動平均乖離,終値の20日移動平均からの乖離,True,業種,卸売業,10d,10営業日,3,31,19,0.008273767081852748,0.0,0.47368421052631576,サンプル不足,-0.0885538351767143
v7,distance_ma20,20日移動平均乖離,終値の20日移動平均からの乖離,True,業種,卸売業,10d,10営業日,4,56,35,-0.013711585869627849,-0.014017094017094056,0.37142857142857144,評価可能,-0.0885538351767143
v7,distance_ma20,20日移動平均乖離,終値の20日移動平均からの乖離,True,業種,卸売業,10d,10営業日,5,53,22,-0.03115559766512555,-0.023120576402685,0.45454545454545453,サンプル不足,-0.0885538351767143
v7,distance_ma20,20日移動平均乖離,終値の20日移動平均からの乖離,True,業種,卸売業,1d,1営業日,1,17,16,0.0061149391468344055,0.004519459577398508,0.5625,サンプル不足,0.0048547532123957
v7,distance_ma20,20日移動平均乖離,終値の20日移動平均からの乖離,True,業種,卸売業,1d,1営業日,2,39,37,0.007138213568467486,0.003564154786150686,0.5675675675675675,評価可能,0.0048547532123957
v7,distance_ma20,20日移動平均乖離,終値の20日移動平均からの乖離,True,業種,卸売業,1d,1営業日,3,31,30,0.006661902914682164,-5.2055915556903365e-05,0.5,評価可能,0.0048547532123957
v7,distance_ma20,20日移動平均乖離,終値の20日移動平均からの乖離,True,業種,卸売業,1d,1営業日,4,56,53,0.0008735629806364548,-0.0014144271570014,0.4528301886792453,評価可能,0.0048547532123957
v7,distance_ma20,20日移動平均乖離,終値の20日移動平均からの乖離,True,業種,卸売業,1d,1営業日,5,53,48,0.010969692359230105,-0.0024492459571999747,0.4583333333333333,評価可能,0.0048547532123957
v7,distance_ma20,20日移動平均乖離,終値の20日移動平均からの乖離,True,業種,卸売業,3d,3営業日,1,17,15,0.025728456022157963,0.0038240917782026,0.6,サンプル不足,-0.009694860994494493
v7,distance_ma20,20日移動平均乖離,終値の20日移動平均からの乖離,True,業種,卸売業,3d,3営業日,2,39,33,0.009428857372785473,0.0014306151645206,0.5151515151515151,評価可能,-0.009694860994494493
v7,distance_ma20,20日移動平均乖離,終値の20日移動平均からの乖離,True,業種,卸売業,3d,3営業日,3,31,26,0.0009113846970945238,-0.00950114743196178,0.46153846153846156,サンプル不足,-0.009694860994494493
v7,distance_ma20,20日移動平均乖離,終値の20日移動平均からの乖離,True,業種,卸売業,3d,3営業日,4,56,49,-0.018760666775824015,-0.01628959276018105,0.40816326530612246,評価可能,-0.009694860994494493
v7,distance_ma20,20日移動平均乖離,終値の20日移動平均からの乖離,True,業種,卸売業,3d,3営業日,5,53,43,0.01603359502766347,-0.010000000000000009,0.4418604651162791,評価可能,-0.009694860994494493
v7,distance_ma20,20日移動平均乖離,終値の20日移動平均からの乖離,True,業種,卸売業,5d,5営業日,1,17,13,0.049258576635215726,0.0372848948374759,0.6153846153846154,サンプル不足,-0.04705167332081204
v7,distance_ma20,20日移動平均乖離,終値の20日移動平均からの乖離,True,業種,卸売業,5d,5営業日,2,39,29,0.0035733394371935227,0.0072661217075387,0.5172413793103449,サンプル不足,-0.04705167332081204
v7,distance_ma20,20日移動平均乖離,終値の20日移動平均からの乖離,True,業種,卸売業,5d,5営業日,3,31,23,0.012585344102989986,0.0035005834305716,0.5217391304347826,サンプル不足,-0.04705167332081204
v7,distance_ma20,20日移動平均乖離,終値の20日移動平均からの乖離,True,業種,卸売業,5d,5営業日,4,56,44,-0.01867804454907408,-0.01395465319713297,0.29545454545454547,評価可能,-0.04705167332081204
v7,distance_ma20,20日移動平均乖離,終値の20日移動平均からの乖離,True,業種,卸売業,5d,5営業日,5,53,34,0.0022069033144036846,0.002909100499795647,0.5294117647058824,評価可能,-0.04705167332081204
v7,distance_ma20,20日移動平均乖離,終値の20日移動平均からの乖離,True,業種,小売業,10d,10営業日,1,29,24,0.006194162181862614,0.0006001120007954157,0.5,サンプル不足,0.005126100045887104
v7,distance_ma20,20日移動平均乖離,終値の20日移動平均からの乖離,True,業種,小売業,10d,10営業日,2,33,24,0.017393125321921655,0.014025924320795191,0.5833333333333334,サンプル不足,0.005126100045887104
v7,distance_ma20,20日移動平均乖離,終値の20日移動平均からの乖離,True,業種,小売業,10d,10営業日,3,67,49,0.001264833574296486,0.0,0.4897959183673469,評価可能,0.005126100045887104
v7,distance_ma20,20日移動平均乖離,終値の20日移動平均からの乖離,True,業種,小売業,10d,10営業日,4,54,37,0.03250853841072931,0.023792357606344572,0.6216216216216216,評価可能,0.005126100045887104
v7,distance_ma20,20日移動平均乖離,終値の20日移動平均からの乖離,True,業種,小売業,10d,10営業日,5,40,33,0.011320262227749718,0.01700921332388372,0.5454545454545454,評価可能,0.005126100045887104
v7,distance_ma20,20日移動平均乖離,終値の20日移動平均からの乖離,True,業種,小売業,1d,1営業日,1,29,29,0.001512611063398477,0.0,0.4827586206896552,サンプル不足,0.007583782033316192
v7,distance_ma20,20日移動平均乖離,終値の20日移動平均からの乖離,True,業種,小売業,1d,1営業日,2,33,32,-0.0025105348407670957,-0.004720253161922757,0.40625,評価可能,0.007583782033316192
v7,distance_ma20,20日移動平均乖離,終値の20日移動平均からの乖離,True,業種,小売業,1d,1営業日,3,67,66,0.004778789226148335,0.0,0.48484848484848486,評価可能,0.007583782033316192
v7,distance_ma20,20日移動平均乖離,終値の20日移動平均からの乖離,True,業種,小売業,1d,1営業日,4,54,52,-0.007352268356033283,-0.0048185156480661795,0.3269230769230769,評価可能,0.007583782033316192
v7,distance_ma20,20日移動平均乖離,終値の20日移動平均からの乖離,True,業種,小売業,1d,1営業日,5,40,40,0.009096393096714669,0.0024587718950074278,0.525,評価可能,0.007583782033316192
v7,distance_ma20,20日移動平均乖離,終値の20日移動平均からの乖離,True,業種,小売業,3d,3営業日,1,29,28,0.003062031619404112,0.002519167579408491,0.6071428571428571,サンプル不足,0.015822676711352745
v7,distance_ma20,20日移動平均乖離,終値の20日移動平均からの乖離,True,業種,小売業,3d,3営業日,2,33,32,0.003349301273638066,0.002279207374167826,0.53125,評価可能,0.015822676711352745
v7,distance_ma20,20日移動平均乖離,終値の20日移動平均からの乖離,True,業種,小売業,3d,3営業日,3,67,63,0.0058114498038042105,-0.0008900756564308443,0.4603174603174603,評価可能,0.015822676711352745
v7,distance_ma20,20日移動平均乖離,終値の20日移動平均からの乖離,True,業種,小売業,3d,3営業日,4,54,49,-0.007107412366808847,-0.0111420612813371,0.3877551020408163,評価可能,0.015822676711352745
v7,distance_ma20,20日移動平均乖離,終値の20日移動平均からの乖離,True,業種,小売業,3d,3営業日,5,40,40,0.018884708330756856,0.010307534341285729,0.575,評価可能,0.015822676711352745
v7,distance_ma20,20日移動平均乖離,終値の20日移動平均からの乖離,True,業種,小売業,5d,5営業日,1,29,27,0.004985072460960562,0.004691055836772096,0.5185185185185185,サンプル不足,0.011823984969434678
v7,distance_ma20,20日移動平均乖離,終値の20日移動平均からの乖離,True,業種,小売業,5d,5営業日,2,33,30,0.008868863470831757,0.01102543737728065,0.6,評価可能,0.011823984969434678
v7,distance_ma20,20日移動平均乖離,終値の20日移動平均からの乖離,True,業種,小売業,5d,5営業日,3,67,61,0.003488194365270608,-0.0059880239520958,0.45901639344262296,評価可能,0.011823984969434678
v7,distance_ma20,20日移動平均乖離,終値の20日移動平均からの乖離,True,業種,小売業,5d,5営業日,4,54,49,-0.002712624163813715,-0.0011820330969266601,0.4489795918367347,評価可能,0.011823984969434678
v7,distance_ma20,20日移動平均乖離,終値の20日移動平均からの乖離,True,業種,小売業,5d,5営業日,5,40,39,0.01680905743039524,0.012679032636769172,0.5897435897435898,評価可能,0.011823984969434678
v7,distance_ma20,20日移動平均乖離,終値の20日移動平均からの乖離,True,業種,建設業,10d,10営業日,1,4,2,-0.015380491687538557,-0.015380491687538557,0.0,サンプル不足,-0.08959250276461275
v7,distance_ma20,20日移動平均乖離,終値の20日移動平均からの乖離,True,業種,建設業,10d,10営業日,2,12,7,0.001764575462627534,-0.0138888888888888,0.42857142857142855,サンプル不足,-0.08959250276461275
v7,distance_ma20,20日移動平均乖離,終値の20日移動平均からの乖離,True,業種,建設業,10d,10営業日,3,13,12,-0.028094327637582014,-0.015391607862997037,0.3333333333333333,サンプル不足,-0.08959250276461275
v7,distance_ma20,20日移動平均乖離,終値の20日移動平均からの乖離,True,業種,建設業,10d,10営業日,4,14,11,-0.07224679044567586,-0.041780821917808186,0.2727272727272727,サンプル不足,-0.08959250276461275
v7,distance_ma20,20日移動平均乖離,終値の20日移動平均からの乖離,True,業種,建設業,10d,10営業日,5,16,13,-0.1049729944521513,-0.0858164481525626,0.0,サンプル不足,-0.08959250276461275
v7,distance_ma20,20日移動平均乖離,終値の20日移動平均からの乖離,True,業種,建設業,1d,1営業日,1,4,4,-0.006460934801875734,0.0,0.25,サンプル不足,-0.025216838398462532
v7,distance_ma20,20日移動平均乖離,終値の20日移動平均からの乖離,True,業種,建設業,1d,1営業日,2,12,12,-0.00020533364955590527,-0.002434699878913704,0.3333333333333333,サンプル不足,-0.025216838398462532
v7,distance_ma20,20日移動平均乖離,終値の20日移動平均からの乖離,True,業種,建設業,1d,1営業日,3,13,13,-0.002501210233114888,-0.011428571428571455,0.3076923076923077,サンプル不足,-0.025216838398462532
v7,distance_ma20,20日移動平均乖離,終値の20日移動平均からの乖離,True,業種,建設業,1d,1営業日,4,14,14,-0.038615887310338826,-0.033391319885226534,0.14285714285714285,サンプル不足,-0.025216838398462532
v7,distance_ma20,20日移動平均乖離,終値の20日移動平均からの乖離,True,業種,建設業,1d,1営業日,5,16,15,-0.031677773200338266,-0.03200000000000003,0.13333333333333333,サンプル不足,-0.025216838398462532
v7,distance_ma20,20日移動平均乖離,終値の20日移動平均からの乖離,True,業種,建設業,3d,3営業日,1,4,4,-0.022331566314602938,-0.014400451055196968,0.5,サンプル不足,-0.028639889953023676
v7,distance_ma20,20日移動平均乖離,終値の20日移動平均からの乖離,True,業種,建設業,3d,3営業日,2,12,12,-0.006940559381592951,0.0007920581014128625,0.5,サンプル不足,-0.028639889953023676
v7,distance_ma20,20日移動平均乖離,終値の20日移動平均からの乖離,True,業種,建設業,3d,3営業日,3,13,12,-0.012025592519604994,-0.01769936722878819,0.4166666666666667,サンプル不足,-0.028639889953023676
v7,distance_ma20,20日移動平均乖離,終値の20日移動平均からの乖離,True,業種,建設業,3d,3営業日,4,14,12,-0.03759885287557207,-0.012538185809462416,0.4166666666666667,サンプル不足,-0.028639889953023676
v7,distance_ma20,20日移動平均乖離,終値の20日移動平均からの乖離,True,業種,建設業,3d,3営業日,5,16,14,-0.050971456267626614,-0.05148627386117365,0.14285714285714285,サンプル不足,-0.028639889953023676
v7,distance_ma20,20日移動平均乖離,終値の20日移動平均からの乖離,True,業種,建設業,5d,5営業日,1,4,3,-0.025653534606012298,-0.0290096698899633,0.0,サンプル不足,-0.02615366783662811
v7,distance_ma20,20日移動平均乖離,終値の20日移動平均からの乖離,True,業種,建設業,5d,5営業日,2,12,10,0.012477023120324884,0.011765357120263165,0.6,サンプル不足,-0.02615366783662811
v7,distance_ma20,20日移動平均乖離,終値の20日移動平均からの乖離,True,業種,建設業,5d,5営業日,3,13,12,-0.020141953422279982,-0.01280100371039683,0.4166666666666667,サンプル不足,-0.02615366783662811
v7,distance_ma20,20日移動平均乖離,終値の20日移動平均からの乖離,True,業種,建設業,5d,5営業日,4,14,12,-0.05742390342201855,-0.03655161283457359,0.16666666666666666,サンプル不足,-0.02615366783662811
v7,distance_ma20,20日移動平均乖離,終値の20日移動平均からの乖離,True,業種,建設業,5d,5営業日,5,16,14,-0.05180720244264041,-0.03597868541030195,0.14285714285714285,サンプル不足,-0.02615366783662811
v7,distance_ma20,20日移動平均乖離,終値の20日移動平均からの乖離,True,業種,情報・通信業,10d,10営業日,1,65,43,-0.017173360841033054,-0.0015847860538826808,0.46511627906976744,評価可能,0.016470332910673
v7,distance_ma20,20日移動平均乖離,終値の20日移動平均からの乖離,True,業種,情報・通信業,10d,10営業日,2,77,54,0.006549354377163103,0.012161052139040174,0.5925925925925926,評価可能,0.016470332910673
v7,distance_ma20,20日移動平均乖離,終値の20日移動平均からの乖離,True,業種,情報・通信業,10d,10営業日,3,79,56,0.035039883497866624,0.02435112392421357,0.6785714285714286,評価可能,0.016470332910673
v7,distance_ma20,20日移動平均乖離,終値の20日移動平均からの乖離,True,業種,情報・通信業,10d,10営業日,4,125,88,0.020394075801303424,0.017218479307026,0.5795454545454546,評価可能,0.016470332910673
v7,distance_ma20,20日移動平均乖離,終値の20日移動平均からの乖離,True,業種,情報・通信業,10d,10営業日,5,193,135,-0.0007030279303600546,-0.0145772594752187,0.4148148148148148,評価可能,0.016470332910673
v7,distance_ma20,20日移動平均乖離,終値の20日移動平均からの乖離,True,業種,情報・通信業,1d,1営業日,1,65,62,-0.005646681479759954,0.0,0.45161290322580644,評価可能,0.01084346589662051
v7,distance_ma20,20日移動平均乖離,終値の20日移動平均からの乖離,True,業種,情報・通信業,1d,1営業日,2,77,75,-0.0018795154423358325,0.0,0.49333333333333335,評価可能,0.01084346589662051
v7,distance_ma20,20日移動平均乖離,終値の20日移動平均からの乖離,True,業種,情報・通信業,1d,1営業日,3,79,76,0.0002550366822470397,-0.001946014769544202,0.47368421052631576,評価可能,0.01084346589662051
v7,distance_ma20,20日移動平均乖離,終値の20日移動平均からの乖離,True,業種,情報・通信業,1d,1営業日,4,125,124,-0.0013856991174309974,-0.0029828420126657984,0.4274193548387097,評価可能,0.01084346589662051
v7,distance_ma20,20日移動平均乖離,終値の20日移動平均からの乖離,True,業種,情報・通信業,1d,1営業日,5,193,190,0.005196784416860557,-0.005639925805703716,0.4263157894736842,評価可能,0.01084346589662051
v7,distance_ma20,20日移動平均乖離,終値の20日移動平均からの乖離,True,業種,情報・通信業,3d,3営業日,1,65,57,-0.0026622484364717254,0.0041381792011514484,0.5964912280701754,評価可能,-0.0016448683674310642
v7,distance_ma20,20日移動平均乖離,終値の20日移動平均からの乖離,True,業種,情報・通信業,3d,3営業日,2,77,73,6.012407795398465e-05,-0.0023474178403756207,0.4520547945205479,評価可能,-0.0016448683674310642
v7,distance_ma20,20日移動平均乖離,終値の20日移動平均からの乖離,True,業種,情報・通信業,3d,3営業日,3,79,72,0.006495110566897987,-0.005610697298752576,0.4583333333333333,評価可能,-0.0016448683674310642
v7,distance_ma20,20日移動平均乖離,終値の20日移動平均からの乖離,True,業種,情報・通信業,3d,3営業日,4,125,115,-0.000642863731626577,-0.0020016012810247785,0.4782608695652174,評価可能,-0.0016448683674310642
v7,distance_ma20,20日移動平均乖離,終値の20日移動平均からの乖離,True,業種,情報・通信業,3d,3営業日,5,193,184,-0.0043071168039027895,-0.014991577765300357,0.41304347826086957,評価可能,-0.0016448683674310642
v7,distance_ma20,20日移動平均乖離,終値の20日移動平均からの乖離,True,業種,情報・通信業,5d,5営業日,1,65,51,-0.01361702612770365,0.0006472491909386147,0.5098039215686274,評価可能,0.003805437350566848
v7,distance_ma20,20日移動平均乖離,終値の20日移動平均からの乖離,True,業種,情報・通信業,5d,5営業日,2,77,67,0.001441775595961494,-0.0009803921568627,0.47761194029850745,評価可能,0.003805437350566848
v7,distance_ma20,20日移動平均乖離,終値の20日移動平均からの乖離,True,業種,情報・通信業,5d,5営業日,3,79,69,0.008796036796492752,0.006402561024409836,0.5652173913043478,評価可能,0.003805437350566848
v7,distance_ma20,20日移動平均乖離,終値の20日移動平均からの乖離,True,業種,情報・通信業,5d,5営業日,4,125,109,0.0135065122604382,0.0,0.48623853211009177,評価可能,0.003805437350566848
v7,distance_ma20,20日移動平均乖離,終値の20日移動平均からの乖離,True,業種,情報・通信業,5d,5営業日,5,193,170,-0.009811588777136802,-0.022784136278945953,0.4,評価可能,0.003805437350566848
v7,distance_ma20,20日移動平均乖離,終値の20日移動平均からの乖離,True,業種,機械,10d,10営業日,1,36,34,-0.09998194676925154,-0.07659458133350039,0.08823529411764706,評価可能,0.0026684484880774018
v7,distance_ma20,20日移動平均乖離,終値の20日移動平均からの乖離,True,業種,機械,10d,10営業日,2,32,25,-0.07186022792464161,-0.05994245524296671,0.2,サンプル不足,0.0026684484880774018
v7,distance_ma20,20日移動平均乖離,終値の20日移動平均からの乖離,True,業種,機械,10d,10営業日,3,49,35,-0.061027474889647215,-0.0680504550534887,0.08571428571428572,評価可能,0.0026684484880774018
v7,distance_ma20,20日移動平均乖離,終値の20日移動平均からの乖離,True,業種,機械,10d,10営業日,4,51,41,-0.07535068017754175,-0.062146892655367214,0.21951219512195122,評価可能,0.0026684484880774018
v7,distance_ma20,20日移動平均乖離,終値の20日移動平均からの乖離,True,業種,機械,10d,10営業日,5,37,25,-0.09731349828117414,-0.1076115485564304,0.28,サンプル不足,0.0026684484880774018
v7,distance_ma20,20日移動平均乖離,終値の20日移動平均からの乖離,True,業種,機械,1d,1営業日,1,36,35,-0.005615016660913956,0.0,0.45714285714285713,評価可能,0.0038784309060302816
v7,distance_ma20,20日移動平均乖離,終値の20日移動平均からの乖離,True,業種,機械,1d,1営業日,2,32,31,-0.010394562791517655,-0.0125932835820895,0.3870967741935484,評価可能,0.0038784309060302816
v7,distance_ma20,20日移動平均乖離,終値の20日移動平均からの乖離,True,業種,機械,1d,1営業日,3,49,48,-0.004790880857624585,-0.0037957978634618472,0.4583333333333333,評価可能,0.0038784309060302816
v7,distance_ma20,20日移動平均乖離,終値の20日移動平均からの乖離,True,業種,機械,1d,1営業日,4,51,50,-0.01041647432566533,-0.010023300658846213,0.38,評価可能,0.0038784309060302816
v7,distance_ma20,20日移動平均乖離,終値の20日移動平均からの乖離,True,業種,機械,1d,1営業日,5,37,35,-0.0017365857548836746,-0.005296610169491567,0.4,評価可能,0.0038784309060302816
v7,distance_ma20,20日移動平均乖離,終値の20日移動平均からの乖離,True,業種,機械,3d,3営業日,1,36,34,-0.02749233004190502,-0.011512795829149713,0.2647058823529412,評価可能,0.013573643354408176
v7,distance_ma20,20日移動平均乖離,終値の20日移動平均からの乖離,True,業種,機械,3d,3営業日,2,32,27,-0.0351086915816132,-0.02766798418972327,0.25925925925925924,サンプル不足,0.013573643354408176
v7,distance_ma20,20日移動平均乖離,終値の20日移動平均からの乖離,True,業種,機械,3d,3営業日,3,49,46,-0.01273266263225301,-0.0189362653279688,0.30434782608695654,評価可能,0.013573643354408176
v7,distance_ma20,20日移動平均乖離,終値の20日移動平均からの乖離,True,業種,機械,3d,3営業日,4,51,46,-0.04313773480879522,-0.04401653632375513,0.2608695652173913,評価可能,0.013573643354408176
v7,distance_ma20,20日移動平均乖離,終値の20日移動平均からの乖離,True,業種,機械,3d,3営業日,5,37,34,-0.013918686687496844,-0.004027420639435607,0.4411764705882353,評価可能,0.013573643354408176
v7,distance_ma20,20日移動平均乖離,終値の20日移動平均からの乖離,True,業種,機械,5d,5営業日,1,36,34,-0.06639278803638407,-0.04143871560411794,0.20588235294117646,評価可能,0.02065188501321178
v7,distance_ma20,20日移動平均乖離,終値の20日移動平均からの乖離,True,業種,機械,5d,5営業日,2,32,26,-0.05502472613013917,-0.06680744668288136,0.23076923076923078,サンプル不足,0.02065188501321178
v7,distance_ma20,20日移動平均乖離,終値の20日移動平均からの乖離,True,業種,機械,5d,5営業日,3,49,42,-0.029901803093270438,-0.026366130223002493,0.2857142857142857,評価可能,0.02065188501321178
v7,distance_ma20,20日移動平均乖離,終値の20日移動平均からの乖離,True,業種,機械,5d,5営業日,4,51,42,-0.06126851122950427,-0.0698318171816405,0.19047619047619047,評価可能,0.02065188501321178
v7,distance_ma20,20日移動平均乖離,終値の20日移動平均からの乖離,True,業種,機械,5d,5営業日,5,37,33,-0.04574090302317229,-0.044378698224852076,0.36363636363636365,評価可能,0.02065188501321178
v7,distance_ma20,20日移動平均乖離,終値の20日移動平均からの乖離,True,業種,海運業,10d,10営業日,1,5,0,,,,サンプル不足,0.027099696180776053
v7,distance_ma20,20日移動平均乖離,終値の20日移動平均からの乖離,True,業種,海運業,10d,10営業日,3,7,3,0.06537342209879389,0.04751131221719462,1.0,サンプル不足,0.027099696180776053
v7,distance_ma20,20日移動平均乖離,終値の20日移動平均からの乖離,True,業種,海運業,10d,10営業日,4,7,7,0.03016770579053618,0.028422468886646568,0.8571428571428571,サンプル不足,0.027099696180776053
v7,distance_ma20,20日移動平均乖離,終値の20日移動平均からの乖離,True,業種,海運業,10d,10営業日,5,3,1,0.09247311827956994,0.09247311827956994,1.0,サンプル不足,0.027099696180776053
v7,distance_ma20,20日移動平均乖離,終値の20日移動平均からの乖離,True,業種,海運業,1d,1営業日,1,5,4,0.020613165571033376,0.023668969899547143,1.0,サンプル不足,0.011965203291554094
v7,distance_ma20,20日移動平均乖離,終値の20日移動平均からの乖離,True,業種,海運業,1d,1営業日,3,7,7,-0.003915645330709824,0.006315789473684275,0.5714285714285714,サンプル不足,0.011965203291554094
v7,distance_ma20,20日移動平均乖離,終値の20日移動平均からの乖離,True,業種,海運業,1d,1営業日,4,7,7,0.007984785645929384,0.007010164738871394,0.8571428571428571,サンプル不足,0.011965203291554094
v7,distance_ma20,20日移動平均乖離,終値の20日移動平均からの乖離,True,業種,海運業,1d,1営業日,5,3,3,0.03257836886258747,0.006451612903225712,0.6666666666666666,サンプル不足,0.011965203291554094
v7,distance_ma20,20日移動平均乖離,終値の20日移動平均からの乖離,True,業種,海運業,3d,3営業日,1,5,2,0.061259190817318676,0.061259190817318676,1.0,サンプル不足,-0.025089516178327963
v7,distance_ma20,20日移動平均乖離,終値の20日移動平均からの乖離,True,業種,海運業,3d,3営業日,3,7,7,0.0039072772870805605,0.005464480874316946,0.7142857142857143,サンプル不足,-0.025089516178327963
v7,distance_ma20,20日移動平均乖離,終値の20日移動平均からの乖離,True,業種,海運業,3d,3営業日,4,7,7,0.018249432062088067,0.019453207150368135,1.0,サンプル不足,-0.025089516178327963
v7,distance_ma20,20日移動平均乖離,終値の20日移動平均からの乖離,True,業種,海運業,3d,3営業日,5,3,3,0.03616967463899071,0.011290322580645107,1.0,サンプル不足,-0.025089516178327963
v7,distance_ma20,20日移動平均乖離,終値の20日移動平均からの乖離,True,業種,海運業,5d,5営業日,1,5,0,,,,サンプル不足,0.04397224897797884
v7,distance_ma20,20日移動平均乖離,終値の20日移動平均からの乖離,True,業種,海運業,5d,5営業日,3,7,5,0.018775434798311074,0.0168708932694015,1.0,サンプル不足,0.04397224897797884
v7,distance_ma20,20日移動平均乖離,終値の20日移動平均からの乖離,True,業種,海運業,5d,5営業日,4,7,7,0.028343356658532874,0.025627240143369256,0.8571428571428571,サンプル不足,0.04397224897797884
v7,distance_ma20,20日移動平均乖離,終値の20日移動平均からの乖離,True,業種,海運業,5d,5営業日,5,3,2,0.06274768377628992,0.06274768377628992,1.0,サンプル不足,0.04397224897797884
v7,distance_ma20,20日移動平均乖離,終値の20日移動平均からの乖離,True,業種,石油・石炭製品,10d,10営業日,2,3,2,0.05153298681886127,0.05153298681886127,1.0,サンプル不足,-0.12567091785334397
v7,distance_ma20,20日移動平均乖離,終値の20日移動平均からの乖離,True,業種,石油・石炭製品,10d,10営業日,3,2,2,-0.018523862527655255,-0.018523862527655255,0.0,サンプル不足,-0.12567091785334397
v7,distance_ma20,20日移動平均乖離,終値の20日移動平均からの乖離,True,業種,石油・石炭製品,10d,10営業日,4,2,2,-0.0547858095312797,-0.0547858095312797,0.0,サンプル不足,-0.12567091785334397
v7,distance_ma20,20日移動平均乖離,終値の20日移動平均からの乖離,True,業種,石油・石炭製品,10d,10営業日,5,1,1,-0.0741379310344827,-0.0741379310344827,0.0,サンプル不足,-0.12567091785334397
v7,distance_ma20,20日移動平均乖離,終値の20日移動平均からの乖離,True,業種,石油・石炭製品,1d,1営業日,2,3,3,-0.01832351216044305,-0.025235404896421842,0.3333333333333333,サンプル不足,-0.06443510852921215
v7,distance_ma20,20日移動平均乖離,終値の20日移動平均からの乖離,True,業種,石油・石炭製品,1d,1営業日,3,2,2,-0.013669102880464579,-0.013669102880464579,0.0,サンプル不足,-0.06443510852921215
v7,distance_ma20,20日移動平均乖離,終値の20日移動平均からの乖離,True,業種,石油・石炭製品,1d,1営業日,4,2,2,-0.06107047611577385,-0.06107047611577385,0.5,サンプル不足,-0.06443510852921215
v7,distance_ma20,20日移動平均乖離,終値の20日移動平均からの乖離,True,業種,石油・石炭製品,1d,1営業日,5,1,1,-0.0827586206896552,-0.0827586206896552,0.0,サンプル不足,-0.06443510852921215
v7,distance_ma20,20日移動平均乖離,終値の20日移動平均からの乖離,True,業種,石油・石炭製品,3d,3営業日,2,3,3,-0.024700595297045852,-0.033383158943697,0.0,サンプル不足,-0.04038561159950585
v7,distance_ma20,20日移動平均乖離,終値の20日移動平均からの乖離,True,業種,石油・石炭製品,3d,3営業日,3,2,2,-0.020019748840295448,-0.020019748840295448,0.0,サンプル不足,-0.04038561159950585
v7,distance_ma20,20日移動平均乖離,終値の20日移動平均からの乖離,True,業種,石油・石炭製品,3d,3営業日,4,2,2,-0.08016427058704881,-0.08016427058704881,0.0,サンプル不足,-0.04038561159950585
v7,distance_ma20,20日移動平均乖離,終値の20日移動平均からの乖離,True,業種,石油・石炭製品,3d,3営業日,5,1,1,-0.0650862068965517,-0.0650862068965517,0.0,サンプル不足,-0.04038561159950585
v7,distance_ma20,20日移動平均乖離,終値の20日移動平均からの乖離,True,業種,石油・石炭製品,5d,5営業日,2,3,3,-0.01599992924097962,0.005681818181818121,0.6666666666666666,サンプル不足,-0.08787938110384788
v7,distance_ma20,20日移動平均乖離,終値の20日移動平均からの乖離,True,業種,石油・石炭製品,5d,5営業日,3,2,2,-0.02077750752360147,-0.02077750752360147,0.0,サンプル不足,-0.08787938110384788
v7,distance_ma20,20日移動平均乖離,終値の20日移動平均からの乖離,True,業種,石油・石炭製品,5d,5営業日,4,2,2,-0.0559926268726959,-0.0559926268726959,0.5,サンプル不足,-0.08787938110384788
v7,distance_ma20,20日移動平均乖離,終値の20日移動平均からの乖離,True,業種,石油・石炭製品,5d,5営業日,5,1,1,-0.1038793103448275,-0.1038793103448275,0.0,サンプル不足,-0.08787938110384788
v7,distance_ma20,20日移動平均乖離,終値の20日移動平均からの乖離,True,業種,空運業,10d,10営業日,1,2,1,0.06007684247293055,0.06007684247293055,1.0,サンプル不足,-0.11106554222445175
v7,distance_ma20,20日移動平均乖離,終値の20日移動平均からの乖離,True,業種,空運業,10d,10営業日,2,1,1,-0.02740836847226724,-0.02740836847226724,0.0,サンプル不足,-0.11106554222445175
v7,distance_ma20,20日移動平均乖離,終値の20日移動平均からの乖離,True,業種,空運業,10d,10営業日,3,2,2,-0.050988699751521205,-0.050988699751521205,0.0,サンプル不足,-0.11106554222445175
v7,distance_ma20,20日移動平均乖離,終値の20日移動平均からの乖離,True,業種,空運業,1d,1営業日,1,2,2,-0.008312415621556546,-0.008312415621556546,0.0,サンプル不足,0.01205906113691907
v7,distance_ma20,20日移動平均乖離,終値の20日移動平均からの乖離,True,業種,空運業,1d,1営業日,2,1,1,0.018488485241647812,0.018488485241647812,1.0,サンプル不足,0.01205906113691907
v7,distance_ma20,20日移動平均乖離,終値の20日移動平均からの乖離,True,業種,空運業,1d,1営業日,3,2,2,0.0037466455153625233,0.0037466455153625233,0.5,サンプル不足,0.01205906113691907
v7,distance_ma20,20日移動平均乖離,終値の20日移動平均からの乖離,True,業種,空運業,3d,3営業日,1,2,2,0.0039948869169613155,0.0039948869169613155,0.5,サンプル不足,-0.010667674364912227
v7,distance_ma20,20日移動平均乖離,終値の20日移動平均からの乖離,True,業種,空運業,3d,3営業日,2,1,1,0.02627311060655213,0.02627311060655213,1.0,サンプル不足,-0.010667674364912227
v7,distance_ma20,20日移動平均乖離,終値の20日移動平均からの乖離,True,業種,空運業,3d,3営業日,3,2,2,-0.006672787447950912,-0.006672787447950912,0.5,サンプル不足,-0.010667674364912227
v7,distance_ma20,20日移動平均乖離,終値の20日移動平均からの乖離,True,業種,空運業,5d,5営業日,1,2,2,0.034053137468443406,0.034053137468443406,1.0,サンプル不足,-0.07017078637172608
v7,distance_ma20,20日移動平均乖離,終値の20日移動平均からの乖離,True,業種,空運業,5d,5営業日,2,1,1,-0.009730781706130398,-0.009730781706130398,0.0,サンプル不足,-0.07017078637172608
v7,distance_ma20,20日移動平均乖離,終値の20日移動平均からの乖離,True,業種,空運業,5d,5営業日,3,2,2,-0.03611764890328267,-0.03611764890328267,0.0,サンプル不足,-0.07017078637172608
v7,distance_ma20,20日移動平均乖離,終値の20日移動平均からの乖離,True,業種,精密機器,10d,10営業日,1,6,4,-0.07883826446926273,-0.08771457263794119,0.0,サンプル不足,-0.034940166231306816
v7,distance_ma20,20日移動平均乖離,終値の20日移動平均からの乖離,True,業種,精密機器,10d,10営業日,2,14,8,-0.04126158164406837,-0.031989995893101975,0.25,サンプル不足,-0.034940166231306816
v7,distance_ma20,20日移動平均乖離,終値の20日移動平均からの乖離,True,業種,精密機器,10d,10営業日,3,15,9,-0.06734519712442029,-0.08906882591093113,0.1111111111111111,サンプル不足,-0.034940166231306816
v7,distance_ma20,20日移動平均乖離,終値の20日移動平均からの乖離,True,業種,精密機器,10d,10営業日,4,7,2,0.2908483000112956,0.2908483000112956,1.0,サンプル不足,-0.034940166231306816
v7,distance_ma20,20日移動平均乖離,終値の20日移動平均からの乖離,True,業種,精密機器,10d,10営業日,5,20,15,-0.11377843070056955,-0.1285403050108932,0.13333333333333333,サンプル不足,-0.034940166231306816
v7,distance_ma20,20日移動平均乖離,終値の20日移動平均からの乖離,True,業種,精密機器,1d,1営業日,1,6,6,0.0367891781556215,0.023335429395551888,1.0,サンプル不足,-0.0347554742837529
v7,distance_ma20,20日移動平均乖離,終値の20日移動平均からの乖離,True,業種,精密機器,1d,1営業日,2,14,13,0.01357873578440453,-0.0005494505494505475,0.46153846153846156,サンプル不足,-0.0347554742837529
v7,distance_ma20,20日移動平均乖離,終値の20日移動平均からの乖離,True,業種,精密機器,1d,1営業日,3,15,13,0.00395619932361962,-0.0034748076445768605,0.38461538461538464,サンプル不足,-0.0347554742837529
v7,distance_ma20,20日移動平均乖離,終値の20日移動平均からの乖離,True,業種,精密機器,1d,1営業日,4,7,6,0.003774562574224575,0.0027626660493364485,0.5,サンプル不足,-0.0347554742837529
v7,distance_ma20,20日移動平均乖離,終値の20日移動平均からの乖離,True,業種,精密機器,1d,1営業日,5,20,19,0.002033703871868604,-0.0031982942430703876,0.47368421052631576,サンプル不足,-0.0347554742837529
v7,distance_ma20,20日移動平均乖離,終値の20日移動平均からの乖離,True,業種,精密機器,3d,3営業日,1,6,5,0.008147872662390828,0.0103270223752152,0.6,サンプル不足,-0.010148531688319057
v7,distance_ma20,20日移動平均乖離,終値の20日移動平均からの乖離,True,業種,精密機器,3d,3営業日,2,14,13,0.010749383809560736,-0.0071428571428571175,0.38461538461538464,サンプル不足,-0.010148531688319057
v7,distance_ma20,20日移動平均乖離,終値の20日移動平均からの乖離,True,業種,精密機器,3d,3営業日,3,15,13,-0.006394442371675029,-0.009828009828009798,0.3076923076923077,サンプル不足,-0.010148531688319057
v7,distance_ma20,20日移動平均乖離,終値の20日移動平均からの乖離,True,業種,精密機器,3d,3営業日,4,7,6,0.014538347073318155,-0.0031190054958202817,0.5,サンプル不足,-0.010148531688319057
v7,distance_ma20,20日移動平均乖離,終値の20日移動平均からの乖離,True,業種,精密機器,3d,3営業日,5,20,18,-0.002000659025928229,-0.015461737201911463,0.3888888888888889,サンプル不足,-0.010148531688319057
v7,distance_ma20,20日移動平均乖離,終値の20日移動平均からの乖離,True,業種,精密機器,5d,5営業日,1,6,4,-0.05606519658270354,-0.06199631352156344,0.25,サンプル不足,0.04683827157354266
v7,distance_ma20,20日移動平均乖離,終値の20日移動平均からの乖離,True,業種,精密機器,5d,5営業日,2,14,12,0.0011168450869897446,0.01595883534136544,0.5833333333333334,サンプル不足,0.04683827157354266
v7,distance_ma20,20日移動平均乖離,終値の20日移動平均からの乖離,True,業種,精密機器,5d,5営業日,3,15,12,-0.005887470856602304,-0.008595314694045786,0.4166666666666667,サンプル不足,0.04683827157354266
v7,distance_ma20,20日移動平均乖離,終値の20日移動平均からの乖離,True,業種,精密機器,5d,5営業日,4,7,4,0.1513766756770873,0.1959629023458811,0.75,サンプル不足,0.04683827157354266
v7,distance_ma20,20日移動平均乖離,終値の20日移動平均からの乖離,True,業種,精密機器,5d,5営業日,5,20,16,-0.009226925009160884,-0.02807479725192419,0.5,サンプル不足,0.04683827157354266
v7,distance_ma20,20日移動平均乖離,終値の20日移動平均からの乖離,True,業種,繊維製品,10d,10営業日,1,2,1,0.032967032967033,0.032967032967033,1.0,サンプル不足,-0.0046549651608551006
v7,distance_ma20,20日移動平均乖離,終値の20日移動平均からの乖離,True,業種,繊維製品,10d,10営業日,2,2,2,-0.031222488419424356,-0.031222488419424356,0.5,サンプル不足,-0.0046549651608551006
v7,distance_ma20,20日移動平均乖離,終値の20日移動平均からの乖離,True,業種,繊維製品,10d,10営業日,3,4,3,0.04440123219892644,0.020606060606060517,1.0,サンプル不足,-0.0046549651608551006
v7,distance_ma20,20日移動平均乖離,終値の20日移動平均からの乖離,True,業種,繊維製品,10d,10営業日,4,7,5,-0.022218372415689833,-0.03767123287671237,0.2,サンプル不足,-0.0046549651608551006
v7,distance_ma20,20日移動平均乖離,終値の20日移動平均からの乖離,True,業種,繊維製品,10d,10営業日,5,3,2,0.028312067806177902,0.028312067806177902,0.5,サンプル不足,-0.0046549651608551006
v7,distance_ma20,20日移動平均乖離,終値の20日移動平均からの乖離,True,業種,繊維製品,1d,1営業日,1,2,2,0.003172696357484606,0.003172696357484606,0.5,サンプル不足,0.022078686468228772
v7,distance_ma20,20日移動平均乖離,終値の20日移動平均からの乖離,True,業種,繊維製品,1d,1営業日,2,2,2,-0.01658455110450229,-0.01658455110450229,0.0,サンプル不足,0.022078686468228772
v7,distance_ma20,20日移動平均乖離,終値の20日移動平均からの乖離,True,業種,繊維製品,1d,1営業日,3,4,4,0.013725404864917825,0.003967461619374113,0.75,サンプル不足,0.022078686468228772
v7,distance_ma20,20日移動平均乖離,終値の20日移動平均からの乖離,True,業種,繊維製品,1d,1営業日,4,7,6,0.0025351832762671063,-0.0022150854578649737,0.5,サンプル不足,0.022078686468228772
v7,distance_ma20,20日移動平均乖離,終値の20日移動平均からの乖離,True,業種,繊維製品,1d,1営業日,5,3,3,0.02525138282571338,0.0265957446808511,1.0,サンプル不足,0.022078686468228772
v7,distance_ma20,20日移動平均乖離,終値の20日移動平均からの乖離,True,業種,繊維製品,3d,3営業日,1,2,2,0.011383937547032059,0.011383937547032059,0.5,サンプル不足,0.03315807190000894
v7,distance_ma20,20日移動平均乖離,終値の20日移動平均からの乖離,True,業種,繊維製品,3d,3営業日,2,2,2,-0.03250957225359162,-0.03250957225359162,0.0,サンプル不足,0.03315807190000894
v7,distance_ma20,20日移動平均乖離,終値の20日移動平均からの乖離,True,業種,繊維製品,3d,3営業日,3,4,4,0.028461305708548965,0.029930839392213367,0.75,サンプル不足,0.03315807190000894
v7,distance_ma20,20日移動平均乖離,終値の20日移動平均からの乖離,True,業種,繊維製品,3d,3営業日,4,7,5,-7.335355321622522e-05,0.008921933085501932,0.6,サンプル不足,0.03315807190000894
v7,distance_ma20,20日移動平均乖離,終値の20日移動平均からの乖離,True,業種,繊維製品,3d,3営業日,5,3,2,0.044542009447041,0.044542009447041,1.0,サンプル不足,0.03315807190000894
v7,distance_ma20,20日移動平均乖離,終値の20日移動平均からの乖離,True,業種,繊維製品,5d,5営業日,1,2,2,0.025297559210261746,0.025297559210261746,1.0,サンプル不足,0.02964968512607945
v7,distance_ma20,20日移動平均乖離,終値の20日移動平均からの乖離,True,業種,繊維製品,5d,5営業日,2,2,2,-0.05000198214276363,-0.05000198214276363,0.0,サンプル不足,0.02964968512607945
v7,distance_ma20,20日移動平均乖離,終値の20日移動平均からの乖離,True,業種,繊維製品,5d,5営業日,3,4,4,0.026985982899446294,0.03233587678044032,0.75,サンプル不足,0.02964968512607945
v7,distance_ma20,20日移動平均乖離,終値の20日移動平均からの乖離,True,業種,繊維製品,5d,5営業日,4,7,5,-0.0075646930575583885,0.0014285714285713,0.6,サンプル不足,0.02964968512607945
v7,distance_ma20,20日移動平均乖離,終値の20日移動平均からの乖離,True,業種,繊維製品,5d,5営業日,5,3,2,0.0549472443363412,0.0549472443363412,1.0,サンプル不足,0.02964968512607945
v7,distance_ma20,20日移動平均乖離,終値の20日移動平均からの乖離,True,業種,証券、商品先物取引業,10d,10営業日,1,26,12,0.0891908737298935,0.11111596855485228,0.8333333333333334,サンプル不足,-0.09190648598354895
v7,distance_ma20,20日移動平均乖離,終値の20日移動平均からの乖離,True,業種,証券、商品先物取引業,10d,10営業日,2,23,22,0.05408493643254983,0.05263904213120041,0.9090909090909091,サンプル不足,-0.09190648598354895
v7,distance_ma20,20日移動平均乖離,終値の20日移動平均からの乖離,True,業種,証券、商品先物取引業,10d,10営業日,3,19,16,0.01058668004351071,0.025732791532654065,0.5625,サンプル不足,-0.09190648598354895
v7,distance_ma20,20日移動平均乖離,終値の20日移動平均からの乖離,True,業種,証券、商品先物取引業,10d,10営業日,4,17,16,0.0050302469448283964,-0.011691053606105728,0.4375,サンプル不足,-0.09190648598354895
v7,distance_ma20,20日移動平均乖離,終値の20日移動平均からの乖離,True,業種,証券、商品先物取引業,10d,10営業日,5,8,8,-0.0027156122536554465,-0.00341587195359995,0.5,サンプル不足,-0.09190648598354895
v7,distance_ma20,20日移動平均乖離,終値の20日移動平均からの乖離,True,業種,証券、商品先物取引業,1d,1営業日,1,26,26,0.0057547008804389715,0.008047943491155451,0.7307692307692307,サンプル不足,0.010515811792342867
v7,distance_ma20,20日移動平均乖離,終値の20日移動平均からの乖離,True,業種,証券、商品先物取引業,1d,1営業日,2,23,23,0.0063805978247284,0.004282655246252709,0.5652173913043478,サンプル不足,0.010515811792342867
v7,distance_ma20,20日移動平均乖離,終値の20日移動平均からの乖離,True,業種,証券、商品先物取引業,1d,1営業日,3,19,19,-0.005389432464807737,-0.0024803637866886996,0.42105263157894735,サンプル不足,0.010515811792342867
v7,distance_ma20,20日移動平均乖離,終値の20日移動平均からの乖離,True,業種,証券、商品先物取引業,1d,1営業日,4,17,17,0.006367241443449366,0.00809716599190291,0.6470588235294118,サンプル不足,0.010515811792342867
v7,distance_ma20,20日移動平均乖離,終値の20日移動平均からの乖離,True,業種,証券、商品先物取引業,1d,1営業日,5,8,8,0.016270512672781838,0.013860765810769763,0.75,サンプル不足,0.010515811792342867
v7,distance_ma20,20日移動平均乖離,終値の20日移動平均からの乖離,True,業種,証券、商品先物取引業,3d,3営業日,1,26,25,0.017375473868857728,0.025328947368421062,0.68,サンプル不足,-0.013166501196860188
v7,distance_ma20,20日移動平均乖離,終値の20日移動平均からの乖離,True,業種,証券、商品先物取引業,3d,3営業日,2,23,23,0.005362527731762669,0.0012543116964565115,0.5217391304347826,サンプル不足,-0.013166501196860188
v7,distance_ma20,20日移動平均乖離,終値の20日移動平均からの乖離,True,業種,証券、商品先物取引業,3d,3営業日,3,19,19,0.007917997873790128,0.001559575795383683,0.5263157894736842,サンプル不足,-0.013166501196860188
v7,distance_ma20,20日移動平均乖離,終値の20日移動平均からの乖離,True,業種,証券、商品先物取引業,3d,3営業日,4,17,17,0.01751260523494933,0.0061162079510703,0.7058823529411765,サンプル不足,-0.013166501196860188
v7,distance_ma20,20日移動平均乖離,終値の20日移動平均からの乖離,True,業種,証券、商品先物取引業,3d,3営業日,5,8,8,0.004208972671997539,0.0005407239516474482,0.5,サンプル不足,-0.013166501196860188
v7,distance_ma20,20日移動平均乖離,終値の20日移動平均からの乖離,True,業種,証券、商品先物取引業,5d,5営業日,1,26,21,0.030173489645651048,0.0317919075144508,0.7619047619047619,サンプル不足,-0.017270538914376892
v7,distance_ma20,20日移動平均乖離,終値の20日移動平均からの乖離,True,業種,証券、商品先物取引業,5d,5営業日,2,23,23,0.014309609022452355,0.023098791755508108,0.6956521739130435,サンプル不足,-0.017270538914376892
v7,distance_ma20,20日移動平均乖離,終値の20日移動平均からの乖離,True,業種,証券、商品先物取引業,5d,5営業日,3,19,19,0.007316689365956571,0.0062199604184336454,0.5263157894736842,サンプル不足,-0.017270538914376892
v7,distance_ma20,20日移動平均乖離,終値の20日移動平均からの乖離,True,業種,証券、商品先物取引業,5d,5営業日,4,17,17,0.014623645174652762,0.021788990825688,0.5294117647058824,サンプル不足,-0.017270538914376892
v7,distance_ma20,20日移動平均乖離,終値の20日移動平均からの乖離,True,業種,証券、商品先物取引業,5d,5営業日,5,8,8,0.012902950731274156,0.009631191067684938,0.625,サンプル不足,-0.017270538914376892
v7,distance_ma20,20日移動平均乖離,終値の20日移動平均からの乖離,True,業種,輸送用機器,10d,10営業日,1,25,19,0.05847931937587187,0.04404723906798602,0.631578947368421,サンプル不足,-0.13018210110720668
v7,distance_ma20,20日移動平均乖離,終値の20日移動平均からの乖離,True,業種,輸送用機器,10d,10営業日,2,38,21,0.03974574529469261,0.020654715510522115,0.7619047619047619,サンプル不足,-0.13018210110720668
v7,distance_ma20,20日移動平均乖離,終値の20日移動平均からの乖離,True,業種,輸送用機器,10d,10営業日,3,28,16,0.003779687259171497,-0.02360346465627522,0.1875,サンプル不足,-0.13018210110720668
v7,distance_ma20,20日移動平均乖離,終値の20日移動平均からの乖離,True,業種,輸送用機器,10d,10営業日,4,21,13,-0.04381983045911459,-0.041970802919708006,0.3076923076923077,サンプル不足,-0.13018210110720668
v7,distance_ma20,20日移動平均乖離,終値の20日移動平均からの乖離,True,業種,輸送用機器,10d,10営業日,5,14,9,-0.07170278173133482,-0.1048218029350105,0.1111111111111111,サンプル不足,-0.13018210110720668
v7,distance_ma20,20日移動平均乖離,終値の20日移動平均からの乖離,True,業種,輸送用機器,1d,1営業日,1,25,24,0.007017202032562079,0.0066884156288189445,0.625,サンプル不足,0.01750121735992054
v7,distance_ma20,20日移動平均乖離,終値の20日移動平均からの乖離,True,業種,輸送用機器,1d,1営業日,2,38,37,0.008428820105038686,0.0,0.4864864864864865,評価可能,0.01750121735992054
v7,distance_ma20,20日移動平均乖離,終値の20日移動平均からの乖離,True,業種,輸送用機器,1d,1営業日,3,28,28,-0.010655274472232162,-0.008300147527220303,0.25,サンプル不足,0.01750121735992054
v7,distance_ma20,20日移動平均乖離,終値の20日移動平均からの乖離,True,業種,輸送用機器,1d,1営業日,4,21,21,-0.010892234108589456,-0.009768009768009733,0.38095238095238093,サンプル不足,0.01750121735992054
v7,distance_ma20,20日移動平均乖離,終値の20日移動平均からの乖離,True,業種,輸送用機器,1d,1営業日,5,14,13,0.02451841939248262,0.020964360587002,0.6923076923076923,サンプル不足,0.01750121735992054
v7,distance_ma20,20日移動平均乖離,終値の20日移動平均からの乖離,True,業種,輸送用機器,3d,3営業日,1,25,23,0.02338444903498364,0.028239202657807327,0.782608695652174,サンプル不足,-0.005752629042283651
v7,distance_ma20,20日移動平均乖離,終値の20日移動平均からの乖離,True,業種,輸送用機器,3d,3営業日,2,38,35,0.002828398615602994,-0.0050739957716702255,0.4857142857142857,評価可能,-0.005752629042283651
v7,distance_ma20,20日移動平均乖離,終値の20日移動平均からの乖離,True,業種,輸送用機器,3d,3営業日,3,28,28,-0.027063339015023034,-0.03572608717301068,0.25,サンプル不足,-0.005752629042283651
v7,distance_ma20,20日移動平均乖離,終値の20日移動平均からの乖離,True,業種,輸送用機器,3d,3営業日,4,21,21,-0.029448388629750463,-0.03181818181818186,0.38095238095238093,サンプル不足,-0.005752629042283651
v7,distance_ma20,20日移動平均乖離,終値の20日移動平均からの乖離,True,業種,輸送用機器,3d,3営業日,5,14,11,0.017631819992699988,-0.014131551458108182,0.36363636363636365,サンプル不足,-0.005752629042283651
v7,distance_ma20,20日移動平均乖離,終値の20日移動平均からの乖離,True,業種,輸送用機器,5d,5営業日,1,25,21,0.01910992666232462,0.0240963855421687,0.7142857142857143,サンプル不足,-0.0455473711074765
v7,distance_ma20,20日移動平均乖離,終値の20日移動平均からの乖離,True,業種,輸送用機器,5d,5営業日,2,38,33,0.02395708775495845,-0.006799830004249885,0.48484848484848486,評価可能,-0.0455473711074765
v7,distance_ma20,20日移動平均乖離,終値の20日移動平均からの乖離,True,業種,輸送用機器,5d,5営業日,3,28,28,-0.021758619970857814,-0.03238599472041287,0.21428571428571427,サンプル不足,-0.0455473711074765
v7,distance_ma20,20日移動平均乖離,終値の20日移動平均からの乖離,True,業種,輸送用機器,5d,5営業日,4,21,18,-0.018859849423095314,-0.03972961918702489,0.3333333333333333,サンプル不足,-0.0455473711074765
v7,distance_ma20,20日移動平均乖離,終値の20日移動平均からの乖離,True,業種,輸送用機器,5d,5営業日,5,14,9,-0.026437444445151885,-0.04074658319846847,0.4444444444444444,サンプル不足,-0.0455473711074765
v7,distance_ma20,20日移動平均乖離,終値の20日移動平均からの乖離,True,業種,金属製品,10d,10営業日,1,14,13,0.04956736652498797,0.09041095890410955,0.6923076923076923,サンプル不足,-0.23577759275784174
v7,distance_ma20,20日移動平均乖離,終値の20日移動平均からの乖離,True,業種,金属製品,10d,10営業日,2,12,9,0.022472567173962916,0.0024509803921568,0.5555555555555556,サンプル不足,-0.23577759275784174
v7,distance_ma20,20日移動平均乖離,終値の20日移動平均からの乖離,True,業種,金属製品,10d,10営業日,3,16,14,-0.03109808388499048,-0.050863864635051,0.21428571428571427,サンプル不足,-0.23577759275784174
v7,distance_ma20,20日移動平均乖離,終値の20日移動平均からの乖離,True,業種,金属製品,10d,10営業日,4,25,21,-0.07786091218819077,-0.08939014202172102,0.23809523809523808,サンプル不足,-0.23577759275784174
v7,distance_ma20,20日移動平均乖離,終値の20日移動平均からの乖離,True,業種,金属製品,10d,10営業日,5,27,25,-0.18621022623285377,-0.22115384615384615,0.08,サンプル不足,-0.23577759275784174
v7,distance_ma20,20日移動平均乖離,終値の20日移動平均からの乖離,True,業種,金属製品,1d,1営業日,1,14,14,-0.005432141463652254,0.009421151040677846,0.6428571428571429,サンプル不足,0.0006140384359640616
v7,distance_ma20,20日移動平均乖離,終値の20日移動平均からの乖離,True,業種,金属製品,1d,1営業日,2,12,12,0.03204979751880362,0.009938083695059746,0.6666666666666666,サンプル不足,0.0006140384359640616
v7,distance_ma20,20日移動平均乖離,終値の20日移動平均からの乖離,True,業種,金属製品,1d,1営業日,3,16,16,-0.009838729124270215,-0.00927827136562608,0.375,サンプル不足,0.0006140384359640616
v7,distance_ma20,20日移動平均乖離,終値の20日移動平均からの乖離,True,業種,金属製品,1d,1営業日,4,25,24,0.009536973683371123,-0.004243445062040286,0.4166666666666667,サンプル不足,0.0006140384359640616
v7,distance_ma20,20日移動平均乖離,終値の20日移動平均からの乖離,True,業種,金属製品,1d,1営業日,5,27,26,-0.004818103027688193,-0.025347303555018935,0.38461538461538464,サンプル不足,0.0006140384359640616
v7,distance_ma20,20日移動平均乖離,終値の20日移動平均からの乖離,True,業種,金属製品,3d,3営業日,1,14,13,0.02178866643662984,-0.0031332062598680155,0.46153846153846156,サンプル不足,-0.05590128606093977
v7,distance_ma20,20日移動平均乖離,終値の20日移動平均からの乖離,True,業種,金属製品,3d,3営業日,2,12,11,0.04005475336157943,0.0019646365422396,0.5454545454545454,サンプル不足,-0.05590128606093977
v7,distance_ma20,20日移動平均乖離,終値の20日移動平均からの乖離,True,業種,金属製品,3d,3営業日,3,16,15,-0.02387554318805529,-0.0227272727272727,0.2,サンプル不足,-0.05590128606093977
v7,distance_ma20,20日移動平均乖離,終値の20日移動平均からの乖離,True,業種,金属製品,3d,3営業日,4,25,24,0.013943737760545584,-0.012125805229253465,0.4166666666666667,サンプル不足,-0.05590128606093977
v7,distance_ma20,20日移動平均乖離,終値の20日移動平均からの乖離,True,業種,金属製品,3d,3営業日,5,27,25,-0.03411261962430993,-0.032418001525552964,0.32,サンプル不足,-0.05590128606093977
v7,distance_ma20,20日移動平均乖離,終値の20日移動平均からの乖離,True,業種,金属製品,5d,5営業日,1,14,13,0.04513488981068347,0.032233307751343,0.6923076923076923,サンプル不足,-0.1257530917846484
v7,distance_ma20,20日移動平均乖離,終値の20日移動平均からの乖離,True,業種,金属製品,5d,5営業日,2,12,10,0.01913201673034045,-0.005145132709272301,0.5,サンプル不足,-0.1257530917846484
v7,distance_ma20,20日移動平均乖離,終値の20日移動平均からの乖離,True,業種,金属製品,5d,5営業日,3,16,15,-0.0401926834028062,-0.0372881355932203,0.06666666666666667,サンプル不足,-0.1257530917846484
v7,distance_ma20,20日移動平均乖離,終値の20日移動平均からの乖離,True,業種,金属製品,5d,5営業日,4,25,23,-0.006333561175434328,-0.011695906432748537,0.43478260869565216,サンプル不足,-0.1257530917846484
v7,distance_ma20,20日移動平均乖離,終値の20日移動平均からの乖離,True,業種,金属製品,5d,5営業日,5,27,25,-0.08061820197396495,-0.0784901138406231,0.28,サンプル不足,-0.1257530917846484
v7,distance_ma20,20日移動平均乖離,終値の20日移動平均からの乖離,True,業種,鉄鋼,10d,10営業日,1,8,6,0.0005420046885660669,0.0005470459518599,0.5,サンプル不足,-0.03015169955525514
v7,distance_ma20,20日移動平均乖離,終値の20日移動平均からの乖離,True,業種,鉄鋼,10d,10営業日,2,7,2,-0.009540240461293092,-0.009540240461293092,0.5,サンプル不足,-0.03015169955525514
v7,distance_ma20,20日移動平均乖離,終値の20日移動平均からの乖離,True,業種,鉄鋼,10d,10営業日,3,12,3,0.05670891879510028,0.0791848084652278,0.6666666666666666,サンプル不足,-0.03015169955525514
v7,distance_ma20,20日移動平均乖離,終値の20日移動平均からの乖離,True,業種,鉄鋼,10d,10営業日,4,13,7,0.05085266341199286,0.08243051968525061,0.7142857142857143,サンプル不足,-0.03015169955525514
v7,distance_ma20,20日移動平均乖離,終値の20日移動平均からの乖離,True,業種,鉄鋼,10d,10営業日,5,7,2,-0.029609694866689074,-0.029609694866689074,0.5,サンプル不足,-0.03015169955525514
v7,distance_ma20,20日移動平均乖離,終値の20日移動平均からの乖離,True,業種,鉄鋼,1d,1営業日,1,8,8,0.00852886852881251,0.0,0.25,サンプル不足,0.00721653284919874
v7,distance_ma20,20日移動平均乖離,終値の20日移動平均からの乖離,True,業種,鉄鋼,1d,1営業日,2,7,6,0.022899524635275004,0.014836069899640703,0.8333333333333334,サンプル不足,0.00721653284919874
v7,distance_ma20,20日移動平均乖離,終値の20日移動平均からの乖離,True,業種,鉄鋼,1d,1営業日,3,12,11,0.018324933923959497,0.017113095238095344,0.8181818181818182,サンプル不足,0.00721653284919874
v7,distance_ma20,20日移動平均乖離,終値の20日移動平均からの乖離,True,業種,鉄鋼,1d,1営業日,4,13,13,-0.007449006932029765,-0.0040024256213869736,0.46153846153846156,サンプル不足,0.00721653284919874
v7,distance_ma20,20日移動平均乖離,終値の20日移動平均からの乖離,True,業種,鉄鋼,1d,1営業日,5,7,7,0.01574540137801125,-0.011737089201877882,0.42857142857142855,サンプル不足,0.00721653284919874
v7,distance_ma20,20日移動平均乖離,終値の20日移動平均からの乖離,True,業種,鉄鋼,3d,3営業日,1,8,7,0.010589535094838913,0.0012953367875647,0.5714285714285714,サンプル不足,-0.038601609620901804
v7,distance_ma20,20日移動平均乖離,終値の20日移動平均からの乖離,True,業種,鉄鋼,3d,3営業日,2,7,4,0.031117219627977866,0.02010617278558402,0.75,サンプル不足,-0.038601609620901804
v7,distance_ma20,20日移動平均乖離,終値の20日移動平均からの乖離,True,業種,鉄鋼,3d,3営業日,3,12,10,0.02966580938864486,0.0224884314694781,0.9,サンプル不足,-0.038601609620901804
v7,distance_ma20,20日移動平均乖離,終値の20日移動平均からの乖離,True,業種,鉄鋼,3d,3営業日,4,13,11,0.010796247440669406,0.033813747228381485,0.6363636363636364,サンプル不足,-0.038601609620901804
v7,distance_ma20,20日移動平均乖離,終値の20日移動平均からの乖離,True,業種,鉄鋼,3d,3営業日,5,7,5,-0.028012074526062893,-0.021212121212121238,0.2,サンプル不足,-0.038601609620901804
v7,distance_ma20,20日移動平均乖離,終値の20日移動平均からの乖離,True,業種,鉄鋼,5d,5営業日,1,8,6,0.009377488529328267,0.0005649588982923,0.5,サンプル不足,-0.019241114420828806
v7,distance_ma20,20日移動平均乖離,終値の20日移動平均からの乖離,True,業種,鉄鋼,5d,5営業日,2,7,2,0.05027373941847624,0.05027373941847624,0.5,サンプル不足,-0.019241114420828806
v7,distance_ma20,20日移動平均乖離,終値の20日移動平均からの乖離,True,業種,鉄鋼,5d,5営業日,3,12,7,0.04782319102351152,0.045176110260336966,0.8571428571428571,サンプル不足,-0.019241114420828806
v7,distance_ma20,20日移動平均乖離,終値の20日移動平均からの乖離,True,業種,鉄鋼,5d,5営業日,4,13,10,0.0375573077891732,0.024510985564613508,0.6,サンプル不足,-0.019241114420828806
v7,distance_ma20,20日移動平均乖離,終値の20日移動平均からの乖離,True,業種,鉄鋼,5d,5営業日,5,7,5,-0.009863625891500537,-0.012232415902140636,0.4,サンプル不足,-0.019241114420828806
v7,distance_ma20,20日移動平均乖離,終値の20日移動平均からの乖離,True,業種,鉱業,10d,10営業日,4,1,1,-0.0696623238500399,-0.0696623238500399,0.0,サンプル不足,0.0
v7,distance_ma20,20日移動平均乖離,終値の20日移動平均からの乖離,True,業種,鉱業,10d,10営業日,5,1,0,,,,サンプル不足,0.0
v7,distance_ma20,20日移動平均乖離,終値の20日移動平均からの乖離,True,業種,鉱業,1d,1営業日,4,1,1,-0.028981653815474573,-0.028981653815474573,0.0,サンプル不足,0.06369239761712753
v7,distance_ma20,20日移動平均乖離,終値の20日移動平均からの乖離,True,業種,鉱業,1d,1営業日,5,1,1,0.034710743801652955,0.034710743801652955,1.0,サンプル不足,0.06369239761712753
v7,distance_ma20,20日移動平均乖離,終値の20日移動平均からの乖離,True,業種,鉱業,3d,3営業日,4,1,1,-0.038553576176548754,-0.038553576176548754,0.0,サンプル不足,0.17243787369720986
v7,distance_ma20,20日移動平均乖離,終値の20日移動平均からの乖離,True,業種,鉱業,3d,3営業日,5,1,1,0.1338842975206611,0.1338842975206611,1.0,サンプル不足,0.17243787369720986
v7,distance_ma20,20日移動平均乖離,終値の20日移動平均からの乖離,True,業種,鉱業,5d,5営業日,4,1,1,-0.035628822121776094,-0.035628822121776094,0.0,サンプル不足,0.08521559898128028
v7,distance_ma20,20日移動平均乖離,終値の20日移動平均からの乖離,True,業種,鉱業,5d,5営業日,5,1,1,0.04958677685950419,0.04958677685950419,1.0,サンプル不足,0.08521559898128028
v7,distance_ma20,20日移動平均乖離,終値の20日移動平均からの乖離,True,業種,銀行業,10d,10営業日,1,93,68,0.038924026210513454,0.04667999777817777,0.7352941176470589,評価可能,-0.052546016936776845
v7,distance_ma20,20日移動平均乖離,終値の20日移動平均からの乖離,True,業種,銀行業,10d,10営業日,2,85,77,0.013036906427030405,0.020220588235294157,0.5844155844155844,評価可能,-0.052546016936776845
v7,distance_ma20,20日移動平均乖離,終値の20日移動平均からの乖離,True,業種,銀行業,10d,10営業日,3,55,44,-0.009392119166113738,0.004890441624332109,0.5,評価可能,-0.052546016936776845
v7,distance_ma20,20日移動平均乖離,終値の20日移動平均からの乖離,True,業種,銀行業,10d,10営業日,4,30,29,0.023683962911583596,0.011391094235415844,0.5862068965517241,サンプル不足,-0.052546016936776845
v7,distance_ma20,20日移動平均乖離,終値の20日移動平均からの乖離,True,業種,銀行業,10d,10営業日,5,10,10,-0.013621990726263388,-0.0009373038806713141,0.5,サンプル不足,-0.052546016936776845
v7,distance_ma20,20日移動平均乖離,終値の20日移動平均からの乖離,True,業種,銀行業,1d,1営業日,1,93,92,0.0033255491279639187,0.004428128964651057,0.6413043478260869,評価可能,0.007879825787725551
v7,distance_ma20,20日移動平均乖離,終値の20日移動平均からの乖離,True,業種,銀行業,1d,1営業日,2,85,85,-0.001924372607734276,0.0007341065922772394,0.5058823529411764,評価可能,0.007879825787725551
v7,distance_ma20,20日移動平均乖離,終値の20日移動平均からの乖離,True,業種,銀行業,1d,1営業日,3,55,55,-0.0005218722971218392,0.0018744332773352745,0.509090909090909,評価可能,0.007879825787725551
v7,distance_ma20,20日移動平均乖離,終値の20日移動平均からの乖離,True,業種,銀行業,1d,1営業日,4,30,30,0.005409896906068141,0.0015032621124140277,0.5666666666666667,評価可能,0.007879825787725551
v7,distance_ma20,20日移動平均乖離,終値の20日移動平均からの乖離,True,業種,銀行業,1d,1営業日,5,10,10,0.01120537491568947,0.013051296003443569,0.6,サンプル不足,0.007879825787725551
v7,distance_ma20,20日移動平均乖離,終値の20日移動平均からの乖離,True,業種,銀行業,3d,3営業日,1,93,87,0.013175864519576919,0.01675041876046901,0.6666666666666666,評価可能,-0.0032311882595506877
v7,distance_ma20,20日移動平均乖離,終値の20日移動平均からの乖離,True,業種,銀行業,3d,3営業日,2,85,81,-0.0025895523539072093,0.00029359953024066243,0.5061728395061729,評価可能,-0.0032311882595506877
v7,distance_ma20,20日移動平均乖離,終値の20日移動平均からの乖離,True,業種,銀行業,3d,3営業日,3,55,48,0.0003280608001932084,0.0016871213697937648,0.5416666666666666,評価可能,-0.0032311882595506877
v7,distance_ma20,20日移動平均乖離,終値の20日移動平均からの乖離,True,業種,銀行業,3d,3営業日,4,30,29,0.00039629657205220544,-0.00588235294117645,0.41379310344827586,サンプル不足,-0.0032311882595506877
v7,distance_ma20,20日移動平均乖離,終値の20日移動平均からの乖離,True,業種,銀行業,3d,3営業日,5,10,10,0.009944676260026231,0.0022595278108572536,0.6,サンプル不足,-0.0032311882595506877
v7,distance_ma20,20日移動平均乖離,終値の20日移動平均からの乖離,True,業種,銀行業,5d,5営業日,1,93,83,0.024389944058671807,0.028955223880597014,0.6987951807228916,評価可能,-0.0191692686665044
v7,distance_ma20,20日移動平均乖離,終値の20日移動平均からの乖離,True,業種,銀行業,5d,5営業日,2,85,80,-0.0020577604357987843,0.0053318017505330495,0.525,評価可能,-0.0191692686665044
v7,distance_ma20,20日移動平均乖離,終値の20日移動平均からの乖離,True,業種,銀行業,5d,5営業日,3,55,48,-0.006362902269289238,0.002039525627679728,0.5208333333333334,評価可能,-0.0191692686665044
v7,distance_ma20,20日移動平均乖離,終値の20日移動平均からの乖離,True,業種,銀行業,5d,5営業日,4,30,29,0.010431981536404877,0.008970525416488684,0.5862068965517241,サンプル不足,-0.0191692686665044
v7,distance_ma20,20日移動平均乖離,終値の20日移動平均からの乖離,True,業種,銀行業,5d,5営業日,5,10,10,0.005220675392167406,-0.002494465374156485,0.4,サンプル不足,-0.0191692686665044
v7,distance_ma20,20日移動平均乖離,終値の20日移動平均からの乖離,True,業種,陸運業,10d,10営業日,1,2,1,0.06000000000000005,0.06000000000000005,1.0,サンプル不足,0.008359219928543049
v7,distance_ma20,20日移動平均乖離,終値の20日移動平均からの乖離,True,業種,陸運業,10d,10営業日,2,9,8,-0.04079285059944985,-0.05069561364643331,0.25,サンプル不足,0.008359219928543049
v7,distance_ma20,20日移動平均乖離,終値の20日移動平均からの乖離,True,業種,陸運業,10d,10営業日,3,7,5,0.07831368989335634,0.06530400138576131,1.0,サンプル不足,0.008359219928543049
v7,distance_ma20,20日移動平均乖離,終値の20日移動平均からの乖離,True,業種,陸運業,10d,10営業日,4,6,4,-0.039646890786772936,0.00020066791656904621,0.5,サンプル不足,0.008359219928543049
v7,distance_ma20,20日移動平均乖離,終値の20日移動平均からの乖離,True,業種,陸運業,10d,10営業日,5,5,2,0.0683592199285431,0.0683592199285431,0.5,サンプル不足,0.008359219928543049
v7,distance_ma20,20日移動平均乖離,終値の20日移動平均からの乖離,True,業種,陸運業,1d,1営業日,1,2,1,0.0033962264150944055,0.0033962264150944055,1.0,サンプル不足,0.0206812465894696
v7,distance_ma20,20日移動平均乖離,終値の20日移動平均からの乖離,True,業種,陸運業,1d,1営業日,2,9,8,0.002308697744815697,0.000994117609812023,0.5,サンプル不足,0.0206812465894696
v7,distance_ma20,20日移動平均乖離,終値の20日移動平均からの乖離,True,業種,陸運業,1d,1営業日,3,7,7,0.004535521817540784,-0.0006747638326585204,0.42857142857142855,サンプル不足,0.0206812465894696
v7,distance_ma20,20日移動平均乖離,終値の20日移動平均からの乖離,True,業種,陸運業,1d,1営業日,4,6,6,-0.013942256727423377,-0.007799683618467362,0.5,サンプル不足,0.0206812465894696
v7,distance_ma20,20日移動平均乖離,終値の20日移動平均からの乖離,True,業種,陸運業,1d,1営業日,5,5,4,0.024077473004564004,0.01568741354159553,0.75,サンプル不足,0.0206812465894696
v7,distance_ma20,20日移動平均乖離,終値の20日移動平均からの乖離,True,業種,陸運業,3d,3営業日,1,2,1,-0.00452830188679243,-0.00452830188679243,0.0,サンプル不足,0.006947729045209497
v7,distance_ma20,20日移動平均乖離,終値の20日移動平均からの乖離,True,業種,陸運業,3d,3営業日,2,9,8,-0.002637555636196238,0.005409993762982896,0.625,サンプル不足,0.006947729045209497
v7,distance_ma20,20日移動平均乖離,終値の20日移動平均からの乖離,True,業種,陸運業,3d,3営業日,3,7,7,-0.0023531322274480157,-0.0005064145847399892,0.42857142857142855,サンプル不足,0.006947729045209497
v7,distance_ma20,20日移動平均乖離,終値の20日移動平均からの乖離,True,業種,陸運業,3d,3営業日,4,6,6,-0.04649968267853177,-0.028744047055444977,0.16666666666666666,サンプル不足,0.006947729045209497
v7,distance_ma20,20日移動平均乖離,終値の20日移動平均からの乖離,True,業種,陸運業,3d,3営業日,5,5,3,0.002419427158417068,0.01965065502183405,0.6666666666666666,サンプル不足,0.006947729045209497
v7,distance_ma20,20日移動平均乖離,終値の20日移動平均からの乖離,True,業種,陸運業,5d,5営業日,1,2,1,-0.008301886792452806,-0.008301886792452806,0.0,サンプル不足,0.09327629223035476
v7,distance_ma20,20日移動平均乖離,終値の20日移動平均からの乖離,True,業種,陸運業,5d,5営業日,2,9,8,-0.018218333847188926,-0.01901417475992892,0.375,サンプル不足,0.09327629223035476
v7,distance_ma20,20日移動平均乖離,終値の20日移動平均からの乖離,True,業種,陸運業,5d,5営業日,3,7,7,-0.008803913653308591,0.007765023632680723,0.5714285714285714,サンプル不足,0.09327629223035476
v7,distance_ma20,20日移動平均乖離,終値の20日移動平均からの乖離,True,業種,陸運業,5d,5営業日,4,6,6,-0.05749703500542019,-0.05290139779033265,0.3333333333333333,サンプル不足,0.09327629223035476
v7,distance_ma20,20日移動平均乖離,終値の20日移動平均からの乖離,True,業種,陸運業,5d,5営業日,5,5,3,0.08497440543790195,0.052840909090908994,1.0,サンプル不足,0.09327629223035476
v7,distance_ma20,20日移動平均乖離,終値の20日移動平均からの乖離,True,業種,電気・ガス業,10d,10営業日,1,1,1,-0.12596899224806202,-0.12596899224806202,0.0,サンプル不足,0.0648578811369509
v7,distance_ma20,20日移動平均乖離,終値の20日移動平均からの乖離,True,業種,電気・ガス業,10d,10営業日,2,8,5,0.05464237667189807,0.07013500164636155,0.6,サンプル不足,0.0648578811369509
v7,distance_ma20,20日移動平均乖離,終値の20日移動平均からの乖離,True,業種,電気・ガス業,10d,10営業日,3,7,7,-0.036313741503872086,-0.0313333333333333,0.14285714285714285,サンプル不足,0.0648578811369509
v7,distance_ma20,20日移動平均乖離,終値の20日移動平均からの乖離,True,業種,電気・ガス業,10d,10営業日,4,2,2,-0.04990367010500296,-0.04990367010500296,0.0,サンプル不足,0.0648578811369509
v7,distance_ma20,20日移動平均乖離,終値の20日移動平均からの乖離,True,業種,電気・ガス業,10d,10営業日,5,3,1,-0.061111111111111116,-0.061111111111111116,0.0,サンプル不足,0.0648578811369509
v7,distance_ma20,20日移動平均乖離,終値の20日移動平均からの乖離,True,業種,電気・ガス業,1d,1営業日,1,1,1,-0.02390180878552972,-0.02390180878552972,0.0,サンプル不足,0.02723417434236412
v7,distance_ma20,20日移動平均乖離,終値の20日移動平均からの乖離,True,業種,電気・ガス業,1d,1営業日,2,8,8,0.00018060925712324455,-0.001262295117855833,0.5,サンプル不足,0.02723417434236412
v7,distance_ma20,20日移動平均乖離,終値の20日移動平均からの乖離,True,業種,電気・ガス業,1d,1営業日,3,7,7,-0.0024044065114824037,0.008191556395715116,0.7142857142857143,サンプル不足,0.02723417434236412
v7,distance_ma20,20日移動平均乖離,終値の20日移動平均からの乖離,True,業種,電気・ガス業,1d,1営業日,4,2,2,0.0013912625138455814,0.0013912625138455814,0.5,サンプル不足,0.02723417434236412
v7,distance_ma20,20日移動平均乖離,終値の20日移動平均からの乖離,True,業種,電気・ガス業,1d,1営業日,5,3,3,0.003332365556834397,-0.014444444444444482,0.3333333333333333,サンプル不足,0.02723417434236412
v7,distance_ma20,20日移動平均乖離,終値の20日移動平均からの乖離,True,業種,電気・ガス業,3d,3営業日,1,1,1,-0.046673126614987126,-0.046673126614987126,0.0,サンプル不足,0.030890558343539636
v7,distance_ma20,20日移動平均乖離,終値の20日移動平均からの乖離,True,業種,電気・ガス業,3d,3営業日,2,8,8,0.012187815267224095,0.009876509746723161,0.875,サンプル不足,0.030890558343539636
v7,distance_ma20,20日移動平均乖離,終値の20日移動平均からの乖離,True,業種,電気・ガス業,3d,3営業日,3,7,7,0.003535492803426513,0.016383112791430454,0.5714285714285714,サンプル不足,0.030890558343539636
v7,distance_ma20,20日移動平均乖離,終値の20日移動平均からの乖離,True,業種,電気・ガス業,3d,3営業日,4,2,2,0.006492693840168928,0.006492693840168928,0.5,サンプル不足,0.030890558343539636
v7,distance_ma20,20日移動平均乖離,終値の20日移動平均からの乖離,True,業種,電気・ガス業,3d,3営業日,5,3,3,-0.01578256827144749,-0.026666666666666616,0.3333333333333333,サンプル不足,0.030890558343539636
v7,distance_ma20,20日移動平均乖離,終値の20日移動平均からの乖離,True,業種,電気・ガス業,5d,5営業日,1,1,1,-0.04570413436692511,-0.04570413436692511,0.0,サンプル不足,0.03120692306099134
v7,distance_ma20,20日移動平均乖離,終値の20日移動平均からの乖離,True,業種,電気・ガス業,5d,5営業日,2,8,8,0.026160049471017556,0.02323893594568016,0.875,サンプル不足,0.03120692306099134
v7,distance_ma20,20日移動平均乖離,終値の20日移動平均からの乖離,True,業種,電気・ガス業,5d,5営業日,3,7,7,0.0010854951082262451,0.010712035286704502,0.5714285714285714,サンプル不足,0.03120692306099134
v7,distance_ma20,20日移動平均乖離,終値の20日移動平均からの乖離,True,業種,電気・ガス業,5d,5営業日,4,2,2,-0.010399321596993805,-0.010399321596993805,0.5,サンプル不足,0.03120692306099134
v7,distance_ma20,20日移動平均乖離,終値の20日移動平均からの乖離,True,業種,電気・ガス業,5d,5営業日,5,3,3,-0.014497211305933769,-0.025500910746812377,0.3333333333333333,サンプル不足,0.03120692306099134
v7,distance_ma20,20日移動平均乖離,終値の20日移動平均からの乖離,True,業種,電気機器,10d,10営業日,1,144,130,-0.09533545971729754,-0.077192630649108,0.24615384615384617,評価可能,0.022407535341601975
v7,distance_ma20,20日移動平均乖離,終値の20日移動平均からの乖離,True,業種,電気機器,10d,10営業日,2,78,64,-0.09598344811853637,-0.08750619835016571,0.109375,評価可能,0.022407535341601975
v7,distance_ma20,20日移動平均乖離,終値の20日移動平均からの乖離,True,業種,電気機器,10d,10営業日,3,81,63,-0.1134234618151995,-0.08449396471680592,0.09523809523809523,評価可能,0.022407535341601975
v7,distance_ma20,20日移動平均乖離,終値の20日移動平均からの乖離,True,業種,電気機器,10d,10営業日,4,125,95,-0.08550674864068827,-0.07365439093484416,0.23157894736842105,評価可能,0.022407535341601975
v7,distance_ma20,20日移動平均乖離,終値の20日移動平均からの乖離,True,業種,電気機器,10d,10営業日,5,96,79,-0.07292792437569556,-0.1074074074074074,0.21518987341772153,評価可能,0.022407535341601975
v7,distance_ma20,20日移動平均乖離,終値の20日移動平均からの乖離,True,業種,電気機器,1d,1営業日,1,144,142,-0.0034552949348221284,-0.0022791023842917424,0.4859154929577465,評価可能,-0.01309589227055834
v7,distance_ma20,20日移動平均乖離,終値の20日移動平均からの乖離,True,業種,電気機器,1d,1営業日,2,78,76,-0.01338859772157824,-0.010094476111914838,0.34210526315789475,評価可能,-0.01309589227055834
v7,distance_ma20,20日移動平均乖離,終値の20日移動平均からの乖離,True,業種,電気機器,1d,1営業日,3,81,79,-0.005092042323062104,-0.008452192287374483,0.4050632911392405,評価可能,-0.01309589227055834
v7,distance_ma20,20日移動平均乖離,終値の20日移動平均からの乖離,True,業種,電気機器,1d,1営業日,4,125,122,-0.005344129955054356,-0.006600766640048328,0.4344262295081967,評価可能,-0.01309589227055834
v7,distance_ma20,20日移動平均乖離,終値の20日移動平均からの乖離,True,業種,電気機器,1d,1営業日,5,96,96,-0.016551187205380468,-0.02675304476500162,0.34375,評価可能,-0.01309589227055834
v7,distance_ma20,20日移動平均乖離,終値の20日移動平均からの乖離,True,業種,電気機器,3d,3営業日,1,144,139,-0.017415335963589077,-0.0181372549019608,0.4244604316546763,評価可能,-0.018258940110726655
v7,distance_ma20,20日移動平均乖離,終値の20日移動平均からの乖離,True,業種,電気機器,3d,3営業日,2,78,72,-0.033651840233197734,-0.033175309685872845,0.2916666666666667,評価可能,-0.018258940110726655
v7,distance_ma20,20日移動平均乖離,終値の20日移動平均からの乖離,True,業種,電気機器,3d,3営業日,3,81,77,-0.032186407977807474,-0.03067858594067452,0.3246753246753247,評価可能,-0.018258940110726655
v7,distance_ma20,20日移動平均乖離,終値の20日移動平均からの乖離,True,業種,電気機器,3d,3営業日,4,125,116,-0.02042338330801435,-0.023211556238959485,0.3793103448275862,評価可能,-0.018258940110726655
v7,distance_ma20,20日移動平均乖離,終値の20日移動平均からの乖離,True,業種,電気機器,3d,3営業日,5,96,91,-0.03567427607431573,-0.0431730431730431,0.23076923076923078,評価可能,-0.018258940110726655
v7,distance_ma20,20日移動平均乖離,終値の20日移動平均からの乖離,True,業種,電気機器,5d,5営業日,1,144,135,-0.04030958271830233,-0.04396754776236589,0.26666666666666666,評価可能,-0.008370145351481409
v7,distance_ma20,20日移動平均乖離,終値の20日移動平均からの乖離,True,業種,電気機器,5d,5営業日,2,78,66,-0.048928958497425803,-0.048086462660616947,0.22727272727272727,評価可能,-0.008370145351481409
v7,distance_ma20,20日移動平均乖離,終値の20日移動平均からの乖離,True,業種,電気機器,5d,5営業日,3,81,70,-0.04692453909432836,-0.027184312083852857,0.32857142857142857,評価可能,-0.008370145351481409
v7,distance_ma20,20日移動平均乖離,終値の20日移動平均からの乖離,True,業種,電気機器,5d,5営業日,4,125,107,-0.03173331348711058,-0.0265914585012086,0.35514018691588783,評価可能,-0.008370145351481409
v7,distance_ma20,20日移動平均乖離,終値の20日移動平均からの乖離,True,業種,電気機器,5d,5営業日,5,96,88,-0.04867972806978374,-0.054756530894255404,0.23863636363636365,評価可能,-0.008370145351481409
v7,distance_ma20,20日移動平均乖離,終値の20日移動平均からの乖離,True,業種,非鉄金属,10d,10営業日,1,5,5,-0.1748974880997419,-0.16536020903322135,0.0,サンプル不足,-0.01910315497290413
v7,distance_ma20,20日移動平均乖離,終値の20日移動平均からの乖離,True,業種,非鉄金属,10d,10営業日,2,3,3,-0.16586344510680673,-0.15953835709436526,0.0,サンプル不足,-0.01910315497290413
v7,distance_ma20,20日移動平均乖離,終値の20日移動平均からの乖離,True,業種,非鉄金属,10d,10営業日,3,4,4,-0.16268437037638087,-0.16333922919275223,0.0,サンプル不足,-0.01910315497290413
v7,distance_ma20,20日移動平均乖離,終値の20日移動平均からの乖離,True,業種,非鉄金属,10d,10営業日,4,8,6,-0.1813917634478309,-0.17496879132831522,0.0,サンプル不足,-0.01910315497290413
v7,distance_ma20,20日移動平均乖離,終値の20日移動平均からの乖離,True,業種,非鉄金属,10d,10営業日,5,14,11,-0.19400064307264603,-0.2054824088063889,0.0,サンプル不足,-0.01910315497290413
v7,distance_ma20,20日移動平均乖離,終値の20日移動平均からの乖離,True,業種,非鉄金属,1d,1営業日,1,5,5,0.01682990118477552,-0.000746547219111604,0.4,サンプル不足,-0.015688886914871997
v7,distance_ma20,20日移動平均乖離,終値の20日移動平均からの乖離,True,業種,非鉄金属,1d,1営業日,2,3,3,-0.03376861330658972,-0.031228784792939557,0.0,サンプル不足,-0.015688886914871997
v7,distance_ma20,20日移動平均乖離,終値の20日移動平均からの乖離,True,業種,非鉄金属,1d,1営業日,3,4,4,0.023931444511536032,0.04369118496778768,0.75,サンプル不足,-0.015688886914871997
v7,distance_ma20,20日移動平均乖離,終値の20日移動平均からの乖離,True,業種,非鉄金属,1d,1営業日,4,8,8,-0.044279837539012476,-0.03302291529394541,0.25,サンプル不足,-0.015688886914871997
v7,distance_ma20,20日移動平均乖離,終値の20日移動平均からの乖離,True,業種,非鉄金属,1d,1営業日,5,14,13,0.0011410142699035226,-0.006249999999999978,0.46153846153846156,サンプル不足,-0.015688886914871997
v7,distance_ma20,20日移動平均乖離,終値の20日移動平均からの乖離,True,業種,非鉄金属,3d,3営業日,1,5,5,-0.05025425740561549,-0.05514157973174372,0.2,サンプル不足,0.0020142812641857077
v7,distance_ma20,20日移動平均乖離,終値の20日移動平均からの乖離,True,業種,非鉄金属,3d,3営業日,2,3,3,-0.058162318907096,-0.05240174672489084,0.0,サンプル不足,0.0020142812641857077
v7,distance_ma20,20日移動平均乖離,終値の20日移動平均からの乖離,True,業種,非鉄金属,3d,3営業日,3,4,4,-0.04781862040663595,-0.08722664348035941,0.25,サンプル不足,0.0020142812641857077
v7,distance_ma20,20日移動平均乖離,終値の20日移動平均からの乖離,True,業種,非鉄金属,3d,3営業日,4,8,8,-0.06057367836006451,-0.09387024608501121,0.25,サンプル不足,0.0020142812641857077
v7,distance_ma20,20日移動平均乖離,終値の20日移動平均からの乖離,True,業種,非鉄金属,3d,3営業日,5,14,13,-0.04823997614142978,-0.04974718642961995,0.15384615384615385,サンプル不足,0.0020142812641857077
v7,distance_ma20,20日移動平均乖離,終値の20日移動平均からの乖離,True,業種,非鉄金属,5d,5営業日,1,5,5,-0.04461196054573051,-0.03882045539380363,0.2,サンプル不足,-0.054718816714489235
v7,distance_ma20,20日移動平均乖離,終値の20日移動平均からの乖離,True,業種,非鉄金属,5d,5営業日,2,3,3,-0.09404841485530695,-0.08825526137135098,0.0,サンプル不足,-0.054718816714489235
v7,distance_ma20,20日移動平均乖離,終値の20日移動平均からの乖離,True,業種,非鉄金属,5d,5営業日,3,4,4,-0.08001195551067222,-0.13318340829585207,0.25,サンプル不足,-0.054718816714489235
v7,distance_ma20,20日移動平均乖離,終値の20日移動平均からの乖離,True,業種,非鉄金属,5d,5営業日,4,8,7,-0.10246663982483571,-0.10278936964638696,0.14285714285714285,サンプル不足,-0.054718816714489235
v7,distance_ma20,20日移動平均乖離,終値の20日移動平均からの乖離,True,業種,非鉄金属,5d,5営業日,5,14,11,-0.09933077726021974,-0.08935894668681199,0.0,サンプル不足,-0.054718816714489235
v7,distance_ma20,20日移動平均乖離,終値の20日移動平均からの乖離,True,業種,食料品,10d,10営業日,1,26,21,0.010168911827145927,0.0218390804597701,0.6666666666666666,サンプル不足,-0.005670866114945453
v7,distance_ma20,20日移動平均乖離,終値の20日移動平均からの乖離,True,業種,食料品,10d,10営業日,2,37,26,0.005981578058279012,-0.0015708105820835816,0.5,サンプル不足,-0.005670866114945453
v7,distance_ma20,20日移動平均乖離,終値の20日移動平均からの乖離,True,業種,食料品,10d,10営業日,3,41,30,0.0087037081468346,0.01930748989572515,0.5333333333333333,評価可能,-0.005670866114945453
v7,distance_ma20,20日移動平均乖離,終値の20日移動平均からの乖離,True,業種,食料品,10d,10営業日,4,12,10,-0.023721762865935768,-0.008984336861984799,0.4,サンプル不足,-0.005670866114945453
v7,distance_ma20,20日移動平均乖離,終値の20日移動平均からの乖離,True,業種,食料品,10d,10営業日,5,7,3,0.004498045712200474,-0.011201298701298712,0.3333333333333333,サンプル不足,-0.005670866114945453
v7,distance_ma20,20日移動平均乖離,終値の20日移動平均からの乖離,True,業種,食料品,1d,1営業日,1,26,26,-0.004782279723984007,-0.0025284121489517752,0.38461538461538464,サンプル不足,-0.01062620482762274
v7,distance_ma20,20日移動平均乖離,終値の20日移動平均からの乖離,True,業種,食料品,1d,1営業日,2,37,37,0.0042318458248115,0.0017479461632581295,0.5405405405405406,評価可能,-0.01062620482762274
v7,distance_ma20,20日移動平均乖離,終値の20日移動平均からの乖離,True,業種,食料品,1d,1営業日,3,41,40,-5.2405579104269906e-05,-0.0006552609184869995,0.5,評価可能,-0.01062620482762274
v7,distance_ma20,20日移動平均乖離,終値の20日移動平均からの乖離,True,業種,食料品,1d,1営業日,4,12,12,-0.006665666827827706,-0.00765088066946068,0.3333333333333333,サンプル不足,-0.01062620482762274
v7,distance_ma20,20日移動平均乖離,終値の20日移動平均からの乖離,True,業種,食料品,1d,1営業日,5,7,7,-0.015408484551606746,0.0,0.42857142857142855,サンプル不足,-0.01062620482762274
v7,distance_ma20,20日移動平均乖離,終値の20日移動平均からの乖離,True,業種,食料品,3d,3営業日,1,26,25,0.0039874125682217414,0.007768361581920846,0.6,サンプル不足,-0.011458920482634617
v7,distance_ma20,20日移動平均乖離,終値の20日移動平均からの乖離,True,業種,食料品,3d,3営業日,2,37,34,-0.0034080601052013325,-0.005987350180269736,0.4411764705882353,評価可能,-0.011458920482634617
v7,distance_ma20,20日移動平均乖離,終値の20日移動平均からの乖離,True,業種,食料品,3d,3営業日,3,41,39,-0.010850486892044335,-0.012360566777208315,0.41025641025641024,評価可能,-0.011458920482634617
v7,distance_ma20,20日移動平均乖離,終値の20日移動平均からの乖離,True,業種,食料品,3d,3営業日,4,12,12,-0.00396002273310141,-0.015632788264367252,0.3333333333333333,サンプル不足,-0.011458920482634617
v7,distance_ma20,20日移動平均乖離,終値の20日移動平均からの乖離,True,業種,食料品,3d,3営業日,5,7,6,-0.007471507914412875,-0.017557229619247827,0.5,サンプル不足,-0.011458920482634617
v7,distance_ma20,20日移動平均乖離,終値の20日移動平均からの乖離,True,業種,食料品,5d,5営業日,1,26,24,0.009326132060608797,0.016195538342982485,0.625,サンプル不足,-0.031274888266215564
v7,distance_ma20,20日移動平均乖離,終値の20日移動平均からの乖離,True,業種,食料品,5d,5営業日,2,37,33,0.007711001013045096,0.01038062283737018,0.6666666666666666,評価可能,-0.031274888266215564
v7,distance_ma20,20日移動平均乖離,終値の20日移動平均からの乖離,True,業種,食料品,5d,5営業日,3,41,38,-0.005765998335724709,-0.000129844277350999,0.5,評価可能,-0.031274888266215564
v7,distance_ma20,20日移動平均乖離,終値の20日移動平均からの乖離,True,業種,食料品,5d,5営業日,4,12,12,-0.0034238621965943703,-0.024757308557920243,0.4166666666666667,サンプル不足,-0.031274888266215564
v7,distance_ma20,20日移動平均乖離,終値の20日移動平均からの乖離,True,業種,食料品,5d,5営業日,5,7,6,-0.021948756205606764,-0.037257187474024456,0.16666666666666666,サンプル不足,-0.031274888266215564
v7,distance_ma60,60日移動平均乖離,終値の60日移動平均からの乖離,True,全体,全体,10d,10営業日,1,740,539,0.007831942815013997,0.009265346392675067,0.5602968460111317,評価可能,-0.08848020080565593
v7,distance_ma60,60日移動平均乖離,終値の60日移動平均からの乖離,True,全体,全体,10d,10営業日,2,740,539,0.0009462561551509521,0.003314001657000798,0.5176252319109462,評価可能,-0.08848020080565593
v7,distance_ma60,60日移動平均乖離,終値の60日移動平均からの乖離,True,全体,全体,10d,10営業日,3,740,540,-0.018374902672601005,-0.011506161161672968,0.4203703703703704,評価可能,-0.08848020080565593
v7,distance_ma60,60日移動平均乖離,終値の60日移動平均からの乖離,True,全体,全体,10d,10営業日,4,740,540,-0.02844594616341352,-0.0273972602739726,0.3851851851851852,評価可能,-0.08848020080565593
v7,distance_ma60,60日移動平均乖離,終値の60日移動平均からの乖離,True,全体,全体,10d,10営業日,5,740,540,-0.08064825799064193,-0.07269455351472631,0.2722222222222222,評価可能,-0.08848020080565593
v7,distance_ma60,60日移動平均乖離,終値の60日移動平均からの乖離,True,全体,全体,1d,1営業日,1,740,720,-0.0017937146019436048,-0.00048812694619582153,0.4625,評価可能,0.0008329127705081787
v7,distance_ma60,60日移動平均乖離,終値の60日移動平均からの乖離,True,全体,全体,1d,1営業日,2,740,720,-0.001972165114536537,-0.0016397224641778174,0.45,評価可能,0.0008329127705081787
v7,distance_ma60,60日移動平均乖離,終値の60日移動平均からの乖離,True,全体,全体,1d,1営業日,3,740,720,-0.0010005434313492387,0.0,0.48055555555555557,評価可能,0.0008329127705081787
v7,distance_ma60,60日移動平均乖離,終値の60日移動平均からの乖離,True,全体,全体,1d,1営業日,4,740,720,-0.0007859634465607123,-0.0016477904343009109,0.46944444444444444,評価可能,0.0008329127705081787
v7,distance_ma60,60日移動平均乖離,終値の60日移動平均からの乖離,True,全体,全体,1d,1営業日,5,740,720,-0.0009608018314354261,-0.003801988337143824,0.44027777777777777,評価可能,0.0008329127705081787
v7,distance_ma60,60日移動平均乖離,終値の60日移動平均からの乖離,True,全体,全体,3d,3営業日,1,740,679,-0.002119001701628738,0.0,0.48748159057437407,評価可能,-0.012160480552670482
v7,distance_ma60,60日移動平均乖離,終値の60日移動平均からの乖離,True,全体,全体,3d,3営業日,2,740,679,-0.004245396388446635,-0.0028529042962747164,0.47128129602356406,評価可能,-0.012160480552670482
v7,distance_ma60,60日移動平均乖離,終値の60日移動平均からの乖離,True,全体,全体,3d,3営業日,3,740,680,-0.0086994051546092,-0.006069204853259014,0.43529411764705883,評価可能,-0.012160480552670482
v7,distance_ma60,60日移動平均乖離,終値の60日移動平均からの乖離,True,全体,全体,3d,3営業日,4,740,680,-0.0074805637185955485,-0.010065121175543312,0.4176470588235294,評価可能,-0.012160480552670482
v7,distance_ma60,60日移動平均乖離,終値の60日移動平均からの乖離,True,全体,全体,3d,3営業日,5,740,680,-0.01427948225429922,-0.017931870734871153,0.3911764705882353,評価可能,-0.012160480552670482
v7,distance_ma60,60日移動平均乖離,終値の60日移動平均からの乖離,True,全体,全体,5d,5営業日,1,740,639,0.0016061987055798266,0.0019646365422396,0.5226917057902973,評価可能,-0.032910695940312915
v7,distance_ma60,60日移動平均乖離,終値の60日移動平均からの乖離,True,全体,全体,5d,5営業日,2,740,640,-0.0034790044891708713,-0.0007678734044544999,0.48125,評価可能,-0.032910695940312915
v7,distance_ma60,60日移動平均乖離,終値の60日移動平均からの乖離,True,全体,全体,5d,5営業日,3,740,639,-0.010490136071699643,-0.008301886792452806,0.4303599374021909,評価可能,-0.032910695940312915
v7,distance_ma60,60日移動平均乖離,終値の60日移動平均からの乖離,True,全体,全体,5d,5営業日,4,740,640,-0.014301321600321682,-0.014429681543128736,0.4,評価可能,-0.032910695940312915
v7,distance_ma60,60日移動平均乖離,終値の60日移動平均からの乖離,True,全体,全体,5d,5営業日,5,740,640,-0.03130449723473309,-0.027807860484034996,0.3640625,評価可能,-0.032910695940312915
v7,distance_ma60,60日移動平均乖離,終値の60日移動平均からの乖離,True,業種,その他製品,10d,10営業日,1,8,5,-0.021331178237232778,-0.0015384615384614,0.4,サンプル不足,-0.013937179416275907
v7,distance_ma60,60日移動平均乖離,終値の60日移動平均からの乖離,True,業種,その他製品,10d,10営業日,2,17,9,0.051433198526585094,0.016819193668068166,0.6666666666666666,サンプル不足,-0.013937179416275907
v7,distance_ma60,60日移動平均乖離,終値の60日移動平均からの乖離,True,業種,その他製品,10d,10営業日,3,14,9,-0.02268151033729113,-0.0446927374301675,0.3333333333333333,サンプル不足,-0.013937179416275907
v7,distance_ma60,60日移動平均乖離,終値の60日移動平均からの乖離,True,業種,その他製品,10d,10営業日,4,10,5,0.0009653429634958174,-0.0362116991643454,0.4,サンプル不足,-0.013937179416275907
v7,distance_ma60,60日移動平均乖離,終値の60日移動平均からの乖離,True,業種,その他製品,10d,10営業日,5,22,17,-0.035268357653508685,-0.017766497461928932,0.4117647058823529,サンプル不足,-0.013937179416275907
v7,distance_ma60,60日移動平均乖離,終値の60日移動平均からの乖離,True,業種,その他製品,1d,1営業日,1,8,7,0.005244581402694483,0.0,0.42857142857142855,サンプル不足,0.009496064149758149
v7,distance_ma60,60日移動平均乖離,終値の60日移動平均からの乖離,True,業種,その他製品,1d,1営業日,2,17,15,0.0013305729706221518,0.0,0.4666666666666667,サンプル不足,0.009496064149758149
v7,distance_ma60,60日移動平均乖離,終値の60日移動平均からの乖離,True,業種,その他製品,1d,1営業日,3,14,13,0.0005278464746781628,0.005657708628005631,0.6153846153846154,サンプル不足,0.009496064149758149
v7,distance_ma60,60日移動平均乖離,終値の60日移動平均からの乖離,True,業種,その他製品,1d,1営業日,4,10,9,0.03692909071560649,0.0139275766016713,0.5555555555555556,サンプル不足,0.009496064149758149
v7,distance_ma60,60日移動平均乖離,終値の60日移動平均からの乖離,True,業種,その他製品,1d,1営業日,5,22,21,0.01474064555245263,0.02564102564102555,0.6190476190476191,サンプル不足,0.009496064149758149
v7,distance_ma60,60日移動平均乖離,終値の60日移動平均からの乖離,True,業種,その他製品,3d,3営業日,1,8,7,-9.722239121003905e-05,-0.0079796880667392,0.14285714285714285,サンプル不足,0.004713590081500548
v7,distance_ma60,60日移動平均乖離,終値の60日移動平均からの乖離,True,業種,その他製品,3d,3営業日,2,17,12,-0.009913668399362842,-0.009975550964003321,0.4166666666666667,サンプル不足,0.004713590081500548
v7,distance_ma60,60日移動平均乖離,終値の60日移動平均からの乖離,True,業種,その他製品,3d,3営業日,3,14,10,0.0009895532809402919,-0.027461172831222708,0.4,サンプル不足,0.004713590081500548
v7,distance_ma60,60日移動平均乖離,終値の60日移動平均からの乖離,True,業種,その他製品,3d,3営業日,4,10,8,-0.022606022961564297,-0.03623918206451948,0.25,サンプル不足,0.004713590081500548
v7,distance_ma60,60日移動平均乖離,終値の60日移動平均からの乖離,True,業種,その他製品,3d,3営業日,5,22,19,0.0046163676902905085,0.0,0.47368421052631576,サンプル不足,0.004713590081500548
v7,distance_ma60,60日移動平均乖離,終値の60日移動平均からの乖離,True,業種,その他製品,5d,5営業日,1,8,7,-0.013509890982498985,0.0,0.42857142857142855,サンプル不足,0.000545383840277313
v7,distance_ma60,60日移動平均乖離,終値の60日移動平均からの乖離,True,業種,その他製品,5d,5営業日,2,17,11,-0.002294507921243161,0.0,0.45454545454545453,サンプル不足,0.000545383840277313
v7,distance_ma60,60日移動平均乖離,終値の60日移動平均からの乖離,True,業種,その他製品,5d,5営業日,3,14,9,-0.015857743902260468,-0.0223463687150837,0.4444444444444444,サンプル不足,0.000545383840277313
v7,distance_ma60,60日移動平均乖離,終値の60日移動平均からの乖離,True,業種,その他製品,5d,5営業日,4,10,7,-0.011669446163130407,-0.0518134715025906,0.2857142857142857,サンプル不足,0.000545383840277313
v7,distance_ma60,60日移動平均乖離,終値の60日移動平均からの乖離,True,業種,その他製品,5d,5営業日,5,22,19,-0.012964507142221672,-0.02897942041159174,0.3684210526315789,サンプル不足,0.000545383840277313
v7,distance_ma60,60日移動平均乖離,終値の60日移動平均からの乖離,True,業種,その他金融業,10d,10営業日,1,15,8,0.0033641022442411905,0.006734141710650343,0.5,サンプル不足,-0.41874871762885646
v7,distance_ma60,60日移動平均乖離,終値の60日移動平均からの乖離,True,業種,その他金融業,10d,10営業日,2,13,8,0.007269971725219079,0.008490799367733781,0.625,サンプル不足,-0.41874871762885646
v7,distance_ma60,60日移動平均乖離,終値の60日移動平均からの乖離,True,業種,その他金融業,10d,10営業日,3,7,4,-0.003264716223854717,-0.006965640304008314,0.5,サンプル不足,-0.41874871762885646
v7,distance_ma60,60日移動平均乖離,終値の60日移動平均からの乖離,True,業種,その他金融業,10d,10営業日,4,1,1,-0.0664335664335664,-0.0664335664335664,0.0,サンプル不足,-0.41874871762885646
v7,distance_ma60,60日移動平均乖離,終値の60日移動平均からの乖離,True,業種,その他金融業,10d,10営業日,5,1,1,-0.4153846153846153,-0.4153846153846153,0.0,サンプル不足,-0.41874871762885646
v7,distance_ma60,60日移動平均乖離,終値の60日移動平均からの乖離,True,業種,その他金融業,1d,1営業日,1,15,15,-0.001928050482916895,-0.0020408163265306367,0.4,サンプル不足,-0.2288411802863138
v7,distance_ma60,60日移動平均乖離,終値の60日移動平均からの乖離,True,業種,その他金融業,1d,1営業日,2,13,13,0.00687692007989068,0.004589261128958189,0.5384615384615384,サンプル不足,-0.2288411802863138
v7,distance_ma60,60日移動平均乖離,終値の60日移動平均からの乖離,True,業種,その他金融業,1d,1営業日,3,7,7,0.0013888009174368898,0.0011520737327188613,0.7142857142857143,サンプル不足,-0.2288411802863138
v7,distance_ma60,60日移動平均乖離,終値の60日移動平均からの乖離,True,業種,その他金融業,1d,1営業日,4,1,1,-0.0093240093240093,-0.0093240093240093,0.0,サンプル不足,-0.2288411802863138
v7,distance_ma60,60日移動平均乖離,終値の60日移動平均からの乖離,True,業種,その他金融業,1d,1営業日,5,1,1,-0.2307692307692307,-0.2307692307692307,0.0,サンプル不足,-0.2288411802863138
v7,distance_ma60,60日移動平均乖離,終値の60日移動平均からの乖離,True,業種,その他金融業,3d,3営業日,1,15,13,-0.0020223529839890233,0.0015624999999999112,0.5384615384615384,サンプル不足,-0.397977647016011
v7,distance_ma60,60日移動平均乖離,終値の60日移動平均からの乖離,True,業種,その他金融業,3d,3営業日,2,13,13,0.0021450241621011356,0.0,0.46153846153846156,サンプル不足,-0.397977647016011
v7,distance_ma60,60日移動平均乖離,終値の60日移動平均からの乖離,True,業種,その他金融業,3d,3営業日,3,7,7,0.00643310714164237,-0.0029461932082492925,0.42857142857142855,サンプル不足,-0.397977647016011
v7,distance_ma60,60日移動平均乖離,終値の60日移動平均からの乖離,True,業種,その他金融業,3d,3営業日,4,1,1,-0.0116550116550117,-0.0116550116550117,0.0,サンプル不足,-0.397977647016011
v7,distance_ma60,60日移動平均乖離,終値の60日移動平均からの乖離,True,業種,その他金融業,3d,3営業日,5,1,1,-0.4,-0.4,0.0,サンプル不足,-0.397977647016011
v7,distance_ma60,60日移動平均乖離,終値の60日移動平均からの乖離,True,業種,その他金融業,5d,5営業日,1,15,13,0.005454109100896114,0.0008733624454149158,0.5384615384615384,サンプル不足,-0.3900694937162807
v7,distance_ma60,60日移動平均乖離,終値の60日移動平均からの乖離,True,業種,その他金融業,5d,5営業日,2,13,13,-0.005472606044757488,-0.001176747469992967,0.3076923076923077,サンプル不足,-0.3900694937162807
v7,distance_ma60,60日移動平均乖離,終値の60日移動平均からの乖離,True,業種,その他金融業,5d,5営業日,3,7,5,0.009190818729596081,0.01023414482865559,0.6,サンプル不足,-0.3900694937162807
v7,distance_ma60,60日移動平均乖離,終値の60日移動平均からの乖離,True,業種,その他金融業,5d,5営業日,4,1,1,0.008158508158508,0.008158508158508,1.0,サンプル不足,-0.3900694937162807
v7,distance_ma60,60日移動平均乖離,終値の60日移動平均からの乖離,True,業種,その他金融業,5d,5営業日,5,1,1,-0.3846153846153846,-0.3846153846153846,0.0,サンプル不足,-0.3900694937162807
v7,distance_ma60,60日移動平均乖離,終値の60日移動平均からの乖離,True,業種,ガラス・土石製品,10d,10営業日,1,7,5,-0.055135168064636565,0.0232018561484919,0.6,サンプル不足,-0.19489057925851835
v7,distance_ma60,60日移動平均乖離,終値の60日移動平均からの乖離,True,業種,ガラス・土石製品,10d,10営業日,2,5,4,-0.06512923702722058,-0.060405550606580954,0.25,サンプル不足,-0.19489057925851835
v7,distance_ma60,60日移動平均乖離,終値の60日移動平均からの乖離,True,業種,ガラス・土石製品,10d,10営業日,3,5,4,-0.08187010493872092,-0.08689886845827435,0.0,サンプル不足,-0.19489057925851835
v7,distance_ma60,60日移動平均乖離,終値の60日移動平均からの乖離,True,業種,ガラス・土石製品,10d,10営業日,4,3,3,-0.05973904184533696,-0.041935483870967794,0.3333333333333333,サンプル不足,-0.19489057925851835
v7,distance_ma60,60日移動平均乖離,終値の60日移動平均からの乖離,True,業種,ガラス・土石製品,10d,10営業日,5,3,3,-0.2500257473231549,-0.2664864864864865,0.0,サンプル不足,-0.19489057925851835
v7,distance_ma60,60日移動平均乖離,終値の60日移動平均からの乖離,True,業種,ガラス・土石製品,1d,1営業日,1,7,7,-0.01328172883754369,-0.013090495162208282,0.2857142857142857,サンプル不足,-0.06835905564974
v7,distance_ma60,60日移動平均乖離,終値の60日移動平均からの乖離,True,業種,ガラス・土石製品,1d,1営業日,2,5,5,0.00736581513993062,0.0154285714285713,0.6,サンプル不足,-0.06835905564974
v7,distance_ma60,60日移動平均乖離,終値の60日移動平均からの乖離,True,業種,ガラス・土石製品,1d,1営業日,3,5,5,-0.06711921673462877,-0.0833333333333333,0.0,サンプル不足,-0.06835905564974
v7,distance_ma60,60日移動平均乖離,終値の60日移動平均からの乖離,True,業種,ガラス・土石製品,1d,1営業日,4,3,3,0.003477427049129419,0.003284072249589487,0.6666666666666666,サンプル不足,-0.06835905564974
v7,distance_ma60,60日移動平均乖離,終値の60日移動平均からの乖離,True,業種,ガラス・土石製品,1d,1営業日,5,3,3,-0.0816407844872837,-0.1141304347826086,0.0,サンプル不足,-0.06835905564974
v7,distance_ma60,60日移動平均乖離,終値の60日移動平均からの乖離,True,業種,ガラス・土石製品,3d,3営業日,1,7,5,-0.025180563845868354,-0.0308441558441558,0.4,サンプル不足,-0.13498420083716528
v7,distance_ma60,60日移動平均乖離,終値の60日移動平均からの乖離,True,業種,ガラス・土石製品,3d,3営業日,2,5,5,-0.01359193645666903,-0.0249520153550864,0.2,サンプル不足,-0.13498420083716528
v7,distance_ma60,60日移動平均乖離,終値の60日移動平均からの乖離,True,業種,ガラス・土石製品,3d,3営業日,3,5,5,-0.10221850843310103,-0.119047619047619,0.0,サンプル不足,-0.13498420083716528
v7,distance_ma60,60日移動平均乖離,終値の60日移動平均からの乖離,True,業種,ガラス・土石製品,3d,3営業日,4,3,3,-0.012247081364996451,-0.005376344086021501,0.3333333333333333,サンプル不足,-0.13498420083716528
v7,distance_ma60,60日移動平均乖離,終値の60日移動平均からの乖離,True,業種,ガラス・土石製品,3d,3営業日,5,3,3,-0.16016476468303364,-0.1467391304347826,0.0,サンプル不足,-0.13498420083716528
v7,distance_ma60,60日移動平均乖離,終値の60日移動平均からの乖離,True,業種,ガラス・土石製品,5d,5営業日,1,7,5,-0.06638541435068003,-0.0162412993039443,0.2,サンプル不足,-0.055895011615191934
v7,distance_ma60,60日移動平均乖離,終値の60日移動平均からの乖離,True,業種,ガラス・土石製品,5d,5営業日,2,5,5,-0.012621939121406207,-0.0211132437619961,0.2,サンプル不足,-0.055895011615191934
v7,distance_ma60,60日移動平均乖離,終値の60日移動平均からの乖離,True,業種,ガラス・土石製品,5d,5営業日,3,5,4,-0.12029002648137836,-0.12294486329366876,0.0,サンプル不足,-0.055895011615191934
v7,distance_ma60,60日移動平均乖離,終値の60日移動平均からの乖離,True,業種,ガラス・土石製品,5d,5営業日,4,3,3,0.003877360586950059,0.01505376344086029,0.6666666666666666,サンプル不足,-0.055895011615191934
v7,distance_ma60,60日移動平均乖離,終値の60日移動平均からの乖離,True,業種,ガラス・土石製品,5d,5営業日,5,3,3,-0.12228042596587196,-0.125,0.3333333333333333,サンプル不足,-0.055895011615191934
v7,distance_ma60,60日移動平均乖離,終値の60日移動平均からの乖離,True,業種,ゴム製品,10d,10営業日,1,11,9,0.07575035232745182,0.04908877131099354,1.0,サンプル不足,-0.2641925633827281
v7,distance_ma60,60日移動平均乖離,終値の60日移動平均からの乖離,True,業種,ゴム製品,10d,10営業日,2,8,5,0.08240357405917127,0.07017543859649122,1.0,サンプル不足,-0.2641925633827281
v7,distance_ma60,60日移動平均乖離,終値の60日移動平均からの乖離,True,業種,ゴム製品,10d,10営業日,3,10,4,0.029455661749033267,0.037631838684000996,0.75,サンプル不足,-0.2641925633827281
v7,distance_ma60,60日移動平均乖離,終値の60日移動平均からの乖離,True,業種,ゴム製品,10d,10営業日,4,5,2,-0.1310061378128599,-0.1310061378128599,0.0,サンプル不足,-0.2641925633827281
v7,distance_ma60,60日移動平均乖離,終値の60日移動平均からの乖離,True,業種,ゴム製品,10d,10営業日,5,1,1,-0.1884422110552763,-0.1884422110552763,0.0,サンプル不足,-0.2641925633827281
v7,distance_ma60,60日移動平均乖離,終値の60日移動平均からの乖離,True,業種,ゴム製品,1d,1営業日,1,11,11,0.009269026306476873,0.0064667842445620405,0.6363636363636364,サンプル不足,-0.10223385042707987
v7,distance_ma60,60日移動平均乖離,終値の60日移動平均からの乖離,True,業種,ゴム製品,1d,1営業日,2,8,7,0.010842178293923468,0.005184033177812353,0.5714285714285714,サンプル不足,-0.10223385042707987
v7,distance_ma60,60日移動平均乖離,終値の60日移動平均からの乖離,True,業種,ゴム製品,1d,1営業日,3,10,9,0.0038773035603489555,-0.005837092066861227,0.4444444444444444,サンプル不足,-0.10223385042707987
v7,distance_ma60,60日移動平均乖離,終値の60日移動平均からの乖離,True,業種,ゴム製品,1d,1営業日,4,5,5,0.0017622751048908523,-0.0038659793814432,0.4,サンプル不足,-0.10223385042707987
v7,distance_ma60,60日移動平均乖離,終値の60日移動平均からの乖離,True,業種,ゴム製品,1d,1営業日,5,1,1,-0.092964824120603,-0.092964824120603,0.0,サンプル不足,-0.10223385042707987
v7,distance_ma60,60日移動平均乖離,終値の60日移動平均からの乖離,True,業種,ゴム製品,3d,3営業日,1,11,9,0.015285656815193326,0.02248423361667129,0.6666666666666666,サンプル不足,-0.09317510405137412
v7,distance_ma60,60日移動平均乖離,終値の60日移動平均からの乖離,True,業種,ゴム製品,3d,3営業日,2,8,6,0.022818069281602238,0.02611762824564645,0.6666666666666666,サンプル不足,-0.09317510405137412
v7,distance_ma60,60日移動平均乖離,終値の60日移動平均からの乖離,True,業種,ゴム製品,3d,3営業日,3,10,8,0.020880595148427154,0.022417122227952557,0.875,サンプル不足,-0.09317510405137412
v7,distance_ma60,60日移動平均乖離,終値の60日移動平均からの乖離,True,業種,ゴム製品,3d,3営業日,4,5,4,-0.014938784930097572,-0.022023427057598667,0.25,サンプル不足,-0.09317510405137412
v7,distance_ma60,60日移動平均乖離,終値の60日移動平均からの乖離,True,業種,ゴム製品,3d,3営業日,5,1,1,-0.0778894472361808,-0.0778894472361808,0.0,サンプル不足,-0.09317510405137412
v7,distance_ma60,60日移動平均乖離,終値の60日移動平均からの乖離,True,業種,ゴム製品,5d,5営業日,1,11,9,0.028949154299420108,0.03321575543797772,0.8888888888888888,サンプル不足,-0.07794412917379191
v7,distance_ma60,60日移動平均乖離,終値の60日移動平均からの乖離,True,業種,ゴム製品,5d,5営業日,2,8,6,0.03373325497652898,0.02049216206566562,1.0,サンプル不足,-0.07794412917379191
v7,distance_ma60,60日移動平均乖離,終値の60日移動平均からの乖離,True,業種,ゴム製品,5d,5営業日,3,10,7,0.051434162831877614,0.0815999999999999,0.8571428571428571,サンプル不足,-0.07794412917379191
v7,distance_ma60,60日移動平均乖離,終値の60日移動平均からの乖離,True,業種,ゴム製品,5d,5営業日,4,5,4,-0.0483107522611019,-0.0539226167748504,0.25,サンプル不足,-0.07794412917379191
v7,distance_ma60,60日移動平均乖離,終値の60日移動平均からの乖離,True,業種,ゴム製品,5d,5営業日,5,1,1,-0.0489949748743718,-0.0489949748743718,0.0,サンプル不足,-0.07794412917379191
v7,distance_ma60,60日移動平均乖離,終値の60日移動平均からの乖離,True,業種,サービス業,10d,10営業日,1,51,34,0.01597860952740034,0.0075877819804178685,0.6470588235294118,評価可能,-0.035406675007558536
v7,distance_ma60,60日移動平均乖離,終値の60日移動平均からの乖離,True,業種,サービス業,10d,10営業日,2,60,39,0.010841557240965182,0.010760953112989968,0.5897435897435898,評価可能,-0.035406675007558536
v7,distance_ma60,60日移動平均乖離,終値の60日移動平均からの乖離,True,業種,サービス業,10d,10営業日,3,71,57,0.016976895110708455,0.026677445432498,0.6842105263157895,評価可能,-0.035406675007558536
v7,distance_ma60,60日移動平均乖離,終値の60日移動平均からの乖離,True,業種,サービス業,10d,10営業日,4,90,69,0.012540669563879515,0.016990291262136,0.5942028985507246,評価可能,-0.035406675007558536
v7,distance_ma60,60日移動平均乖離,終値の60日移動平均からの乖離,True,業種,サービス業,10d,10営業日,5,75,56,-0.019428065480158196,-0.030308522114347362,0.42857142857142855,評価可能,-0.035406675007558536
v7,distance_ma60,60日移動平均乖離,終値の60日移動平均からの乖離,True,業種,サービス業,1d,1営業日,1,51,51,0.0025581912874355632,0.002702702702702675,0.5882352941176471,評価可能,0.009934053286707345
v7,distance_ma60,60日移動平均乖離,終値の60日移動平均からの乖離,True,業種,サービス業,1d,1営業日,2,60,58,-0.0014494386688907338,-0.004020326722729006,0.39655172413793105,評価可能,0.009934053286707345
v7,distance_ma60,60日移動平均乖離,終値の60日移動平均からの乖離,True,業種,サービス業,1d,1営業日,3,71,67,0.00088870223353897,0.003573555687909513,0.5074626865671642,評価可能,0.009934053286707345
v7,distance_ma60,60日移動平均乖離,終値の60日移動平均からの乖離,True,業種,サービス業,1d,1営業日,4,90,87,0.00217895622978437,0.0034364261168384758,0.5402298850574713,評価可能,0.009934053286707345
v7,distance_ma60,60日移動平均乖離,終値の60日移動平均からの乖離,True,業種,サービス業,1d,1営業日,5,75,73,0.012492244574142908,0.0,0.4931506849315068,評価可能,0.009934053286707345
v7,distance_ma60,60日移動平均乖離,終値の60日移動平均からの乖離,True,業種,サービス業,3d,3営業日,1,51,47,0.002428175752072464,0.0014245014245013454,0.5319148936170213,評価可能,0.016637267244180107
v7,distance_ma60,60日移動平均乖離,終値の60日移動平均からの乖離,True,業種,サービス業,3d,3営業日,2,60,54,-0.0033834285121684495,-0.003891947593459011,0.42592592592592593,評価可能,0.016637267244180107
v7,distance_ma60,60日移動平均乖離,終値の60日移動平均からの乖離,True,業種,サービス業,3d,3営業日,3,71,64,-0.004758283850177866,0.00035612535612539187,0.5,評価可能,0.016637267244180107
v7,distance_ma60,60日移動平均乖離,終値の60日移動平均からの乖離,True,業種,サービス業,3d,3営業日,4,90,82,-9.019898455713839e-05,0.0013180336698475916,0.5121951219512195,評価可能,0.016637267244180107
v7,distance_ma60,60日移動平均乖離,終値の60日移動平均からの乖離,True,業種,サービス業,3d,3営業日,5,75,72,0.019065442996252572,0.005515908221132015,0.5277777777777778,評価可能,0.016637267244180107
v7,distance_ma60,60日移動平均乖離,終値の60日移動平均からの乖離,True,業種,サービス業,5d,5営業日,1,51,44,-0.0009727039126746728,-0.0018655698257933999,0.4318181818181818,評価可能,0.010401010487876883
v7,distance_ma60,60日移動平均乖離,終値の60日移動平均からの乖離,True,業種,サービス業,5d,5営業日,2,60,53,-0.004476461189482583,0.0,0.49056603773584906,評価可能,0.010401010487876883
v7,distance_ma60,60日移動平均乖離,終値の60日移動平均からの乖離,True,業種,サービス業,5d,5営業日,3,71,61,-0.0014313574829177256,0.0052219321148825,0.5573770491803278,評価可能,0.010401010487876883
v7,distance_ma60,60日移動平均乖離,終値の60日移動平均からの乖離,True,業種,サービス業,5d,5営業日,4,90,79,-0.004828348336391358,-0.0073723012111637,0.4810126582278481,評価可能,0.010401010487876883
v7,distance_ma60,60日移動平均乖離,終値の60日移動平均からの乖離,True,業種,サービス業,5d,5営業日,5,75,69,0.009428306575202211,-0.005169172932330879,0.4927536231884058,評価可能,0.010401010487876883
v7,distance_ma60,60日移動平均乖離,終値の60日移動平均からの乖離,True,業種,パルプ・紙,10d,10営業日,1,3,2,-0.0036191434728728954,-0.0036191434728728954,0.5,サンプル不足,-0.18409678526555814
v7,distance_ma60,60日移動平均乖離,終値の60日移動平均からの乖離,True,業種,パルプ・紙,10d,10営業日,2,4,2,-0.024501669037396145,-0.024501669037396145,0.5,サンプル不足,-0.18409678526555814
v7,distance_ma60,60日移動平均乖離,終値の60日移動平均からの乖離,True,業種,パルプ・紙,10d,10営業日,3,4,0,,,,サンプル不足,-0.18409678526555814
v7,distance_ma60,60日移動平均乖離,終値の60日移動平均からの乖離,True,業種,パルプ・紙,10d,10営業日,4,2,2,-0.004167884657092447,-0.004167884657092447,0.5,サンプル不足,-0.18409678526555814
v7,distance_ma60,60日移動平均乖離,終値の60日移動平均からの乖離,True,業種,パルプ・紙,10d,10営業日,5,4,4,-0.18771592873843104,-0.1862886975636563,0.0,サンプル不足,-0.18409678526555814
v7,distance_ma60,60日移動平均乖離,終値の60日移動平均からの乖離,True,業種,パルプ・紙,1d,1営業日,1,3,3,-0.023194138066711573,-0.012293509908075873,0.3333333333333333,サンプル不足,-0.015513194113874623
v7,distance_ma60,60日移動平均乖離,終値の60日移動平均からの乖離,True,業種,パルプ・紙,1d,1営業日,2,4,4,-0.008399669636336732,-0.006885654347519199,0.25,サンプル不足,-0.015513194113874623
v7,distance_ma60,60日移動平均乖離,終値の60日移動平均からの乖離,True,業種,パルプ・紙,1d,1営業日,3,4,4,-0.02284659344567036,-0.01482871849534434,0.0,サンプル不足,-0.015513194113874623
v7,distance_ma60,60日移動平均乖離,終値の60日移動平均からの乖離,True,業種,パルプ・紙,1d,1営業日,4,2,2,-0.0028802723269432673,-0.0028802723269432673,0.5,サンプル不足,-0.015513194113874623
v7,distance_ma60,60日移動平均乖離,終値の60日移動平均からの乖離,True,業種,パルプ・紙,1d,1営業日,5,4,4,-0.038707332180586196,-0.03889451690515379,0.25,サンプル不足,-0.015513194113874623
v7,distance_ma60,60日移動平均乖離,終値の60日移動平均からの乖離,True,業種,パルプ・紙,3d,3営業日,1,3,2,-0.019609567507178103,-0.019609567507178103,0.5,サンプル不足,-0.07646087390310044
v7,distance_ma60,60日移動平均乖離,終値の60日移動平均からの乖離,True,業種,パルプ・紙,3d,3営業日,2,4,4,0.017891145297449867,0.015559258206954585,0.75,サンプル不足,-0.07646087390310044
v7,distance_ma60,60日移動平均乖離,終値の60日移動平均からの乖離,True,業種,パルプ・紙,3d,3営業日,3,4,4,-0.034558517780658826,-0.021889732840251586,0.0,サンプル不足,-0.07646087390310044
v7,distance_ma60,60日移動平均乖離,終値の60日移動平均からの乖離,True,業種,パルプ・紙,3d,3営業日,4,2,2,-0.020009146715197712,-0.020009146715197712,0.5,サンプル不足,-0.07646087390310044
v7,distance_ma60,60日移動平均乖離,終値の60日移動平均からの乖離,True,業種,パルプ・紙,3d,3営業日,5,4,4,-0.09607044141027854,-0.08385792501387701,0.0,サンプル不足,-0.07646087390310044
v7,distance_ma60,60日移動平均乖離,終値の60日移動平均からの乖離,True,業種,パルプ・紙,5d,5営業日,1,3,2,-0.01187737796212765,-0.01187737796212765,0.5,サンプル不足,-0.0969401389058755
v7,distance_ma60,60日移動平均乖離,終値の60日移動平均からの乖離,True,業種,パルプ・紙,5d,5営業日,2,4,3,0.02111697660607233,0.027036354889514946,0.6666666666666666,サンプル不足,-0.0969401389058755
v7,distance_ma60,60日移動平均乖離,終値の60日移動平均からの乖離,True,業種,パルプ・紙,5d,5営業日,3,4,2,0.004361172219681575,0.004361172219681575,1.0,サンプル不足,-0.0969401389058755
v7,distance_ma60,60日移動平均乖離,終値の60日移動平均からの乖離,True,業種,パルプ・紙,5d,5営業日,4,2,2,-0.029045535554319213,-0.029045535554319213,0.5,サンプル不足,-0.0969401389058755
v7,distance_ma60,60日移動平均乖離,終値の60日移動平均からの乖離,True,業種,パルプ・紙,5d,5営業日,5,4,4,-0.10881751686800314,-0.09465981656686986,0.0,サンプル不足,-0.0969401389058755
v7,distance_ma60,60日移動平均乖離,終値の60日移動平均からの乖離,True,業種,不動産業,10d,10営業日,1,10,6,-0.018346739978013813,-0.014629321495430144,0.16666666666666666,サンプル不足,-0.049433844063117974
v7,distance_ma60,60日移動平均乖離,終値の60日移動平均からの乖離,True,業種,不動産業,10d,10営業日,2,11,8,-0.02088794725840852,-0.0053570544204211016,0.375,サンプル不足,-0.049433844063117974
v7,distance_ma60,60日移動平均乖離,終値の60日移動平均からの乖離,True,業種,不動産業,10d,10営業日,3,3,1,-0.1236842105263158,-0.1236842105263158,0.0,サンプル不足,-0.049433844063117974
v7,distance_ma60,60日移動平均乖離,終値の60日移動平均からの乖離,True,業種,不動産業,10d,10営業日,4,11,9,0.05576212380604639,0.06910569105691056,0.7777777777777778,サンプル不足,-0.049433844063117974
v7,distance_ma60,60日移動平均乖離,終値の60日移動平均からの乖離,True,業種,不動産業,10d,10営業日,5,20,11,-0.06778058404113178,-0.06422018348623848,0.2727272727272727,サンプル不足,-0.049433844063117974
v7,distance_ma60,60日移動平均乖離,終値の60日移動平均からの乖離,True,業種,不動産業,1d,1営業日,1,10,9,-0.007059087528460125,-0.0085287846481876,0.2222222222222222,サンプル不足,0.0016708177700029293
v7,distance_ma60,60日移動平均乖離,終値の60日移動平均からの乖離,True,業種,不動産業,1d,1営業日,2,11,11,-0.030790020206858924,-0.0174603174603175,0.18181818181818182,サンプル不足,0.0016708177700029293
v7,distance_ma60,60日移動平均乖離,終値の60日移動平均からの乖離,True,業種,不動産業,1d,1営業日,3,3,3,0.007921318447634254,-0.0368421052631579,0.3333333333333333,サンプル不足,0.0016708177700029293
v7,distance_ma60,60日移動平均乖離,終値の60日移動平均からの乖離,True,業種,不動産業,1d,1営業日,4,11,10,0.0029139682014457146,0.00764020163831125,0.6,サンプル不足,0.0016708177700029293
v7,distance_ma60,60日移動平均乖離,終値の60日移動平均からの乖離,True,業種,不動産業,1d,1営業日,5,20,20,-0.005388269758457196,-0.002187905245795485,0.3,サンプル不足,0.0016708177700029293
v7,distance_ma60,60日移動平均乖離,終値の60日移動平均からの乖離,True,業種,不動産業,3d,3営業日,1,10,9,-0.024148587596292997,-0.015282392026578107,0.1111111111111111,サンプル不足,-0.014001469831309735
v7,distance_ma60,60日移動平均乖離,終値の60日移動平均からの乖離,True,業種,不動産業,3d,3営業日,2,11,11,-0.030143547947763024,-0.0142857142857142,0.18181818181818182,サンプル不足,-0.014001469831309735
v7,distance_ma60,60日移動平均乖離,終値の60日移動平均からの乖離,True,業種,不動産業,3d,3営業日,3,3,3,0.008851674641148362,0.0,0.3333333333333333,サンプル不足,-0.014001469831309735
v7,distance_ma60,60日移動平均乖離,終値の60日移動平均からの乖離,True,業種,不動産業,3d,3営業日,4,11,9,0.018113378343766313,0.010869565217391353,0.6666666666666666,サンプル不足,-0.014001469831309735
v7,distance_ma60,60日移動平均乖離,終値の60日移動平均からの乖離,True,業種,不動産業,3d,3営業日,5,20,20,-0.03815005742760273,-0.026022803487592228,0.2,サンプル不足,-0.014001469831309735
v7,distance_ma60,60日移動平均乖離,終値の60日移動平均からの乖離,True,業種,不動産業,5d,5営業日,1,10,8,-0.03274233252496095,-0.018678419506948152,0.25,サンプル不足,-0.0004614010662866777
v7,distance_ma60,60日移動平均乖離,終値の60日移動平均からの乖離,True,業種,不動産業,5d,5営業日,2,11,9,-0.010578062615792154,-0.002790178571428603,0.3333333333333333,サンプル不足,-0.0004614010662866777
v7,distance_ma60,60日移動平均乖離,終値の60日移動平均からの乖離,True,業種,不動産業,5d,5営業日,3,3,3,-0.043053340421761475,-0.0342105263157894,0.0,サンプル不足,-0.0004614010662866777
v7,distance_ma60,60日移動平均乖離,終値の60日移動平均からの乖離,True,業種,不動産業,5d,5営業日,4,11,9,0.03853085666417822,0.031165311653116534,0.7777777777777778,サンプル不足,-0.0004614010662866777
v7,distance_ma60,60日移動平均乖離,終値の60日移動平均からの乖離,True,業種,不動産業,5d,5営業日,5,20,16,-0.033203733591247626,-0.01803746868346573,0.1875,サンプル不足,-0.0004614010662866777
v7,distance_ma60,60日移動平均乖離,終値の60日移動平均からの乖離,True,業種,保険業,10d,10営業日,1,31,23,0.030206627565181013,0.033506493506493484,0.7391304347826086,サンプル不足,-0.012060834887418322
v7,distance_ma60,60日移動平均乖離,終値の60日移動平均からの乖離,True,業種,保険業,10d,10営業日,2,26,17,0.00921121968639526,0.00042194092826997043,0.5294117647058824,サンプル不足,-0.012060834887418322
v7,distance_ma60,60日移動平均乖離,終値の60日移動平均からの乖離,True,業種,保険業,10d,10営業日,3,29,24,0.007449811460380827,0.005236624159616787,0.6666666666666666,サンプル不足,-0.012060834887418322
v7,distance_ma60,60日移動平均乖離,終値の60日移動平均からの乖離,True,業種,保険業,10d,10営業日,4,4,3,0.01814579267776269,0.020166711481581112,1.0,サンプル不足,-0.012060834887418322
v7,distance_ma60,60日移動平均乖離,終値の60日移動平均からの乖離,True,業種,保険業,1d,1営業日,1,31,31,0.0004252419619407896,0.0005256932579840168,0.5161290322580645,評価可能,-0.0002853678436013282
v7,distance_ma60,60日移動平均乖離,終値の60日移動平均からの乖離,True,業種,保険業,1d,1営業日,2,26,26,-0.003378515209322338,-0.0051846792039555445,0.38461538461538464,サンプル不足,-0.0002853678436013282
v7,distance_ma60,60日移動平均乖離,終値の60日移動平均からの乖離,True,業種,保険業,1d,1営業日,3,29,29,0.0012241013488691888,0.007028394714647224,0.6551724137931034,サンプル不足,-0.0002853678436013282
v7,distance_ma60,60日移動平均乖離,終値の60日移動平均からの乖離,True,業種,保険業,1d,1営業日,4,4,4,0.0001398741183394614,0.0023014890949277778,0.75,サンプル不足,-0.0002853678436013282
v7,distance_ma60,60日移動平均乖離,終値の60日移動平均からの乖離,True,業種,保険業,3d,3営業日,1,31,29,0.0008491056461555863,0.0014522821576763434,0.5517241379310345,サンプル不足,-0.00097915617582708
v7,distance_ma60,60日移動平均乖離,終値の60日移動平均からの乖離,True,業種,保険業,3d,3営業日,2,26,26,-0.0001561099221391881,0.007387863800068062,0.5384615384615384,サンプル不足,-0.00097915617582708
v7,distance_ma60,60日移動平均乖離,終値の60日移動平均からの乖離,True,業種,保険業,3d,3営業日,3,29,29,-0.0004964907880356778,0.0007997867235403078,0.5172413793103449,サンプル不足,-0.00097915617582708
v7,distance_ma60,60日移動平均乖離,終値の60日移動平均からの乖離,True,業種,保険業,3d,3営業日,4,4,4,-0.00013005052967149378,-0.005190698801801563,0.5,サンプル不足,-0.00097915617582708
v7,distance_ma60,60日移動平均乖離,終値の60日移動平均からの乖離,True,業種,保険業,5d,5営業日,1,31,28,0.004226817995861677,0.0025818167095610356,0.5714285714285714,サンプル不足,-0.0196869929619113
v7,distance_ma60,60日移動平均乖離,終値の60日移動平均からの乖離,True,業種,保険業,5d,5営業日,2,26,24,-0.0006192919462057652,-0.006283361656099995,0.4166666666666667,サンプル不足,-0.0196869929619113
v7,distance_ma60,60日移動平均乖離,終値の60日移動平均からの乖離,True,業種,保険業,5d,5営業日,3,29,29,0.00301270497284982,0.005308289097590846,0.5517241379310345,サンプル不足,-0.0196869929619113
v7,distance_ma60,60日移動平均乖離,終値の60日移動平均からの乖離,True,業種,保険業,5d,5営業日,4,4,4,-0.015460174966049622,-0.011729605477380556,0.25,サンプル不足,-0.0196869929619113
v7,distance_ma60,60日移動平均乖離,終値の60日移動平均からの乖離,True,業種,倉庫・運輸関連業,10d,10営業日,1,5,4,-0.010362217686678372,-0.007190567827636028,0.25,サンプル不足,-0.02543832389251808
v7,distance_ma60,60日移動平均乖離,終値の60日移動平均からの乖離,True,業種,倉庫・運輸関連業,10d,10営業日,2,4,3,0.06994825677270389,0.0066857688634192,0.6666666666666666,サンプル不足,-0.02543832389251808
v7,distance_ma60,60日移動平均乖離,終値の60日移動平均からの乖離,True,業種,倉庫・運輸関連業,10d,10営業日,3,4,3,0.047998034170791404,0.03933434190620266,0.6666666666666666,サンプル不足,-0.02543832389251808
v7,distance_ma60,60日移動平均乖離,終値の60日移動平均からの乖離,True,業種,倉庫・運輸関連業,10d,10営業日,4,2,2,0.07271334978303413,0.07271334978303413,0.5,サンプル不足,-0.02543832389251808
v7,distance_ma60,60日移動平均乖離,終値の60日移動平均からの乖離,True,業種,倉庫・運輸関連業,10d,10営業日,5,4,4,-0.03580054157919645,-0.07375247851949766,0.25,サンプル不足,-0.02543832389251808
v7,distance_ma60,60日移動平均乖離,終値の60日移動平均からの乖離,True,業種,倉庫・運輸関連業,1d,1営業日,1,5,5,-0.014522887614262176,-0.017377872176095766,0.0,サンプル不足,-0.026999357371590656
v7,distance_ma60,60日移動平均乖離,終値の60日移動平均からの乖離,True,業種,倉庫・運輸関連業,1d,1営業日,2,4,4,0.011134089534705394,0.01241642788920725,0.5,サンプル不足,-0.026999357371590656
v7,distance_ma60,60日移動平均乖離,終値の60日移動平均からの乖離,True,業種,倉庫・運輸関連業,1d,1営業日,3,4,4,-0.002209978500439913,0.00134152116261399,0.5,サンプル不足,-0.026999357371590656
v7,distance_ma60,60日移動平均乖離,終値の60日移動平均からの乖離,True,業種,倉庫・運輸関連業,1d,1営業日,4,2,2,0.00829688873762733,0.00829688873762733,0.5,サンプル不足,-0.026999357371590656
v7,distance_ma60,60日移動平均乖離,終値の60日移動平均からの乖離,True,業種,倉庫・運輸関連業,1d,1営業日,5,4,4,-0.04152224498585283,-0.020116463737427204,0.25,サンプル不足,-0.026999357371590656
v7,distance_ma60,60日移動平均乖離,終値の60日移動平均からの乖離,True,業種,倉庫・運輸関連業,3d,3営業日,1,5,4,-0.010683555706285933,-0.010497546195180618,0.0,サンプル不足,-0.028263719359263233
v7,distance_ma60,60日移動平均乖離,終値の60日移動平均からの乖離,True,業種,倉庫・運輸関連業,3d,3営業日,2,4,3,0.010328693626464429,0.0063816209317166805,1.0,サンプル不足,-0.028263719359263233
v7,distance_ma60,60日移動平均乖離,終値の60日移動平均からの乖離,True,業種,倉庫・運輸関連業,3d,3営業日,3,4,4,0.018976719616764115,0.019146960015809178,0.5,サンプル不足,-0.028263719359263233
v7,distance_ma60,60日移動平均乖離,終値の60日移動平均からの乖離,True,業種,倉庫・運輸関連業,3d,3営業日,4,2,2,0.023550299214384965,0.023550299214384965,0.5,サンプル不足,-0.028263719359263233
v7,distance_ma60,60日移動平均乖離,終値の60日移動平均からの乖離,True,業種,倉庫・運輸関連業,3d,3営業日,5,4,4,-0.03894727506554917,-0.015176096907794338,0.25,サンプル不足,-0.028263719359263233
v7,distance_ma60,60日移動平均乖離,終値の60日移動平均からの乖離,True,業種,倉庫・運輸関連業,5d,5営業日,1,5,4,-0.006021102307001154,-0.012134327186649179,0.25,サンプル不足,-0.020880466315234224
v7,distance_ma60,60日移動平均乖離,終値の60日移動平均からの乖離,True,業種,倉庫・運輸関連業,5d,5営業日,2,4,3,0.004028122795702117,0.0114613180515759,0.6666666666666666,サンプル不足,-0.020880466315234224
v7,distance_ma60,60日移動平均乖離,終値の60日移動平均からの乖離,True,業種,倉庫・運輸関連業,5d,5営業日,3,4,4,0.015585080551800884,0.014498976595176627,0.5,サンプル不足,-0.020880466315234224
v7,distance_ma60,60日移動平均乖離,終値の60日移動平均からの乖離,True,業種,倉庫・運輸関連業,5d,5営業日,4,2,2,0.02883802717036791,0.02883802717036791,0.5,サンプル不足,-0.020880466315234224
v7,distance_ma60,60日移動平均乖離,終値の60日移動平均からの乖離,True,業種,倉庫・運輸関連業,5d,5営業日,5,4,4,-0.02690156862223538,0.0017241200344617277,0.5,サンプル不足,-0.020880466315234224
v7,distance_ma60,60日移動平均乖離,終値の60日移動平均からの乖離,True,業種,化学,10d,10営業日,1,64,50,-0.019334804096211557,-0.0118158564979286,0.48,評価可能,-0.11960812400099288
v7,distance_ma60,60日移動平均乖離,終値の60日移動平均からの乖離,True,業種,化学,10d,10営業日,2,64,45,0.003135037546322914,0.0152439024390242,0.6222222222222222,評価可能,-0.11960812400099288
v7,distance_ma60,60日移動平均乖離,終値の60日移動平均からの乖離,True,業種,化学,10d,10営業日,3,51,39,-0.048647868452965905,-0.02828054298642535,0.3076923076923077,評価可能,-0.11960812400099288
v7,distance_ma60,60日移動平均乖離,終値の60日移動平均からの乖離,True,業種,化学,10d,10営業日,4,54,32,-0.06001380676635605,-0.05404340657194723,0.28125,評価可能,-0.11960812400099288
v7,distance_ma60,60日移動平均乖離,終値の60日移動平均からの乖離,True,業種,化学,10d,10営業日,5,35,20,-0.13894292809720443,-0.14552846248919,0.05,サンプル不足,-0.11960812400099288
v7,distance_ma60,60日移動平均乖離,終値の60日移動平均からの乖離,True,業種,化学,1d,1営業日,1,64,60,-0.0076697045866454035,-0.002652583723331603,0.4,評価可能,0.011592179422286568
v7,distance_ma60,60日移動平均乖離,終値の60日移動平均からの乖離,True,業種,化学,1d,1営業日,2,64,58,-0.002282465152803456,-0.002191408257666616,0.43103448275862066,評価可能,0.011592179422286568
v7,distance_ma60,60日移動平均乖離,終値の60日移動平均からの乖離,True,業種,化学,1d,1営業日,3,51,50,-0.0027434158007491184,-0.005896602095960546,0.4,評価可能,0.011592179422286568
v7,distance_ma60,60日移動平均乖離,終値の60日移動平均からの乖離,True,業種,化学,1d,1営業日,4,54,51,-0.010040074746609569,-0.011841567986933477,0.3137254901960784,評価可能,0.011592179422286568
v7,distance_ma60,60日移動平均乖離,終値の60日移動平均からの乖離,True,業種,化学,1d,1営業日,5,35,34,0.0039224748356411635,0.004800724637681109,0.5294117647058824,評価可能,0.011592179422286568
v7,distance_ma60,60日移動平均乖離,終値の60日移動平均からの乖離,True,業種,化学,3d,3営業日,1,64,57,-0.014785675207258455,-0.014779781259237401,0.3508771929824561,評価可能,0.013521719391439957
v7,distance_ma60,60日移動平均乖離,終値の60日移動平均からの乖離,True,業種,化学,3d,3営業日,2,64,55,-0.004723400442415476,0.0,0.4909090909090909,評価可能,0.013521719391439957
v7,distance_ma60,60日移動平均乖離,終値の60日移動平均からの乖離,True,業種,化学,3d,3営業日,3,51,45,-0.012001991878826253,-0.011089548100914892,0.4,評価可能,0.013521719391439957
v7,distance_ma60,60日移動平均乖離,終値の60日移動平均からの乖離,True,業種,化学,3d,3営業日,4,54,45,-0.027807414376389377,-0.02681189777963977,0.24444444444444444,評価可能,0.013521719391439957
v7,distance_ma60,60日移動平均乖離,終値の60日移動平均からの乖離,True,業種,化学,3d,3営業日,5,35,28,-0.0012639558158184991,0.0027825236196901137,0.5,サンプル不足,0.013521719391439957
v7,distance_ma60,60日移動平均乖離,終値の60日移動平均からの乖離,True,業種,化学,5d,5営業日,1,64,52,-0.017552186721936078,-0.015075273136325285,0.34615384615384615,評価可能,-0.008262382220424944
v7,distance_ma60,60日移動平均乖離,終値の60日移動平均からの乖離,True,業種,化学,5d,5営業日,2,64,53,-0.005457690450130075,-0.001115448968209698,0.4716981132075472,評価可能,-0.008262382220424944
v7,distance_ma60,60日移動平均乖離,終値の60日移動平均からの乖離,True,業種,化学,5d,5営業日,3,51,43,-0.01975703266903875,-0.007600434310532034,0.37209302325581395,評価可能,-0.008262382220424944
v7,distance_ma60,60日移動平均乖離,終値の60日移動平均からの乖離,True,業種,化学,5d,5営業日,4,54,40,-0.026165600750888196,-0.027752811150599632,0.4,評価可能,-0.008262382220424944
v7,distance_ma60,60日移動平均乖離,終値の60日移動平均からの乖離,True,業種,化学,5d,5営業日,5,35,26,-0.025814568942361022,-0.024163422570181003,0.46153846153846156,サンプル不足,-0.008262382220424944
v7,distance_ma60,60日移動平均乖離,終値の60日移動平均からの乖離,True,業種,医薬品,10d,10営業日,1,14,10,-0.020469961175233354,-0.005039757125380628,0.5,サンプル不足,-0.24116767932098565
v7,distance_ma60,60日移動平均乖離,終値の60日移動平均からの乖離,True,業種,医薬品,10d,10営業日,2,12,8,-0.0058639849701139675,-0.025768221474845754,0.25,サンプル不足,-0.24116767932098565
v7,distance_ma60,60日移動平均乖離,終値の60日移動平均からの乖離,True,業種,医薬品,10d,10営業日,3,3,1,-0.1377777777777777,-0.1377777777777777,0.0,サンプル不足,-0.24116767932098565
v7,distance_ma60,60日移動平均乖離,終値の60日移動平均からの乖離,True,業種,医薬品,10d,10営業日,4,3,1,0.0145118733509235,0.0145118733509235,1.0,サンプル不足,-0.24116767932098565
v7,distance_ma60,60日移動平均乖離,終値の60日移動平均からの乖離,True,業種,医薬品,10d,10営業日,5,3,3,-0.261637640496219,-0.2346938775510204,0.0,サンプル不足,-0.24116767932098565
v7,distance_ma60,60日移動平均乖離,終値の60日移動平均からの乖離,True,業種,医薬品,1d,1営業日,1,14,14,-0.015386257210881596,-0.012128475889836843,0.21428571428571427,サンプル不足,-0.18380129050502214
v7,distance_ma60,60日移動平均乖離,終値の60日移動平均からの乖離,True,業種,医薬品,1d,1営業日,2,12,12,-0.006841792146921436,0.0030763846627949176,0.5,サンプル不足,-0.18380129050502214
v7,distance_ma60,60日移動平均乖離,終値の60日移動平均からの乖離,True,業種,医薬品,1d,1営業日,3,3,3,-0.00015755288482564452,0.0,0.3333333333333333,サンプル不足,-0.18380129050502214
v7,distance_ma60,60日移動平均乖離,終値の60日移動平均からの乖離,True,業種,医薬品,1d,1営業日,4,3,3,-0.009610515181205084,-0.012052401746724839,0.0,サンプル不足,-0.18380129050502214
v7,distance_ma60,60日移動平均乖離,終値の60日移動平均からの乖離,True,業種,医薬品,1d,1営業日,5,3,3,-0.19918754771590375,-0.1938775510204081,0.0,サンプル不足,-0.18380129050502214
v7,distance_ma60,60日移動平均乖離,終値の60日移動平均からの乖離,True,業種,医薬品,3d,3営業日,1,14,14,-0.017372610664863366,-0.01736135665550037,0.35714285714285715,サンプル不足,-0.22530028635117794
v7,distance_ma60,60日移動平均乖離,終値の60日移動平均からの乖離,True,業種,医薬品,3d,3営業日,2,12,12,-0.018555989452157525,-0.007869939635877843,0.4166666666666667,サンプル不足,-0.22530028635117794
v7,distance_ma60,60日移動平均乖離,終値の60日移動平均からの乖離,True,業種,医薬品,3d,3営業日,3,3,1,-0.0697435897435897,-0.0697435897435897,0.0,サンプル不足,-0.22530028635117794
v7,distance_ma60,60日移動平均乖離,終値の60日移動平均からの乖離,True,業種,医薬品,3d,3営業日,4,3,2,-0.01935673752639819,-0.01935673752639819,0.5,サンプル不足,-0.22530028635117794
v7,distance_ma60,60日移動平均乖離,終値の60日移動平均からの乖離,True,業種,医薬品,3d,3営業日,5,3,3,-0.2426728970160413,-0.2448979591836735,0.0,サンプル不足,-0.22530028635117794
v7,distance_ma60,60日移動平均乖離,終値の60日移動平均からの乖離,True,業種,医薬品,5d,5営業日,1,14,14,-0.014588658139413482,-0.004909225639125603,0.42857142857142855,サンプル不足,-0.240045682819407
v7,distance_ma60,60日移動平均乖離,終値の60日移動平均からの乖離,True,業種,医薬品,5d,5営業日,2,12,12,-0.025012109307224445,-0.04825991501384386,0.3333333333333333,サンプル不足,-0.240045682819407
v7,distance_ma60,60日移動平均乖離,終値の60日移動平均からの乖離,True,業種,医薬品,5d,5営業日,3,3,1,-0.0478632478632479,-0.0478632478632479,0.0,サンプル不足,-0.240045682819407
v7,distance_ma60,60日移動平均乖離,終値の60日移動平均からの乖離,True,業種,医薬品,5d,5営業日,4,3,2,-0.0933499940620337,-0.0933499940620337,0.0,サンプル不足,-0.240045682819407
v7,distance_ma60,60日移動平均乖離,終値の60日移動平均からの乖離,True,業種,医薬品,5d,5営業日,5,3,3,-0.2546343409588205,-0.2755102040816326,0.0,サンプル不足,-0.240045682819407
v7,distance_ma60,60日移動平均乖離,終値の60日移動平均からの乖離,True,業種,卸売業,10d,10営業日,1,40,29,-0.01137172580669859,-0.010166734444896353,0.3793103448275862,サンプル不足,-0.0014980991915055034
v7,distance_ma60,60日移動平均乖離,終値の60日移動平均からの乖離,True,業種,卸売業,10d,10営業日,2,25,15,-0.0379392918013194,-0.0241379310344828,0.26666666666666666,サンプル不足,-0.0014980991915055034
v7,distance_ma60,60日移動平均乖離,終値の60日移動平均からの乖離,True,業種,卸売業,10d,10営業日,3,34,21,0.005648596737580987,-0.006467259498787348,0.42857142857142855,サンプル不足,-0.0014980991915055034
v7,distance_ma60,60日移動平均乖離,終値の60日移動平均からの乖離,True,業種,卸売業,10d,10営業日,4,40,21,0.03296244146969566,0.0427777777777778,0.7142857142857143,サンプル不足,-0.0014980991915055034
v7,distance_ma60,60日移動平均乖離,終値の60日移動平均からの乖離,True,業種,卸売業,10d,10営業日,5,57,23,-0.012869824998204094,-0.016941789748045166,0.4782608695652174,サンプル不足,-0.0014980991915055034
v7,distance_ma60,60日移動平均乖離,終値の60日移動平均からの乖離,True,業種,卸売業,1d,1営業日,1,40,39,0.0020345057338621345,0.0,0.48717948717948717,評価可能,0.014463746002981266
v7,distance_ma60,60日移動平均乖離,終値の60日移動平均からの乖離,True,業種,卸売業,1d,1営業日,2,25,23,-0.00830331987565585,-0.0157526254375729,0.21739130434782608,サンプル不足,0.014463746002981266
v7,distance_ma60,60日移動平均乖離,終値の60日移動平均からの乖離,True,業種,卸売業,1d,1営業日,3,34,32,0.006228294694923064,0.0024406063161269698,0.53125,評価可能,0.014463746002981266
v7,distance_ma60,60日移動平均乖離,終値の60日移動平均からの乖離,True,業種,卸売業,1d,1営業日,4,40,37,0.004664106709976014,0.0046224961479199855,0.5675675675675675,評価可能,0.014463746002981266
v7,distance_ma60,60日移動平均乖離,終値の60日移動平均からの乖離,True,業種,卸売業,1d,1営業日,5,57,53,0.0164982517368434,0.010163499779054286,0.5471698113207547,評価可能,0.014463746002981266
v7,distance_ma60,60日移動平均乖離,終値の60日移動平均からの乖離,True,業種,卸売業,3d,3営業日,1,40,38,0.0015771037289866645,-0.0020330621901910907,0.42105263157894735,評価可能,0.01147225758544419
v7,distance_ma60,60日移動平均乖離,終値の60日移動平均からの乖離,True,業種,卸売業,3d,3営業日,2,25,20,-0.01899079163510387,-0.0077863077029729,0.4,サンプル不足,0.01147225758544419
v7,distance_ma60,60日移動平均乖離,終値の60日移動平均からの乖離,True,業種,卸売業,3d,3営業日,3,34,28,-0.004299443158377376,-0.012540528744232449,0.42857142857142855,サンプル不足,0.01147225758544419
v7,distance_ma60,60日移動平均乖離,終値の60日移動平均からの乖離,True,業種,卸売業,3d,3営業日,4,40,33,0.009633253563327303,0.00374999999999992,0.5757575757575758,評価可能,0.01147225758544419
v7,distance_ma60,60日移動平均乖離,終値の60日移動平均からの乖離,True,業種,卸売業,3d,3営業日,5,57,47,0.013049361314430854,-0.00738488271068638,0.46808510638297873,評価可能,0.01147225758544419
v7,distance_ma60,60日移動平均乖離,終値の60日移動平均からの乖離,True,業種,卸売業,5d,5営業日,1,40,35,0.0038732417024920853,-0.0003731343283581,0.4857142857142857,評価可能,0.0042526827697356735
v7,distance_ma60,60日移動平均乖離,終値の60日移動平均からの乖離,True,業種,卸売業,5d,5営業日,2,25,17,-0.013042897446160266,-0.0137931034482758,0.29411764705882354,サンプル不足,0.0042526827697356735
v7,distance_ma60,60日移動平均乖離,終値の60日移動平均からの乖離,True,業種,卸売業,5d,5営業日,3,34,26,0.002168105611494179,-0.007722729944952156,0.34615384615384615,サンプル不足,0.0042526827697356735
v7,distance_ma60,60日移動平均乖離,終値の60日移動平均からの乖離,True,業種,卸売業,5d,5営業日,4,40,27,0.0002837751107277855,0.003141361256544517,0.5185185185185185,サンプル不足,0.0042526827697356735
v7,distance_ma60,60日移動平均乖離,終値の60日移動平均からの乖離,True,業種,卸売業,5d,5営業日,5,57,38,0.008125924472227758,0.008157081450013592,0.5526315789473685,評価可能,0.0042526827697356735
v7,distance_ma60,60日移動平均乖離,終値の60日移動平均からの乖離,True,業種,小売業,10d,10営業日,1,42,32,0.03203944704375042,0.0186806532070166,0.65625,評価可能,-0.030999291790995163
v7,distance_ma60,60日移動平均乖離,終値の60日移動平均からの乖離,True,業種,小売業,10d,10営業日,2,39,31,0.039591948221540996,0.031648983995684166,0.7096774193548387,評価可能,-0.030999291790995163
v7,distance_ma60,60日移動平均乖離,終値の60日移動平均からの乖離,True,業種,小売業,10d,10営業日,3,49,37,0.0013335051323737342,-0.004567307692307732,0.43243243243243246,評価可能,-0.030999291790995163
v7,distance_ma60,60日移動平均乖離,終値の60日移動平均からの乖離,True,業種,小売業,10d,10営業日,4,60,48,-0.0024428962504976395,-0.00210056681303455,0.4791666666666667,評価可能,-0.030999291790995163
v7,distance_ma60,60日移動平均乖離,終値の60日移動平均からの乖離,True,業種,小売業,10d,10営業日,5,33,19,0.001040155252755254,-0.0087509944311853,0.47368421052631576,サンプル不足,-0.030999291790995163
v7,distance_ma60,60日移動平均乖離,終値の60日移動平均からの乖離,True,業種,小売業,1d,1営業日,1,42,42,0.0006952117519599418,-0.0018482010842779673,0.4523809523809524,評価可能,0.0008738290241307593
v7,distance_ma60,60日移動平均乖離,終値の60日移動平均からの乖離,True,業種,小売業,1d,1営業日,2,39,39,0.008128086332088806,0.0029940119760478,0.5384615384615384,評価可能,0.0008738290241307593
v7,distance_ma60,60日移動平均乖離,終値の60日移動平均からの乖離,True,業種,小売業,1d,1営業日,3,49,48,-0.005436196616905267,-0.004893752522871997,0.375,評価可能,0.0008738290241307593
v7,distance_ma60,60日移動平均乖離,終値の60日移動平均からの乖離,True,業種,小売業,1d,1営業日,4,60,58,0.002155178214783179,0.0,0.46551724137931033,評価可能,0.0008738290241307593
v7,distance_ma60,60日移動平均乖離,終値の60日移動平均からの乖離,True,業種,小売業,1d,1営業日,5,33,32,0.001569040776090701,-0.008804012679906714,0.375,評価可能,0.0008738290241307593
v7,distance_ma60,60日移動平均乖離,終値の60日移動平均からの乖離,True,業種,小売業,3d,3営業日,1,42,40,0.0076804540385896295,0.0008910671853943244,0.525,評価可能,0.0007521776914826764
v7,distance_ma60,60日移動平均乖離,終値の60日移動平均からの乖離,True,業種,小売業,3d,3営業日,2,39,36,0.011768792419493952,0.007031978755174584,0.5833333333333334,評価可能,0.0007521776914826764
v7,distance_ma60,60日移動平均乖離,終値の60日移動平均からの乖離,True,業種,小売業,3d,3営業日,3,49,48,-0.005094039683423856,-0.006713133259760917,0.4166666666666667,評価可能,0.0007521776914826764
v7,distance_ma60,60日移動平均乖離,終値の60日移動平均からの乖離,True,業種,小売業,3d,3営業日,4,60,58,0.003910366469876686,-0.004836237397430554,0.43103448275862066,評価可能,0.0007521776914826764
v7,distance_ma60,60日移動平均乖離,終値の60日移動平均からの乖離,True,業種,小売業,3d,3営業日,5,33,30,0.008432631730072306,0.009859609746427855,0.6,評価可能,0.0007521776914826764
v7,distance_ma60,60日移動平均乖離,終値の60日移動平均からの乖離,True,業種,小売業,5d,5営業日,1,42,37,0.01776833124329513,0.010556621880998,0.5675675675675675,評価可能,-0.01913401450169499
v7,distance_ma60,60日移動平均乖離,終値の60日移動平均からの乖離,True,業種,小売業,5d,5営業日,2,39,35,0.026515681890176033,0.019973947025618832,0.6285714285714286,評価可能,-0.01913401450169499
v7,distance_ma60,60日移動平均乖離,終値の60日移動平均からの乖離,True,業種,小売業,5d,5営業日,3,49,48,-0.010549294948387328,-0.004411275829703164,0.4583333333333333,評価可能,-0.01913401450169499
v7,distance_ma60,60日移動平均乖離,終値の60日移動平均からの乖離,True,業種,小売業,5d,5営業日,4,60,57,0.001694231973141125,-0.0005265929436545,0.45614035087719296,評価可能,-0.01913401450169499
v7,distance_ma60,60日移動平均乖離,終値の60日移動平均からの乖離,True,業種,小売業,5d,5営業日,5,33,29,-0.0013656832583998615,0.0,0.4827586206896552,サンプル不足,-0.01913401450169499
v7,distance_ma60,60日移動平均乖離,終値の60日移動平均からの乖離,True,業種,建設業,10d,10営業日,1,15,13,-0.02763500060455851,-0.027924528301886742,0.23076923076923078,サンプル不足,-0.08274940161495115
v7,distance_ma60,60日移動平均乖離,終値の60日移動平均からの乖離,True,業種,建設業,10d,10営業日,2,15,11,-0.04494174583887331,-0.041780821917808186,0.2727272727272727,サンプル不足,-0.08274940161495115
v7,distance_ma60,60日移動平均乖離,終値の60日移動平均からの乖離,True,業種,建設業,10d,10営業日,3,8,5,-0.007406033833665626,0.04228571428571426,0.6,サンプル不足,-0.08274940161495115
v7,distance_ma60,60日移動平均乖離,終値の60日移動平均からの乖離,True,業種,建設業,10d,10営業日,4,11,8,-0.09264811381959971,-0.08014255678011137,0.125,サンプル不足,-0.08274940161495115
v7,distance_ma60,60日移動平均乖離,終値の60日移動平均からの乖離,True,業種,建設業,10d,10営業日,5,10,8,-0.11038440221950965,-0.1019462045777835,0.0,サンプル不足,-0.08274940161495115
v7,distance_ma60,60日移動平均乖離,終値の60日移動平均からの乖離,True,業種,建設業,1d,1営業日,1,15,15,-0.011873531393006592,-0.0038961038961038,0.26666666666666666,サンプル不足,-0.028017640139093893
v7,distance_ma60,60日移動平均乖離,終値の60日移動平均からの乖離,True,業種,建設業,1d,1営業日,2,15,15,-0.019084676031461575,-0.0060714285714286,0.2,サンプル不足,-0.028017640139093893
v7,distance_ma60,60日移動平均乖離,終値の60日移動平均からの乖離,True,業種,建設業,1d,1営業日,3,8,8,0.01800168971714962,0.001808318264014508,0.5,サンプル不足,-0.028017640139093893
v7,distance_ma60,60日移動平均乖離,終値の60日移動平均からの乖離,True,業種,建設業,1d,1営業日,4,11,10,-0.03573411874316544,-0.03287624090006619,0.1,サンプル不足,-0.028017640139093893
v7,distance_ma60,60日移動平均乖離,終値の60日移動平均からの乖離,True,業種,建設業,1d,1営業日,5,10,10,-0.039891171532100485,-0.04378356144569599,0.1,サンプル不足,-0.028017640139093893
v7,distance_ma60,60日移動平均乖離,終値の60日移動平均からの乖離,True,業種,建設業,3d,3営業日,1,15,15,-0.02127827862196504,-0.0211946050096338,0.3333333333333333,サンプル不足,-0.023218183552013938
v7,distance_ma60,60日移動平均乖離,終値の60日移動平均からの乖離,True,業種,建設業,3d,3営業日,2,15,13,-0.02765579212110456,-0.0242683797287651,0.38461538461538464,サンプル不足,-0.023218183552013938
v7,distance_ma60,60日移動平均乖離,終値の60日移動平均からの乖離,True,業種,建設業,3d,3営業日,3,8,8,0.002729252490156278,0.007870129870129805,0.75,サンプル不足,-0.023218183552013938
v7,distance_ma60,60日移動平均乖離,終値の60日移動平均からの乖離,True,業種,建設業,3d,3営業日,4,11,9,-0.04715256597533657,-0.038181818181818206,0.0,サンプル不足,-0.023218183552013938
v7,distance_ma60,60日移動平均乖離,終値の60日移動平均からの乖離,True,業種,建設業,3d,3営業日,5,10,9,-0.04449646217397898,-0.0073710073710073,0.4444444444444444,サンプル不足,-0.023218183552013938
v7,distance_ma60,60日移動平均乖離,終値の60日移動平均からの乖離,True,業種,建設業,5d,5営業日,1,15,15,-0.012340951979663554,-0.015961341338409762,0.3333333333333333,サンプル不足,-0.038139430044870394
v7,distance_ma60,60日移動平均乖離,終値の60日移動平均からの乖離,True,業種,建設業,5d,5営業日,2,15,12,-0.04487308206991982,-0.03518939505050203,0.16666666666666666,サンプル不足,-0.038139430044870394
v7,distance_ma60,60日移動平均乖離,終値の60日移動平均からの乖離,True,業種,建設業,5d,5営業日,3,8,7,0.0067624568020833485,0.025142857142857133,0.7142857142857143,サンプル不足,-0.038139430044870394
v7,distance_ma60,60日移動平均乖離,終値の60日移動平均からの乖離,True,業種,建設業,5d,5営業日,4,11,8,-0.05971299797539034,-0.03422222222222221,0.125,サンプル不足,-0.038139430044870394
v7,distance_ma60,60日移動平均乖離,終値の60日移動平均からの乖離,True,業種,建設業,5d,5営業日,5,10,9,-0.05048038202453395,-0.014771556166265909,0.2222222222222222,サンプル不足,-0.038139430044870394
v7,distance_ma60,60日移動平均乖離,終値の60日移動平均からの乖離,True,業種,情報・通信業,10d,10営業日,1,95,72,0.03549475431190301,0.02589254224596471,0.7222222222222222,評価可能,-0.05690121126809286
v7,distance_ma60,60日移動平均乖離,終値の60日移動平均からの乖離,True,業種,情報・通信業,10d,10営業日,2,87,69,0.012890921291166417,0.0063424947145878,0.5362318840579711,評価可能,-0.05690121126809286
v7,distance_ma60,60日移動平均乖離,終値の60日移動平均からの乖離,True,業種,情報・通信業,10d,10営業日,3,82,58,0.011051612807040185,-0.00023667211167205013,0.5,評価可能,-0.05690121126809286
v7,distance_ma60,60日移動平均乖離,終値の60日移動平均からの乖離,True,業種,情報・通信業,10d,10営業日,4,107,72,0.01998336880615437,0.016519053130157113,0.5555555555555556,評価可能,-0.05690121126809286
v7,distance_ma60,60日移動平均乖離,終値の60日移動平均からの乖離,True,業種,情報・通信業,10d,10営業日,5,168,105,-0.021406456956189854,-0.03755868544600938,0.37142857142857144,評価可能,-0.05690121126809286
v7,distance_ma60,60日移動平均乖離,終値の60日移動平均からの乖離,True,業種,情報・通信業,1d,1営業日,1,95,95,-0.0011671608412195961,0.0004490619887114189,0.5052631578947369,評価可能,0.002343104007773488
v7,distance_ma60,60日移動平均乖離,終値の60日移動平均からの乖離,True,業種,情報・通信業,1d,1営業日,2,87,86,-0.0035517408639326744,-0.002363905913636037,0.4069767441860465,評価可能,0.002343104007773488
v7,distance_ma60,60日移動平均乖離,終値の60日移動平均からの乖離,True,業種,情報・通信業,1d,1営業日,3,82,79,0.005281340880982464,-0.001734104046242746,0.4430379746835443,評価可能,0.002343104007773488
v7,distance_ma60,60日移動平均乖離,終値の60日移動平均からの乖離,True,業種,情報・通信業,1d,1営業日,4,107,104,0.0014549284138529312,0.0,0.49038461538461536,評価可能,0.002343104007773488
v7,distance_ma60,60日移動平均乖離,終値の60日移動平均からの乖離,True,業種,情報・通信業,1d,1営業日,5,168,163,0.0011759431665538916,-0.0061403508771930015,0.4049079754601227,評価可能,0.002343104007773488
v7,distance_ma60,60日移動平均乖離,終値の60日移動平均からの乖離,True,業種,情報・通信業,3d,3営業日,1,95,92,0.006818575971940528,0.002556716466490916,0.5434782608695652,評価可能,-0.018191849142867096
v7,distance_ma60,60日移動平均乖離,終値の60日移動平均からの乖離,True,業種,情報・通信業,3d,3営業日,2,87,83,0.0003724829016726277,-0.0051546391752577,0.4578313253012048,評価可能,-0.018191849142867096
v7,distance_ma60,60日移動平均乖離,終値の60日移動平均からの乖離,True,業種,情報・通信業,3d,3営業日,3,82,76,0.002747845523940583,0.0,0.4868421052631579,評価可能,-0.018191849142867096
v7,distance_ma60,60日移動平均乖離,終値の60日移動平均からの乖離,True,業種,情報・通信業,3d,3営業日,4,107,99,0.003072252073801097,0.001930501930502,0.5151515151515151,評価可能,-0.018191849142867096
v7,distance_ma60,60日移動平均乖離,終値の60日移動平均からの乖離,True,業種,情報・通信業,3d,3営業日,5,168,151,-0.011373273170926568,-0.02865761689291102,0.36423841059602646,評価可能,-0.018191849142867096
v7,distance_ma60,60日移動平均乖離,終値の60日移動平均からの乖離,True,業種,情報・通信業,5d,5営業日,1,95,88,0.019039306904328493,0.00813275038741823,0.6477272727272727,評価可能,-0.04009952973851874
v7,distance_ma60,60日移動平均乖離,終値の60日移動平均からの乖離,True,業種,情報・通信業,5d,5営業日,2,87,79,0.008155683333148185,-0.0005132591958939559,0.4810126582278481,評価可能,-0.04009952973851874
v7,distance_ma60,60日移動平均乖離,終値の60日移動平均からの乖離,True,業種,情報・通信業,5d,5営業日,3,82,73,0.007815796153844102,-0.0040816326530612,0.4520547945205479,評価可能,-0.04009952973851874
v7,distance_ma60,60日移動平均乖離,終値の60日移動平均からの乖離,True,業種,情報・通信業,5d,5営業日,4,107,90,-0.0023647098781257696,-0.007724738202094311,0.43333333333333335,評価可能,-0.04009952973851874
v7,distance_ma60,60日移動平均乖離,終値の60日移動平均からの乖離,True,業種,情報・通信業,5d,5営業日,5,168,136,-0.021060222834190245,-0.0266364406310321,0.375,評価可能,-0.04009952973851874
v7,distance_ma60,60日移動平均乖離,終値の60日移動平均からの乖離,True,業種,機械,10d,10営業日,1,36,26,-0.030196170495886243,-0.02007083937077965,0.23076923076923078,サンプル不足,-0.07968202000603342
v7,distance_ma60,60日移動平均乖離,終値の60日移動平均からの乖離,True,業種,機械,10d,10営業日,2,37,28,-0.056911446195602074,-0.07025466814072223,0.17857142857142858,サンプル不足,-0.07968202000603342
v7,distance_ma60,60日移動平均乖離,終値の60日移動平均からの乖離,True,業種,機械,10d,10営業日,3,44,33,-0.09078363184191685,-0.07085472893771216,0.09090909090909091,評価可能,-0.07968202000603342
v7,distance_ma60,60日移動平均乖離,終値の60日移動平均からの乖離,True,業種,機械,10d,10営業日,4,41,36,-0.09483597299979518,-0.08771453636822879,0.05555555555555555,評価可能,-0.07968202000603342
v7,distance_ma60,60日移動平均乖離,終値の60日移動平均からの乖離,True,業種,機械,10d,10営業日,5,47,37,-0.10987819050191966,-0.1076115485564304,0.2972972972972973,評価可能,-0.07968202000603342
v7,distance_ma60,60日移動平均乖離,終値の60日移動平均からの乖離,True,業種,機械,1d,1営業日,1,36,32,-0.003836022194504105,-0.003482451149225907,0.375,評価可能,0.002816450759048948
v7,distance_ma60,60日移動平均乖離,終値の60日移動平均からの乖離,True,業種,機械,1d,1営業日,2,37,37,-0.011420731605650217,-0.0125932835820895,0.35135135135135137,評価可能,0.002816450759048948
v7,distance_ma60,60日移動平均乖離,終値の60日移動平均からの乖離,True,業種,機械,1d,1営業日,3,44,44,-0.0036724786564429346,0.0003700520460297146,0.5,評価可能,0.002816450759048948
v7,distance_ma60,60日移動平均乖離,終値の60日移動平均からの乖離,True,業種,機械,1d,1営業日,4,41,40,-0.01441286004978988,-0.009726540335545208,0.35,評価可能,0.002816450759048948
v7,distance_ma60,60日移動平均乖離,終値の60日移動平均からの乖離,True,業種,機械,1d,1営業日,5,47,46,-0.0010195714354551567,-0.008141523195633445,0.4782608695652174,評価可能,0.002816450759048948
v7,distance_ma60,60日移動平均乖離,終値の60日移動平均からの乖離,True,業種,機械,3d,3営業日,1,36,30,-0.03325238424829949,-0.018718430675067715,0.23333333333333334,評価可能,0.017546640729439594
v7,distance_ma60,60日移動平均乖離,終値の60日移動平均からの乖離,True,業種,機械,3d,3営業日,2,37,34,-0.021338835064603018,-0.021983707012495517,0.23529411764705882,評価可能,0.017546640729439594
v7,distance_ma60,60日移動平均乖離,終値の60日移動平均からの乖離,True,業種,機械,3d,3営業日,3,44,39,-0.037088632860772436,-0.04283533253451588,0.2564102564102564,評価可能,0.017546640729439594
v7,distance_ma60,60日移動平均乖離,終値の60日移動平均からの乖離,True,業種,機械,3d,3営業日,4,41,39,-0.02691385805710591,-0.0353969522456196,0.3076923076923077,評価可能,0.017546640729439594
v7,distance_ma60,60日移動平均乖離,終値の60日移動平均からの乖離,True,業種,機械,3d,3営業日,5,47,45,-0.015705743518859894,-0.0005454545454545157,0.4444444444444444,評価可能,0.017546640729439594
v7,distance_ma60,60日移動平均乖離,終値の60日移動平均からの乖離,True,業種,機械,5d,5営業日,1,36,27,-0.044387789966627476,-0.03026315789473688,0.2222222222222222,サンプル不足,-0.0060651756249205865
v7,distance_ma60,60日移動平均乖離,終値の60日移動平均からの乖離,True,業種,機械,5d,5営業日,2,37,32,-0.035235792158872535,-0.03634292321294974,0.25,評価可能,-0.0060651756249205865
v7,distance_ma60,60日移動平均乖離,終値の60日移動平均からの乖離,True,業種,機械,5d,5営業日,3,44,36,-0.06079007504998393,-0.05561097625954653,0.16666666666666666,評価可能,-0.0060651756249205865
v7,distance_ma60,60日移動平均乖離,終値の60日移動平均からの乖離,True,業種,機械,5d,5営業日,4,41,38,-0.06032136336661847,-0.06106175175276207,0.23684210526315788,評価可能,-0.0060651756249205865
v7,distance_ma60,60日移動平均乖離,終値の60日移動平均からの乖離,True,業種,機械,5d,5営業日,5,47,44,-0.05045296559154806,-0.0349481758364175,0.36363636363636365,評価可能,-0.0060651756249205865
v7,distance_ma60,60日移動平均乖離,終値の60日移動平均からの乖離,True,業種,海運業,10d,10営業日,1,9,4,0.0637514125257253,0.05319834801185708,1.0,サンプル不足,0.02872170575384464
v7,distance_ma60,60日移動平均乖離,終値の60日移動平均からの乖離,True,業種,海運業,10d,10営業日,2,8,6,0.025381426121205624,0.02294252453598189,0.8333333333333334,サンプル不足,0.02872170575384464
v7,distance_ma60,60日移動平均乖離,終値の60日移動平均からの乖離,True,業種,海運業,10d,10営業日,3,2,0,,,,サンプル不足,0.02872170575384464
v7,distance_ma60,60日移動平均乖離,終値の60日移動平均からの乖離,True,業種,海運業,10d,10営業日,4,1,1,0.09247311827956994,0.09247311827956994,1.0,サンプル不足,0.02872170575384464
v7,distance_ma60,60日移動平均乖離,終値の60日移動平均からの乖離,True,業種,海運業,10d,10営業日,5,2,0,,,,サンプル不足,0.02872170575384464
v7,distance_ma60,60日移動平均乖離,終値の60日移動平均からの乖離,True,業種,海運業,1d,1営業日,1,9,8,0.013512869510275402,0.015372696108546524,0.875,サンプル不足,0.03212887733199295
v7,distance_ma60,60日移動平均乖離,終値の60日移動平均からの乖離,True,業種,海運業,1d,1営業日,2,8,8,0.006048321020358169,0.007732446850161834,0.75,サンプル不足,0.03212887733199295
v7,distance_ma60,60日移動平均乖離,終値の60日移動平均からの乖離,True,業種,海運業,1d,1営業日,3,2,2,-0.022776439877199073,-0.022776439877199073,0.5,サンプル不足,0.03212887733199295
v7,distance_ma60,60日移動平均乖離,終値の60日移動平均からの乖離,True,業種,海運業,1d,1営業日,4,1,1,0.006451612903225712,0.006451612903225712,1.0,サンプル不足,0.03212887733199295
v7,distance_ma60,60日移動平均乖離,終値の60日移動平均からの乖離,True,業種,海運業,1d,1営業日,5,2,2,0.04564174684226835,0.04564174684226835,0.5,サンプル不足,0.03212887733199295
v7,distance_ma60,60日移動平均乖離,終値の60日移動平均からの乖離,True,業種,海運業,3d,3営業日,1,9,6,0.031046329919293274,0.02713001464375353,1.0,サンプル不足,0.017563020748870246
v7,distance_ma60,60日移動平均乖離,終値の60日移動平均からの乖離,True,業種,海運業,3d,3営業日,2,8,8,0.017709437369388487,0.018913108274476786,1.0,サンプル不足,0.017563020748870246
v7,distance_ma60,60日移動平均乖離,終値の60日移動平均からの乖離,True,業種,海運業,3d,3営業日,3,2,2,-0.025169065696024895,-0.025169065696024895,0.0,サンプル不足,0.017563020748870246
v7,distance_ma60,60日移動平均乖離,終値の60日移動平均からの乖離,True,業種,海運業,3d,3営業日,4,1,1,0.011290322580645107,0.011290322580645107,1.0,サンプル不足,0.017563020748870246
v7,distance_ma60,60日移動平均乖離,終値の60日移動平均からの乖離,True,業種,海運業,3d,3営業日,5,2,2,0.04860935066816352,0.04860935066816352,1.0,サンプル不足,0.017563020748870246
v7,distance_ma60,60日移動平均乖離,終値の60日移動平均からの乖離,True,業種,海運業,5d,5営業日,1,9,4,0.0350239796479504,0.03446805264177866,1.0,サンプル不足,0.06036386102290908
v7,distance_ma60,60日移動平均乖離,終値の60日移動平均からの乖離,True,業種,海運業,5d,5営業日,2,8,7,0.021490052292081657,0.02381818181818174,0.8571428571428571,サンプル不足,0.06036386102290908
v7,distance_ma60,60日移動平均乖離,終値の60日移動平均からの乖離,True,業種,海運業,5d,5営業日,3,2,1,0.0017543859649122862,0.0017543859649122862,1.0,サンプル不足,0.06036386102290908
v7,distance_ma60,60日移動平均乖離,終値の60日移動平均からの乖離,True,業種,海運業,5d,5営業日,4,1,1,0.03010752688172036,0.03010752688172036,1.0,サンプル不足,0.06036386102290908
v7,distance_ma60,60日移動平均乖離,終値の60日移動平均からの乖離,True,業種,海運業,5d,5営業日,5,2,1,0.09538784067085948,0.09538784067085948,1.0,サンプル不足,0.06036386102290908
v7,distance_ma60,60日移動平均乖離,終値の60日移動平均からの乖離,True,業種,石油・石炭製品,10d,10営業日,1,5,4,-0.030127865193286085,-0.018523862527655255,0.25,サンプル不足,-0.04401006584119661
v7,distance_ma60,60日移動平均乖離,終値の60日移動平均からの乖離,True,業種,石油・石炭製品,10d,10営業日,2,1,1,0.0807174887892376,0.0807174887892376,1.0,サンプル不足,-0.04401006584119661
v7,distance_ma60,60日移動平均乖離,終値の60日移動平均からの乖離,True,業種,石油・石炭製品,10d,10営業日,4,1,1,-0.0037593984962406,-0.0037593984962406,0.0,サンプル不足,-0.04401006584119661
v7,distance_ma60,60日移動平均乖離,終値の60日移動平均からの乖離,True,業種,石油・石炭製品,10d,10営業日,5,1,1,-0.0741379310344827,-0.0741379310344827,0.0,サンプル不足,-0.04401006584119661
v7,distance_ma60,60日移動平均乖離,終値の60日移動平均からの乖離,True,業種,石油・石炭製品,1d,1営業日,1,5,5,-0.0383599779685293,-0.01462317210348707,0.2,サンプル不足,-0.0443986427211259
v7,distance_ma60,60日移動平均乖離,終値の60日移動平均からの乖離,True,業種,石油・石炭製品,1d,1営業日,2,1,1,-0.0323866467364225,-0.0323866467364225,0.0,サンプル不足,-0.0443986427211259
v7,distance_ma60,60日移動平均乖離,終値の60日移動平均からの乖離,True,業種,石油・石炭製品,1d,1営業日,4,1,1,0.019736842105263,0.019736842105263,1.0,サンプル不足,-0.0443986427211259
v7,distance_ma60,60日移動平均乖離,終値の60日移動平均からの乖離,True,業種,石油・石炭製品,1d,1営業日,5,1,1,-0.0827586206896552,-0.0827586206896552,0.0,サンプル不足,-0.0443986427211259
v7,distance_ma60,60日移動平均乖離,終値の60日移動平均からの乖離,True,業種,石油・石炭製品,3d,3営業日,1,5,5,-0.04220229556644085,-0.03066566940912485,0.0,サンプル不足,-0.022883911330110848
v7,distance_ma60,60日移動平均乖離,終値の60日移動平均からの乖離,True,業種,石油・石炭製品,3d,3営業日,2,1,1,-0.033383158943697,-0.033383158943697,0.0,サンプル不足,-0.022883911330110848
v7,distance_ma60,60日移動平均乖離,終値の60日移動平均からの乖離,True,業種,石油・石炭製品,3d,3営業日,4,1,1,-0.0300751879699248,-0.0300751879699248,0.0,サンプル不足,-0.022883911330110848
v7,distance_ma60,60日移動平均乖離,終値の60日移動平均からの乖離,True,業種,石油・石炭製品,3d,3営業日,5,1,1,-0.0650862068965517,-0.0650862068965517,0.0,サンプル不足,-0.022883911330110848
v7,distance_ma60,60日移動平均乖離,終値の60日移動平均からの乖離,True,業種,石油・石炭製品,5d,5営業日,1,5,5,-0.031520347075272556,-0.01687289088863897,0.4,サンプル不足,-0.07235896326955495
v7,distance_ma60,60日移動平均乖離,終値の60日移動平均からの乖離,True,業種,石油・石炭製品,5d,5営業日,2,1,1,-0.070254110612855,-0.070254110612855,0.0,サンプル不足,-0.07235896326955495
v7,distance_ma60,60日移動平均乖離,終値の60日移動平均からの乖離,True,業種,石油・石炭製品,5d,5営業日,4,1,1,0.0263157894736842,0.0263157894736842,1.0,サンプル不足,-0.07235896326955495
v7,distance_ma60,60日移動平均乖離,終値の60日移動平均からの乖離,True,業種,石油・石炭製品,5d,5営業日,5,1,1,-0.1038793103448275,-0.1038793103448275,0.0,サンプル不足,-0.07235896326955495
v7,distance_ma60,60日移動平均乖離,終値の60日移動平均からの乖離,True,業種,空運業,10d,10営業日,1,2,1,0.06007684247293055,0.06007684247293055,1.0,サンプル不足,-0.1275142220490384
v7,distance_ma60,60日移動平均乖離,終値の60日移動平均からの乖離,True,業種,空運業,10d,10営業日,2,1,1,-0.02740836847226724,-0.02740836847226724,0.0,サンプル不足,-0.1275142220490384
v7,distance_ma60,60日移動平均乖離,終値の60日移動平均からの乖離,True,業種,空運業,10d,10営業日,3,1,1,-0.03454001992693456,-0.03454001992693456,0.0,サンプル不足,-0.1275142220490384
v7,distance_ma60,60日移動平均乖離,終値の60日移動平均からの乖離,True,業種,空運業,10d,10営業日,4,1,1,-0.06743737957610785,-0.06743737957610785,0.0,サンプル不足,-0.1275142220490384
v7,distance_ma60,60日移動平均乖離,終値の60日移動平均からの乖離,True,業種,空運業,1d,1営業日,1,2,2,-0.008312415621556546,-0.008312415621556546,0.0,サンプル不足,0.002853199179681132
v7,distance_ma60,60日移動平均乖離,終値の60日移動平均からの乖離,True,業種,空運業,1d,1営業日,2,1,1,0.018488485241647812,0.018488485241647812,1.0,サンプル不足,0.002853199179681132
v7,distance_ma60,60日移動平均乖離,終値の60日移動平均からの乖離,True,業種,空運業,1d,1営業日,3,1,1,0.01295250747260046,0.01295250747260046,1.0,サンプル不足,0.002853199179681132
v7,distance_ma60,60日移動平均乖離,終値の60日移動平均からの乖離,True,業種,空運業,1d,1営業日,4,1,1,-0.005459216441875414,-0.005459216441875414,0.0,サンプル不足,0.002853199179681132
v7,distance_ma60,60日移動平均乖離,終値の60日移動平均からの乖離,True,業種,空運業,3d,3営業日,1,2,2,0.0039948869169613155,0.0039948869169613155,0.5,サンプル不足,-0.04590240136782836
v7,distance_ma60,60日移動平均乖離,終値の60日移動平均からの乖離,True,業種,空運業,3d,3営業日,2,1,1,0.02627311060655213,0.02627311060655213,1.0,サンプル不足,-0.04590240136782836
v7,distance_ma60,60日移動平均乖離,終値の60日移動平均からの乖離,True,業種,空運業,3d,3営業日,3,1,1,0.02856193955496522,0.02856193955496522,1.0,サンプル不足,-0.04590240136782836
v7,distance_ma60,60日移動平均乖離,終値の60日移動平均からの乖離,True,業種,空運業,3d,3営業日,4,1,1,-0.041907514450867045,-0.041907514450867045,0.0,サンプル不足,-0.04590240136782836
v7,distance_ma60,60日移動平均乖離,終値の60日移動平均からの乖離,True,業種,空運業,5d,5営業日,1,2,2,0.034053137468443406,0.034053137468443406,1.0,サンプル不足,-0.09715525692894433
v7,distance_ma60,60日移動平均乖離,終値の60日移動平均からの乖離,True,業種,空運業,5d,5営業日,2,1,1,-0.009730781706130398,-0.009730781706130398,0.0,サンプル不足,-0.09715525692894433
v7,distance_ma60,60日移動平均乖離,終値の60日移動平均からの乖離,True,業種,空運業,5d,5営業日,3,1,1,-0.009133178346064419,-0.009133178346064419,0.0,サンプル不足,-0.09715525692894433
v7,distance_ma60,60日移動平均乖離,終値の60日移動平均からの乖離,True,業種,空運業,5d,5営業日,4,1,1,-0.06310211946050093,-0.06310211946050093,0.0,サンプル不足,-0.09715525692894433
v7,distance_ma60,60日移動平均乖離,終値の60日移動平均からの乖離,True,業種,精密機器,10d,10営業日,1,14,7,-0.10219091466808575,-0.1364815718094302,0.14285714285714285,サンプル不足,-0.001864299912288328
v7,distance_ma60,60日移動平均乖離,終値の60日移動平均からの乖離,True,業種,精密機器,10d,10営業日,2,11,8,0.041024751325020675,-0.023513204058215498,0.375,サンプル不足,-0.001864299912288328
v7,distance_ma60,60日移動平均乖離,終値の60日移動平均からの乖離,True,業種,精密機器,10d,10営業日,3,11,8,-0.08986814650122729,-0.08967387655912246,0.125,サンプル不足,-0.001864299912288328
v7,distance_ma60,60日移動平均乖離,終値の60日移動平均からの乖離,True,業種,精密機器,10d,10営業日,4,9,2,0.041134503997891925,0.041134503997891925,0.5,サンプル不足,-0.001864299912288328
v7,distance_ma60,60日移動平均乖離,終値の60日移動平均からの乖離,True,業種,精密機器,10d,10営業日,5,17,13,-0.10405521458037408,-0.08906882591093113,0.07692307692307693,サンプル不足,-0.001864299912288328
v7,distance_ma60,60日移動平均乖離,終値の60日移動平均からの乖離,True,業種,精密機器,1d,1営業日,1,14,12,0.005772141244149245,0.000952931606415075,0.5,サンプル不足,-0.0002384055433951324
v7,distance_ma60,60日移動平均乖離,終値の60日移動平均からの乖離,True,業種,精密機器,1d,1営業日,2,11,10,-0.0077462921556259775,0.00023888076269179548,0.5,サンプル不足,-0.0002384055433951324
v7,distance_ma60,60日移動平均乖離,終値の60日移動平均からの乖離,True,業種,精密機器,1d,1営業日,3,11,10,-0.006781614916168938,-0.008919395334920449,0.3,サンプル不足,-0.0002384055433951324
v7,distance_ma60,60日移動平均乖離,終値の60日移動平均からの乖離,True,業種,精密機器,1d,1営業日,4,9,9,0.0552722865472207,0.04460093896713624,0.8888888888888888,サンプル不足,-0.0002384055433951324
v7,distance_ma60,60日移動平均乖離,終値の60日移動平均からの乖離,True,業種,精密機器,1d,1営業日,5,17,16,0.005533735700754112,-0.0015991471215351938,0.4375,サンプル不足,-0.0002384055433951324
v7,distance_ma60,60日移動平均乖離,終値の60日移動平均からの乖離,True,業種,精密機器,3d,3営業日,1,14,11,-0.01872721791798119,-0.01764446404940445,0.18181818181818182,サンプル不足,0.023742685243849516
v7,distance_ma60,60日移動平均乖離,終値の60日移動平均からの乖離,True,業種,精密機器,3d,3営業日,2,11,10,-0.013332397317185773,-0.0013722973310500985,0.5,サンプル不足,0.023742685243849516
v7,distance_ma60,60日移動平均乖離,終値の60日移動平均からの乖離,True,業種,精密機器,3d,3営業日,3,11,10,-0.027250739527840316,-0.02505013707199503,0.2,サンプル不足,0.023742685243849516
v7,distance_ma60,60日移動平均乖離,終値の60日移動平均からの乖離,True,業種,精密機器,3d,3営業日,4,9,9,0.07613006418196647,0.08753315649867366,0.7777777777777778,サンプル不足,0.023742685243849516
v7,distance_ma60,60日移動平均乖離,終値の60日移動平均からの乖離,True,業種,精密機器,3d,3営業日,5,17,15,0.005015467325868328,-0.009065550906555142,0.4,サンプル不足,0.023742685243849516
v7,distance_ma60,60日移動平均乖離,終値の60日移動平均からの乖離,True,業種,精密機器,5d,5営業日,1,14,10,-0.022793846863281675,-0.013548807366335971,0.5,サンプル不足,0.022722678855989997
v7,distance_ma60,60日移動平均乖離,終値の60日移動平均からの乖離,True,業種,精密機器,5d,5営業日,2,11,9,0.013610174303750753,0.023468379446640375,0.5555555555555556,サンプル不足,0.022722678855989997
v7,distance_ma60,60日移動平均乖離,終値の60日移動平均からの乖離,True,業種,精密機器,5d,5営業日,3,11,8,-0.08319462198047023,-0.0898936170212766,0.0,サンプル不足,0.022722678855989997
v7,distance_ma60,60日移動平均乖離,終値の60日移動平均からの乖離,True,業種,精密機器,5d,5営業日,4,9,7,0.13548111926293077,0.15491183879093207,0.8571428571428571,サンプル不足,0.022722678855989997
v7,distance_ma60,60日移動平均乖離,終値の60日移動平均からの乖離,True,業種,精密機器,5d,5営業日,5,17,14,-7.11680072916776e-05,0.012852959600973879,0.5714285714285714,サンプル不足,0.022722678855989997
v7,distance_ma60,60日移動平均乖離,終値の60日移動平均からの乖離,True,業種,繊維製品,10d,10営業日,1,4,3,0.01551584870240856,0.011105235325224783,1.0,サンプル不足,0.02530420670228313
v7,distance_ma60,60日移動平均乖離,終値の60日移動平均からの乖離,True,業種,繊維製品,10d,10営業日,2,8,7,-0.005858773577765129,-0.0153291253381424,0.42857142857142855,サンプル不足,0.02530420670228313
v7,distance_ma60,60日移動平均乖離,終値の60日移動平均からの乖離,True,業種,繊維製品,10d,10営業日,3,3,1,-0.03791821561338293,-0.03791821561338293,0.0,サンプル不足,0.02530420670228313
v7,distance_ma60,60日移動平均乖離,終値の60日移動平均からの乖離,True,業種,繊維製品,10d,10営業日,4,3,2,0.04082005540469169,0.04082005540469169,0.5,サンプル不足,0.02530420670228313
v7,distance_ma60,60日移動平均乖離,終値の60日移動平均からの乖離,True,業種,繊維製品,1d,1営業日,1,4,4,-0.007943551248071043,-0.007687112375210644,0.25,サンプル不足,0.02581281524987446
v7,distance_ma60,60日移動平均乖離,終値の60日移動平均からの乖離,True,業種,繊維製品,1d,1営業日,2,8,8,0.006626731013894733,-0.0012158123668433163,0.5,サンプル不足,0.02581281524987446
v7,distance_ma60,60日移動平均乖離,終値の60日移動平均からの乖離,True,業種,繊維製品,1d,1営業日,3,3,2,0.022097861488047377,0.022097861488047377,1.0,サンプル不足,0.02581281524987446
v7,distance_ma60,60日移動平均乖離,終値の60日移動平均からの乖離,True,業種,繊維製品,1d,1営業日,4,3,3,0.017869264001803418,0.01365313653136524,1.0,サンプル不足,0.02581281524987446
v7,distance_ma60,60日移動平均乖離,終値の60日移動平均からの乖離,True,業種,繊維製品,3d,3営業日,1,4,4,0.009725387521392443,0.011383937547032059,0.5,サンプル不足,0.01683032509465427
v7,distance_ma60,60日移動平均乖離,終値の60日移動平均からの乖離,True,業種,繊維製品,3d,3営業日,2,8,8,0.007422037018239061,0.0029672805346396824,0.5,サンプル不足,0.01683032509465427
v7,distance_ma60,60日移動平均乖離,終値の60日移動平均からの乖離,True,業種,繊維製品,3d,3営業日,3,3,1,0.008921933085501932,0.008921933085501932,1.0,サンプル不足,0.01683032509465427
v7,distance_ma60,60日移動平均乖離,終値の60日移動平均からの乖離,True,業種,繊維製品,3d,3営業日,4,3,2,0.026555712616046716,0.026555712616046716,1.0,サンプル不足,0.01683032509465427
v7,distance_ma60,60日移動平均乖離,終値の60日移動平均からの乖離,True,業種,繊維製品,5d,5営業日,1,4,4,0.012974890099145809,0.02137284092863915,0.75,サンプル不足,0.00935928534267896
v7,distance_ma60,60日移動平均乖離,終値の60日移動平均からの乖離,True,業種,繊維製品,5d,5営業日,2,8,8,0.006206447592133411,0.00367286559594247,0.625,サンプル不足,0.00935928534267896
v7,distance_ma60,60日移動平均乖離,終値の60日移動平均からの乖離,True,業種,繊維製品,5d,5営業日,3,3,1,-0.015613382899628214,-0.015613382899628214,0.0,サンプル不足,0.00935928534267896
v7,distance_ma60,60日移動平均乖離,終値の60日移動平均からの乖離,True,業種,繊維製品,5d,5営業日,4,3,2,0.02233417544182477,0.02233417544182477,1.0,サンプル不足,0.00935928534267896
v7,distance_ma60,60日移動平均乖離,終値の60日移動平均からの乖離,True,業種,証券、商品先物取引業,10d,10営業日,1,22,20,0.07459089013713077,0.08812461518774317,0.9,サンプル不足,-0.07749204674982631
v7,distance_ma60,60日移動平均乖離,終値の60日移動平均からの乖離,True,業種,証券、商品先物取引業,10d,10営業日,2,17,11,0.06362399865041783,0.06476510067114094,0.8181818181818182,サンプル不足,-0.07749204674982631
v7,distance_ma60,60日移動平均乖離,終値の60日移動平均からの乖離,True,業種,証券、商品先物取引業,10d,10営業日,3,24,16,0.030743697804864377,0.045569210070797506,0.75,サンプル不足,-0.07749204674982631
v7,distance_ma60,60日移動平均乖離,終値の60日移動平均からの乖離,True,業種,証券、商品先物取引業,10d,10営業日,4,22,19,-0.009056141042867212,-0.02248995983935742,0.42105263157894735,サンプル不足,-0.07749204674982631
v7,distance_ma60,60日移動平均乖離,終値の60日移動平均からの乖離,True,業種,証券、商品先物取引業,10d,10営業日,5,8,8,-0.002901156612695529,-0.014282005836332,0.375,サンプル不足,-0.07749204674982631
v7,distance_ma60,60日移動平均乖離,終値の60日移動平均からの乖離,True,業種,証券、商品先物取引業,1d,1営業日,1,22,22,-0.0005194636763405145,-0.0025330903912205638,0.45454545454545453,サンプル不足,0.023447862095643063
v7,distance_ma60,60日移動平均乖離,終値の60日移動平均からの乖離,True,業種,証券、商品先物取引業,1d,1営業日,2,17,17,0.014151790758279862,0.01538461538461533,0.8235294117647058,サンプル不足,0.023447862095643063
v7,distance_ma60,60日移動平均乖離,終値の60日移動平均からの乖離,True,業種,証券、商品先物取引業,1d,1営業日,3,24,24,0.0022469000839391334,-0.0006920573706858391,0.4583333333333333,サンプル不足,0.023447862095643063
v7,distance_ma60,60日移動平均乖離,終値の60日移動平均からの乖離,True,業種,証券、商品先物取引業,1d,1営業日,4,22,22,-0.001550957701386932,0.00320765092041142,0.6363636363636364,サンプル不足,0.023447862095643063
v7,distance_ma60,60日移動平均乖離,終値の60日移動平均からの乖離,True,業種,証券、商品先物取引業,1d,1営業日,5,8,8,0.022928398419302547,0.014408358205130534,1.0,サンプル不足,0.023447862095643063
v7,distance_ma60,60日移動平均乖離,終値の60日移動平均からの乖離,True,業種,証券、商品先物取引業,3d,3営業日,1,22,22,0.010908150454080896,0.005214844724601431,0.6363636363636364,サンプル不足,-0.010414626483098367
v7,distance_ma60,60日移動平均乖離,終値の60日移動平均からの乖離,True,業種,証券、商品先物取引業,3d,3営業日,2,17,17,0.03077530799682496,0.03001982441234774,0.8823529411764706,サンプル不足,-0.010414626483098367
v7,distance_ma60,60日移動平均乖離,終値の60日移動平均からの乖離,True,業種,証券、商品先物取引業,3d,3営業日,3,24,23,0.005556972045975362,-0.001312335958005284,0.391304347826087,サンプル不足,-0.010414626483098367
v7,distance_ma60,60日移動平均乖離,終値の60日移動平均からの乖離,True,業種,証券、商品先物取引業,3d,3営業日,4,22,22,0.0065743145346826536,0.0028089345217769957,0.5454545454545454,サンプル不足,-0.010414626483098367
v7,distance_ma60,60日移動平均乖離,終値の60日移動平均からの乖離,True,業種,証券、商品先物取引業,3d,3営業日,5,8,8,0.0004935239709825292,0.0059079930258969515,0.625,サンプル不足,-0.010414626483098367
v7,distance_ma60,60日移動平均乖離,終値の60日移動平均からの乖離,True,業種,証券、商品先物取引業,5d,5営業日,1,22,22,0.024288333347363415,0.020481516061811547,0.6818181818181818,サンプル不足,-0.01828943397937844
v7,distance_ma60,60日移動平均乖離,終値の60日移動平均からの乖離,True,業種,証券、商品先物取引業,5d,5営業日,2,17,14,0.03937827660144145,0.03833806911045523,0.9285714285714286,サンプル不足,-0.01828943397937844
v7,distance_ma60,60日移動平均乖離,終値の60日移動平均からの乖離,True,業種,証券、商品先物取引業,5d,5営業日,3,24,22,0.009289121923799411,0.01231500112971895,0.5909090909090909,サンプル不足,-0.01828943397937844
v7,distance_ma60,60日移動平均乖離,終値の60日移動平均からの乖離,True,業種,証券、商品先物取引業,5d,5営業日,4,22,22,0.005255267205359041,0.002720815116286135,0.5,サンプル不足,-0.01828943397937844
v7,distance_ma60,60日移動平均乖離,終値の60日移動平均からの乖離,True,業種,証券、商品先物取引業,5d,5営業日,5,8,8,0.005998899367984974,0.0010080307846745498,0.5,サンプル不足,-0.01828943397937844
v7,distance_ma60,60日移動平均乖離,終値の60日移動平均からの乖離,True,業種,輸送用機器,10d,10営業日,1,34,23,0.07127301453892335,0.0383795309168444,0.5652173913043478,サンプル不足,-0.12366666403726229
v7,distance_ma60,60日移動平均乖離,終値の60日移動平均からの乖離,True,業種,輸送用機器,10d,10営業日,2,39,26,0.012191201521971947,0.009004423275006612,0.6153846153846154,サンプル不足,-0.12366666403726229
v7,distance_ma60,60日移動平均乖離,終値の60日移動平均からの乖離,True,業種,輸送用機器,10d,10営業日,3,26,16,-0.010410864406699874,-0.012551435102870212,0.3125,サンプル不足,-0.12366666403726229
v7,distance_ma60,60日移動平均乖離,終値の60日移動平均からの乖離,True,業種,輸送用機器,10d,10営業日,4,19,9,-0.08764914017106697,-0.1048218029350105,0.1111111111111111,サンプル不足,-0.12366666403726229
v7,distance_ma60,60日移動平均乖離,終値の60日移動平均からの乖離,True,業種,輸送用機器,10d,10営業日,5,8,4,-0.05239364949833894,-0.0865845382954481,0.25,サンプル不足,-0.12366666403726229
v7,distance_ma60,60日移動平均乖離,終値の60日移動平均からの乖離,True,業種,輸送用機器,1d,1営業日,1,34,34,0.010149970606643096,0.005750942615756999,0.5588235294117647,評価可能,0.010851902010383207
v7,distance_ma60,60日移動平均乖離,終値の60日移動平均からの乖離,True,業種,輸送用機器,1d,1営業日,2,39,37,-0.00455717042371468,-0.005836575875486361,0.32432432432432434,評価可能,0.010851902010383207
v7,distance_ma60,60日移動平均乖離,終値の60日移動平均からの乖離,True,業種,輸送用機器,1d,1営業日,3,26,26,0.0013214986453225154,0.0014769350327006325,0.5384615384615384,サンプル不足,0.010851902010383207
v7,distance_ma60,60日移動平均乖離,終値の60日移動平均からの乖離,True,業種,輸送用機器,1d,1営業日,4,19,19,-0.004522196040982916,-0.014890854410702703,0.3157894736842105,サンプル不足,0.010851902010383207
v7,distance_ma60,60日移動平均乖離,終値の60日移動平均からの乖離,True,業種,輸送用機器,1d,1営業日,5,8,7,0.021001872617026303,0.024144869215291687,0.8571428571428571,サンプル不足,0.010851902010383207
v7,distance_ma60,60日移動平均乖離,終値の60日移動平均からの乖離,True,業種,輸送用機器,3d,3営業日,1,34,33,0.013582329893537705,0.0106609808102344,0.6060606060606061,評価可能,0.02433463278839053
v7,distance_ma60,60日移動平均乖離,終値の60日移動平均からの乖離,True,業種,輸送用機器,3d,3営業日,2,39,36,-0.012072773819546086,-0.002821776123168196,0.4444444444444444,評価可能,0.02433463278839053
v7,distance_ma60,60日移動平均乖離,終値の60日移動平均からの乖離,True,業種,輸送用機器,3d,3営業日,3,26,25,0.0007102014429749826,-0.014131551458108182,0.44,サンプル不足,0.02433463278839053
v7,distance_ma60,60日移動平均乖離,終値の60日移動平均からの乖離,True,業種,輸送用機器,3d,3営業日,4,19,19,-0.040333696465372486,-0.04899665809862708,0.21052631578947367,サンプル不足,0.02433463278839053
v7,distance_ma60,60日移動平均乖離,終値の60日移動平均からの乖離,True,業種,輸送用機器,3d,3営業日,5,8,5,0.037916962681928235,0.03104477611940304,0.6,サンプル不足,0.02433463278839053
v7,distance_ma60,60日移動平均乖離,終値の60日移動平均からの乖離,True,業種,輸送用機器,5d,5営業日,1,34,32,0.01473081297793244,0.0007067564297560947,0.5,評価可能,-0.0047612688891245925
v7,distance_ma60,60日移動平均乖離,終値の60日移動平均からの乖離,True,業種,輸送用機器,5d,5営業日,2,39,35,0.002769185926074948,-0.0068399452804377425,0.4857142857142857,評価可能,-0.0047612688891245925
v7,distance_ma60,60日移動平均乖離,終値の60日移動平均からの乖離,True,業種,輸送用機器,5d,5営業日,3,26,23,0.014199529960319325,-0.02295285359801491,0.34782608695652173,サンプル不足,-0.0047612688891245925
v7,distance_ma60,60日移動平均乖離,終値の60日移動平均からの乖離,True,業種,輸送用機器,5d,5営業日,4,19,15,-0.06196921207551285,-0.07666745786850226,0.2,サンプル不足,-0.0047612688891245925
v7,distance_ma60,60日移動平均乖離,終値の60日移動平均からの乖離,True,業種,輸送用機器,5d,5営業日,5,8,4,0.009969544088807847,0.04152048697885524,0.75,サンプル不足,-0.0047612688891245925
v7,distance_ma60,60日移動平均乖離,終値の60日移動平均からの乖離,True,業種,金属製品,10d,10営業日,1,16,14,-0.015878043012020122,-0.02165663678004085,0.35714285714285715,サンプル不足,-0.1472772124458
v7,distance_ma60,60日移動平均乖離,終値の60日移動平均からの乖離,True,業種,金属製品,10d,10営業日,2,14,11,-0.025555725723594266,-0.0073982737361282,0.45454545454545453,サンプル不足,-0.1472772124458
v7,distance_ma60,60日移動平均乖離,終値の60日移動平均からの乖離,True,業種,金属製品,10d,10営業日,3,12,8,-0.023793604204243285,-0.05730778529980654,0.25,サンプル不足,-0.1472772124458
v7,distance_ma60,60日移動平均乖離,終値の60日移動平均からの乖離,True,業種,金属製品,10d,10営業日,4,17,16,0.012424920756070077,-0.044624952500630165,0.375,サンプル不足,-0.1472772124458
v7,distance_ma60,60日移動平均乖離,終値の60日移動平均からの乖離,True,業種,金属製品,10d,10営業日,5,35,33,-0.16315525545782011,-0.2012763868433971,0.18181818181818182,評価可能,-0.1472772124458
v7,distance_ma60,60日移動平均乖離,終値の60日移動平均からの乖離,True,業種,金属製品,1d,1営業日,1,16,16,0.0009280912723093754,0.0003021148036254,0.5,サンプル不足,-0.0021391624390920006
v7,distance_ma60,60日移動平均乖離,終値の60日移動平均からの乖離,True,業種,金属製品,1d,1営業日,2,14,14,0.0025963689023994724,-0.0015286120023796004,0.5,サンプル不足,-0.0021391624390920006
v7,distance_ma60,60日移動平均乖離,終値の60日移動平均からの乖離,True,業種,金属製品,1d,1営業日,3,12,11,-0.0038601387855852487,-0.0107991360691144,0.45454545454545453,サンプル不足,-0.0021391624390920006
v7,distance_ma60,60日移動平均乖離,終値の60日移動平均からの乖離,True,業種,金属製品,1d,1営業日,4,17,17,0.016893172632276875,0.00814075630252109,0.5294117647058824,サンプル不足,-0.0021391624390920006
v7,distance_ma60,60日移動平均乖離,終値の60日移動平均からの乖離,True,業種,金属製品,1d,1営業日,5,35,34,-0.0012110711667826252,-0.005419535380375484,0.4117647058823529,評価可能,-0.0021391624390920006
v7,distance_ma60,60日移動平均乖離,終値の60日移動平均からの乖離,True,業種,金属製品,3d,3営業日,1,16,15,0.003414472921704859,-0.0162504954419342,0.4,サンプル不足,-0.0400926034614467
v7,distance_ma60,60日移動平均乖離,終値の60日移動平均からの乖離,True,業種,金属製品,3d,3営業日,2,14,12,-0.0010460334818607308,-0.0094086219150552,0.4166666666666667,サンプル不足,-0.0400926034614467
v7,distance_ma60,60日移動平均乖離,終値の60日移動平均からの乖離,True,業種,金属製品,3d,3営業日,3,12,11,0.002983980108382,-0.015957446808510634,0.2727272727272727,サンプル不足,-0.0400926034614467
v7,distance_ma60,60日移動平均乖離,終値の60日移動平均からの乖離,True,業種,金属製品,3d,3営業日,4,17,17,0.058026226650241916,0.001033591731266048,0.5294117647058824,サンプル不足,-0.0400926034614467
v7,distance_ma60,60日移動平均乖離,終値の60日移動平均からの乖離,True,業種,金属製品,3d,3営業日,5,35,33,-0.03667813053974184,-0.04042988741044007,0.30303030303030304,評価可能,-0.0400926034614467
v7,distance_ma60,60日移動平均乖離,終値の60日移動平均からの乖離,True,業種,金属製品,5d,5営業日,1,16,15,-0.006230073883656332,-0.0036253776435045,0.4,サンプル不足,-0.07632353356533321
v7,distance_ma60,60日移動平均乖離,終値の60日移動平均からの乖離,True,業種,金属製品,5d,5営業日,2,14,11,-0.006988543541416153,0.0010106114199091,0.5454545454545454,サンプル不足,-0.07632353356533321
v7,distance_ma60,60日移動平均乖離,終値の60日移動平均からの乖離,True,業種,金属製品,5d,5営業日,3,12,11,-0.011042345341918648,-0.06367771280051981,0.2727272727272727,サンプル不足,-0.07632353356533321
v7,distance_ma60,60日移動平均乖離,終値の60日移動平均からの乖離,True,業種,金属製品,5d,5営業日,4,17,16,0.06438227870026667,0.00019434285613323127,0.5,サンプル不足,-0.07632353356533321
v7,distance_ma60,60日移動平均乖離,終値の60日移動平均からの乖離,True,業種,金属製品,5d,5営業日,5,35,33,-0.08255360744898954,-0.0784901138406231,0.2727272727272727,評価可能,-0.07632353356533321
v7,distance_ma60,60日移動平均乖離,終値の60日移動平均からの乖離,True,業種,鉄鋼,10d,10営業日,1,5,3,0.034335391032073434,0.022727272727272707,1.0,サンプル不足,-0.10161171908426367
v7,distance_ma60,60日移動平均乖離,終値の60日移動平均からの乖離,True,業種,鉄鋼,10d,10営業日,2,14,7,0.02166121259243354,0.0052562417871222,0.5714285714285714,サンプル不足,-0.10161171908426367
v7,distance_ma60,60日移動平均乖離,終値の60日移動平均からの乖離,True,業種,鉄鋼,10d,10営業日,3,10,5,0.060346475607124014,0.08243051968525061,0.6,サンプル不足,-0.10161171908426367
v7,distance_ma60,60日移動平均乖離,終値の60日移動平均からの乖離,True,業種,鉄鋼,10d,10営業日,4,16,3,0.009744391523396087,0.0,0.3333333333333333,サンプル不足,-0.10161171908426367
v7,distance_ma60,60日移動平均乖離,終値の60日移動平均からの乖離,True,業種,鉄鋼,10d,10営業日,5,2,2,-0.06727632805219023,-0.06727632805219023,0.5,サンプル不足,-0.10161171908426367
v7,distance_ma60,60日移動平均乖離,終値の60日移動平均からの乖離,True,業種,鉄鋼,1d,1営業日,1,5,5,-0.0080778651330902,0.0006682666728661246,0.6,サンプル不足,0.00047137426087926447
v7,distance_ma60,60日移動平均乖離,終値の60日移動平均からの乖離,True,業種,鉄鋼,1d,1営業日,2,14,14,0.015661693621350586,0.014562060615785417,0.7142857142857143,サンプル不足,0.00047137426087926447
v7,distance_ma60,60日移動平均乖離,終値の60日移動平均からの乖離,True,業種,鉄鋼,1d,1営業日,3,10,8,0.013978182066384112,0.014981201485611995,0.625,サンプル不足,0.00047137426087926447
v7,distance_ma60,60日移動平均乖離,終値の60日移動平均からの乖離,True,業種,鉄鋼,1d,1営業日,4,16,16,0.00906851430720551,-0.0007727975270478971,0.4375,サンプル不足,0.00047137426087926447
v7,distance_ma60,60日移動平均乖離,終値の60日移動平均からの乖離,True,業種,鉄鋼,1d,1営業日,5,2,2,-0.007606490872210936,-0.007606490872210936,0.0,サンプル不足,0.00047137426087926447
v7,distance_ma60,60日移動平均乖離,終値の60日移動平均からの乖離,True,業種,鉄鋼,3d,3営業日,1,5,5,0.0020196632102223665,0.030571415927994394,0.8,サンプル不足,-0.035910805874184513
v7,distance_ma60,60日移動平均乖離,終値の60日移動平均からの乖離,True,業種,鉄鋼,3d,3営業日,2,14,10,0.022987815229447893,0.007576309994312358,0.7,サンプル不足,-0.035910805874184513
v7,distance_ma60,60日移動平均乖離,終値の60日移動平均からの乖離,True,業種,鉄鋼,3d,3営業日,3,10,8,0.02974249399447145,0.01531915117023841,0.875,サンプル不足,-0.035910805874184513
v7,distance_ma60,60日移動平均乖離,終値の60日移動平均からの乖離,True,業種,鉄鋼,3d,3営業日,4,16,12,0.00531816102548695,0.0065262893113477854,0.5,サンプル不足,-0.035910805874184513
v7,distance_ma60,60日移動平均乖離,終値の60日移動平均からの乖離,True,業種,鉄鋼,3d,3営業日,5,2,2,-0.03389114266396215,-0.03389114266396215,0.0,サンプル不足,-0.035910805874184513
v7,distance_ma60,60日移動平均乖離,終値の60日移動平均からの乖離,True,業種,鉄鋼,5d,5営業日,1,5,4,0.04644817562729437,0.049393306771306336,0.75,サンプル不足,-0.07633962894673954
v7,distance_ma60,60日移動平均乖離,終値の60日移動平均からの乖離,True,業種,鉄鋼,5d,5営業日,2,14,8,0.03150658125537693,0.003224572564321271,0.625,サンプル不足,-0.07633962894673954
v7,distance_ma60,60日移動平均乖離,終値の60日移動平均からの乖離,True,業種,鉄鋼,5d,5営業日,3,10,6,0.04340198520685224,0.021133963631776553,0.6666666666666666,サンプル不足,-0.07633962894673954
v7,distance_ma60,60日移動平均乖離,終値の60日移動平均からの乖離,True,業種,鉄鋼,5d,5営業日,4,16,10,0.017935533845731606,0.01602080656194947,0.5,サンプル不足,-0.07633962894673954
v7,distance_ma60,60日移動平均乖離,終値の60日移動平均からの乖離,True,業種,鉄鋼,5d,5営業日,5,2,2,-0.02989145331944517,-0.02989145331944517,0.5,サンプル不足,-0.07633962894673954
v7,distance_ma60,60日移動平均乖離,終値の60日移動平均からの乖離,True,業種,鉱業,10d,10営業日,1,1,1,-0.0696623238500399,-0.0696623238500399,0.0,サンプル不足,0.0
v7,distance_ma60,60日移動平均乖離,終値の60日移動平均からの乖離,True,業種,鉱業,10d,10営業日,5,1,0,,,,サンプル不足,0.0
v7,distance_ma60,60日移動平均乖離,終値の60日移動平均からの乖離,True,業種,鉱業,1d,1営業日,1,1,1,-0.028981653815474573,-0.028981653815474573,0.0,サンプル不足,0.06369239761712753
v7,distance_ma60,60日移動平均乖離,終値の60日移動平均からの乖離,True,業種,鉱業,1d,1営業日,5,1,1,0.034710743801652955,0.034710743801652955,1.0,サンプル不足,0.06369239761712753
v7,distance_ma60,60日移動平均乖離,終値の60日移動平均からの乖離,True,業種,鉱業,3d,3営業日,1,1,1,-0.038553576176548754,-0.038553576176548754,0.0,サンプル不足,0.17243787369720986
v7,distance_ma60,60日移動平均乖離,終値の60日移動平均からの乖離,True,業種,鉱業,3d,3営業日,5,1,1,0.1338842975206611,0.1338842975206611,1.0,サンプル不足,0.17243787369720986
v7,distance_ma60,60日移動平均乖離,終値の60日移動平均からの乖離,True,業種,鉱業,5d,5営業日,1,1,1,-0.035628822121776094,-0.035628822121776094,0.0,サンプル不足,0.08521559898128028
v7,distance_ma60,60日移動平均乖離,終値の60日移動平均からの乖離,True,業種,鉱業,5d,5営業日,5,1,1,0.04958677685950419,0.04958677685950419,1.0,サンプル不足,0.08521559898128028
v7,distance_ma60,60日移動平均乖離,終値の60日移動平均からの乖離,True,業種,銀行業,10d,10営業日,1,46,32,0.052019394886805494,0.06454310072228497,0.8125,評価可能,-0.07562966732353371
v7,distance_ma60,60日移動平均乖離,終値の60日移動平均からの乖離,True,業種,銀行業,10d,10営業日,2,85,77,0.029354113485727994,0.026364193746168052,0.7142857142857143,評価可能,-0.07562966732353371
v7,distance_ma60,60日移動平均乖離,終値の60日移動平均からの乖離,True,業種,銀行業,10d,10営業日,3,76,64,0.013527820898167663,0.012223324895485721,0.546875,評価可能,-0.07562966732353371
v7,distance_ma60,60日移動平均乖離,終値の60日移動平均からの乖離,True,業種,銀行業,10d,10営業日,4,55,46,-0.017176915418923158,-0.005033590815217703,0.41304347826086957,評価可能,-0.07562966732353371
v7,distance_ma60,60日移動平均乖離,終値の60日移動平均からの乖離,True,業種,銀行業,10d,10営業日,5,11,9,-0.02361027243672822,-0.022719076812116823,0.4444444444444444,サンプル不足,-0.07562966732353371
v7,distance_ma60,60日移動平均乖離,終値の60日移動平均からの乖離,True,業種,銀行業,1d,1営業日,1,46,46,-0.0033081798481739227,-0.0032058359012756,0.43478260869565216,評価可能,0.01202970025984713
v7,distance_ma60,60日移動平均乖離,終値の60日移動平均からの乖離,True,業種,銀行業,1d,1営業日,2,85,84,-0.0003239044545853236,0.002566498216770907,0.5595238095238095,評価可能,0.01202970025984713
v7,distance_ma60,60日移動平均乖離,終値の60日移動平均からの乖離,True,業種,銀行業,1d,1営業日,3,76,76,0.0047187101596176265,0.003956629415383994,0.6052631578947368,評価可能,0.01202970025984713
v7,distance_ma60,60日移動平均乖離,終値の60日移動平均からの乖離,True,業種,銀行業,1d,1営業日,4,55,55,0.0020518559755332284,0.005409582689335446,0.6,評価可能,0.01202970025984713
v7,distance_ma60,60日移動平均乖離,終値の60日移動平均からの乖離,True,業種,銀行業,1d,1営業日,5,11,11,0.008721520411673208,0.01730977280923196,0.6363636363636364,サンプル不足,0.01202970025984713
v7,distance_ma60,60日移動平均乖離,終値の60日移動平均からの乖離,True,業種,銀行業,3d,3営業日,1,46,42,0.005034499344446333,0.0070717193617318985,0.5952380952380952,評価可能,-0.014335802747346475
v7,distance_ma60,60日移動平均乖離,終値の60日移動平均からの乖離,True,業種,銀行業,3d,3営業日,2,85,82,0.004319917553785389,0.0006375299788110578,0.5,評価可能,-0.014335802747346475
v7,distance_ma60,60日移動平均乖離,終値の60日移動平均からの乖離,True,業種,銀行業,3d,3営業日,3,76,72,0.009141783604531264,0.008147910381373191,0.6666666666666666,評価可能,-0.014335802747346475
v7,distance_ma60,60日移動平均乖離,終値の60日移動平均からの乖離,True,業種,銀行業,3d,3営業日,4,55,50,-0.0015389229328307862,-0.0027123435186431344,0.5,評価可能,-0.014335802747346475
v7,distance_ma60,60日移動平均乖離,終値の60日移動平均からの乖離,True,業種,銀行業,3d,3営業日,5,11,9,-0.00930130340290014,-0.00035790980672867345,0.4444444444444444,サンプル不足,-0.014335802747346475
v7,distance_ma60,60日移動平均乖離,終値の60日移動平均からの乖離,True,業種,銀行業,5d,5営業日,1,46,41,0.018145004544298453,0.023429179978700754,0.6585365853658537,評価可能,-0.042389068645708836
v7,distance_ma60,60日移動平均乖離,終値の60日移動平均からの乖離,True,業種,銀行業,5d,5営業日,2,85,80,0.015030535613442118,0.017250663218936535,0.6125,評価可能,-0.042389068645708836
v7,distance_ma60,60日移動平均乖離,終値の60日移動平均からの乖離,True,業種,銀行業,5d,5営業日,3,76,70,0.007419122492619574,0.018508388419379074,0.6285714285714286,評価可能,-0.042389068645708836
v7,distance_ma60,60日移動平均乖離,終値の60日移動平均からの乖離,True,業種,銀行業,5d,5営業日,4,55,50,-0.006769412028097876,0.0003059226227678513,0.5,評価可能,-0.042389068645708836
v7,distance_ma60,60日移動平均乖離,終値の60日移動平均からの乖離,True,業種,銀行業,5d,5営業日,5,11,9,-0.024244064101410383,-0.010457516339869244,0.1111111111111111,サンプル不足,-0.042389068645708836
v7,distance_ma60,60日移動平均乖離,終値の60日移動平均からの乖離,True,業種,陸運業,10d,10営業日,1,10,8,-0.015880519612184653,-0.027613281038191106,0.375,サンプル不足,0.2584941559758211
v7,distance_ma60,60日移動平均乖離,終値の60日移動平均からの乖離,True,業種,陸運業,10d,10営業日,2,8,6,0.030451829673208072,0.031225708271881758,0.6666666666666666,サンプル不足,0.2584941559758211
v7,distance_ma60,60日移動平均乖離,終値の60日移動平均からの乖離,True,業種,陸運業,10d,10営業日,3,4,3,-0.01197834571466679,0.009960159362549792,0.6666666666666666,サンプル不足,0.2584941559758211
v7,distance_ma60,60日移動平均乖離,終値の60日移動平均からの乖離,True,業種,陸運業,10d,10営業日,4,3,2,-0.07949444949011492,-0.07949444949011492,0.5,サンプル不足,0.2584941559758211
v7,distance_ma60,60日移動平均乖離,終値の60日移動平均からの乖離,True,業種,陸運業,10d,10営業日,5,4,1,0.24261363636363642,0.24261363636363642,1.0,サンプル不足,0.2584941559758211
v7,distance_ma60,60日移動平均乖離,終値の60日移動平均からの乖離,True,業種,陸運業,1d,1営業日,1,10,8,0.0025275276411157073,0.000994117609812023,0.5,サンプル不足,0.027392363584765822
v7,distance_ma60,60日移動平均乖離,終値の60日移動平均からの乖離,True,業種,陸運業,1d,1営業日,2,8,8,0.0037037015227526157,3.0265142494239846e-05,0.5,サンプル不足,0.027392363584765822
v7,distance_ma60,60日移動平均乖離,終値の60日移動平均からの乖離,True,業種,陸運業,1d,1営業日,3,4,4,-0.018092265217473508,-0.00646921746974366,0.5,サンプル不足,0.027392363584765822
v7,distance_ma60,60日移動平均乖離,終値の60日移動平均からの乖離,True,業種,陸運業,1d,1営業日,4,3,3,-0.0003232111228586391,0.013895216400911181,0.6666666666666666,サンプル不足,0.027392363584765822
v7,distance_ma60,60日移動平均乖離,終値の60日移動平均からの乖離,True,業種,陸運業,1d,1営業日,5,4,3,0.02991989122588153,0.024824608742579635,0.6666666666666666,サンプル不足,0.027392363584765822
v7,distance_ma60,60日移動平均乖離,終値の60日移動平均からの乖離,True,業種,陸運業,3d,3営業日,1,10,8,0.006955837101479564,0.007847830354146485,0.75,サンプル不足,-0.013152023874770987
v7,distance_ma60,60日移動平均乖離,終値の60日移動平均からの乖離,True,業種,陸運業,3d,3営業日,2,8,8,-0.011429356584731702,-0.013792399691419845,0.375,サンプル不足,-0.013152023874770987
v7,distance_ma60,60日移動平均乖離,終値の60日移動平均からの乖離,True,業種,陸運業,3d,3営業日,3,4,4,-0.03474519506740395,-0.011029091182440054,0.25,サンプル不足,-0.013152023874770987
v7,distance_ma60,60日移動平均乖離,終値の60日移動平均からの乖離,True,業種,陸運業,3d,3営業日,4,3,3,-0.04222639249407404,-0.02336007550731478,0.0,サンプル不足,-0.013152023874770987
v7,distance_ma60,60日移動平均乖離,終値の60日移動平均からの乖離,True,業種,陸運業,3d,3営業日,5,4,2,-0.006196186773291423,-0.006196186773291423,0.5,サンプル不足,-0.013152023874770987
v7,distance_ma60,60日移動平均乖離,終値の60日移動平均からの乖離,True,業種,陸運業,5d,5営業日,1,10,8,-0.003932661642086438,-0.005267658834965721,0.5,サンプル不足,0.12047723923125381
v7,distance_ma60,60日移動平均乖離,終値の60日移動平均からの乖離,True,業種,陸運業,5d,5営業日,2,8,8,-0.023452675446934426,-0.007589803724900236,0.5,サンプル不足,0.12047723923125381
v7,distance_ma60,60日移動平均乖離,終値の60日移動平均からの乖離,True,業種,陸運業,5d,5営業日,3,4,4,-0.033759235117831465,-0.010326242201007252,0.25,サンプル不足,0.12047723923125381
v7,distance_ma60,60日移動平均乖離,終値の60日移動平均からの乖離,True,業種,陸運業,5d,5営業日,4,3,3,-0.061568154952260534,-0.0934521979711036,0.3333333333333333,サンプル不足,0.12047723923125381
v7,distance_ma60,60日移動平均乖離,終値の60日移動平均からの乖離,True,業種,陸運業,5d,5営業日,5,4,2,0.11654457758916736,0.11654457758916736,1.0,サンプル不足,0.12047723923125381
v7,distance_ma60,60日移動平均乖離,終値の60日移動平均からの乖離,True,業種,電気・ガス業,10d,10営業日,1,7,6,0.01553126416725408,0.030630640754921425,0.5,サンプル不足,-0.09809156101326526
v7,distance_ma60,60日移動平均乖離,終値の60日移動平均からの乖離,True,業種,電気・ガス業,10d,10営業日,2,3,3,-0.01922339469605819,-0.01928104575163403,0.0,サンプル不足,-0.09809156101326526
v7,distance_ma60,60日移動平均乖離,終値の60日移動平均からの乖離,True,業種,電気・ガス業,10d,10営業日,3,8,6,-0.03680480913435533,-0.04547491470808179,0.16666666666666666,サンプル不足,-0.09809156101326526
v7,distance_ma60,60日移動平均乖離,終値の60日移動平均からの乖離,True,業種,電気・ガス業,10d,10営業日,4,3,1,-0.08256029684601118,-0.08256029684601118,0.0,サンプル不足,-0.09809156101326526
v7,distance_ma60,60日移動平均乖離,終値の60日移動平均からの乖離,True,業種,電気・ガス業,1d,1営業日,1,7,7,-0.004515218130045811,-0.012347711557458063,0.42857142857142855,サンプル不足,0.011837826248551338
v7,distance_ma60,60日移動平均乖離,終値の60日移動平均からの乖離,True,業種,電気・ガス業,1d,1営業日,2,3,3,-0.0014176452421179539,-0.003207184092366866,0.3333333333333333,サンプル不足,0.011837826248551338
v7,distance_ma60,60日移動平均乖離,終値の60日移動平均からの乖離,True,業種,電気・ガス業,1d,1営業日,3,8,8,-0.0015770650411960352,0.006347897706952321,0.75,サンプル不足,0.011837826248551338
v7,distance_ma60,60日移動平均乖離,終値の60日移動平均からの乖離,True,業種,電気・ガス業,1d,1営業日,4,3,3,0.007322608118505529,-0.0024737167594310883,0.3333333333333333,サンプル不足,0.011837826248551338
v7,distance_ma60,60日移動平均乖離,終値の60日移動平均からの乖離,True,業種,電気・ガス業,3d,3営業日,1,7,7,-0.002953894323051122,0.0034129692832765,0.5714285714285714,サンプル不足,-0.0066196448822244715
v7,distance_ma60,60日移動平均乖離,終値の60日移動平均からの乖離,True,業種,電気・ガス業,3d,3営業日,2,3,3,0.020740159394953286,0.026298909557408656,0.6666666666666666,サンプル不足,-0.0066196448822244715
v7,distance_ma60,60日移動平均乖離,終値の60日移動平均からの乖離,True,業種,電気・ガス業,3d,3営業日,3,8,8,0.0035491159631389213,0.014281434598151233,0.75,サンプル不足,-0.0066196448822244715
v7,distance_ma60,60日移動平均乖離,終値の60日移動平均からの乖離,True,業種,電気・ガス業,3d,3営業日,4,3,3,-0.009573539205275594,-0.008039579468150926,0.3333333333333333,サンプル不足,-0.0066196448822244715
v7,distance_ma60,60日移動平均乖離,終値の60日移動平均からの乖離,True,業種,電気・ガス業,5d,5営業日,1,7,7,0.0073663322905868,0.0225255972696245,0.5714285714285714,サンプル不足,-0.035138469728589534
v7,distance_ma60,60日移動平均乖離,終値の60日移動平均からの乖離,True,業種,電気・ガス業,5d,5営業日,2,3,3,0.025166777765200567,0.03463758819756246,0.6666666666666666,サンプル不足,-0.035138469728589534
v7,distance_ma60,60日移動平均乖離,終値の60日移動平均からの乖離,True,業種,電気・ガス業,5d,5営業日,3,8,8,0.007892025378913634,0.022576062473661507,0.75,サンプル不足,-0.035138469728589534
v7,distance_ma60,60日移動平均乖離,終値の60日移動平均からの乖離,True,業種,電気・ガス業,5d,5営業日,4,3,3,-0.027772137438002737,-0.025500910746812377,0.3333333333333333,サンプル不足,-0.035138469728589534
v7,distance_ma60,60日移動平均乖離,終値の60日移動平均からの乖離,True,業種,電気機器,10d,10営業日,1,63,35,-0.05622924382207081,-0.036964980544747,0.2571428571428571,評価可能,-0.07617258383427739
v7,distance_ma60,60日移動平均乖離,終値の60日移動平均からの乖離,True,業種,電気機器,10d,10営業日,2,68,51,-0.05666704442638165,-0.05087939698492461,0.17647058823529413,評価可能,-0.07617258383427739
v7,distance_ma60,60日移動平均乖離,終値の60日移動平均からの乖離,True,業種,電気機器,10d,10営業日,3,99,77,-0.05805622529174719,-0.07365439093484416,0.2597402597402597,評価可能,-0.07617258383427739
v7,distance_ma60,60日移動平均乖離,終値の60日移動平均からの乖離,True,業種,電気機器,10d,10営業日,4,129,112,-0.08556802162825994,-0.08524108900269017,0.19642857142857142,評価可能,-0.07617258383427739
v7,distance_ma60,60日移動平均乖離,終値の60日移動平均からの乖離,True,業種,電気機器,10d,10営業日,5,165,156,-0.1324018276563482,-0.1337067164962239,0.15384615384615385,評価可能,-0.07617258383427739
v7,distance_ma60,60日移動平均乖離,終値の60日移動平均からの乖離,True,業種,電気機器,1d,1営業日,1,63,59,-0.005952796722402507,0.00029036004645766056,0.5084745762711864,評価可能,-0.004435025413860956
v7,distance_ma60,60日移動平均乖離,終値の60日移動平均からの乖離,True,業種,電気機器,1d,1営業日,2,68,66,-0.007738427717892979,-0.010104437699555721,0.42424242424242425,評価可能,-0.004435025413860956
v7,distance_ma60,60日移動平均乖離,終値の60日移動平均からの乖離,True,業種,電気機器,1d,1営業日,3,99,98,-0.0075304280380519275,-0.005620137523007773,0.41836734693877553,評価可能,-0.004435025413860956
v7,distance_ma60,60日移動平均乖離,終値の60日移動平均からの乖離,True,業種,電気機器,1d,1営業日,4,129,128,-0.006623581744224765,-0.011950001069071181,0.3828125,評価可能,-0.004435025413860956
v7,distance_ma60,60日移動平均乖離,終値の60日移動平均からの乖離,True,業種,電気機器,1d,1営業日,5,165,164,-0.010387822136263464,-0.015325857267530218,0.39634146341463417,評価可能,-0.004435025413860956
v7,distance_ma60,60日移動平均乖離,終値の60日移動平均からの乖離,True,業種,電気機器,3d,3営業日,1,63,53,-0.012849329957825274,0.0,0.49056603773584906,評価可能,-0.019340016740028932
v7,distance_ma60,60日移動平均乖離,終値の60日移動平均からの乖離,True,業種,電気機器,3d,3営業日,2,68,62,-0.018126766698171398,-0.017398686349476205,0.46774193548387094,評価可能,-0.019340016740028932
v7,distance_ma60,60日移動平均乖離,終値の60日移動平均からの乖離,True,業種,電気機器,3d,3営業日,3,99,94,-0.028486368148103573,-0.026513053996084036,0.2978723404255319,評価可能,-0.019340016740028932
v7,distance_ma60,60日移動平均乖離,終値の60日移動平均からの乖離,True,業種,電気機器,3d,3営業日,4,129,124,-0.026130825826509736,-0.027346665552041904,0.31451612903225806,評価可能,-0.019340016740028932
v7,distance_ma60,60日移動平均乖離,終値の60日移動平均からの乖離,True,業種,電気機器,3d,3営業日,5,165,162,-0.032189346697854206,-0.03518758542678041,0.2962962962962963,評価可能,-0.019340016740028932
v7,distance_ma60,60日移動平均乖離,終値の60日移動平均からの乖離,True,業種,電気機器,5d,5営業日,1,63,43,-0.0157708737090229,-0.005928853754940677,0.46511627906976744,評価可能,-0.04213846037566724
v7,distance_ma60,60日移動平均乖離,終値の60日移動平均からの乖離,True,業種,電気機器,5d,5営業日,2,68,57,-0.044791636645546994,-0.038903502699709214,0.3333333333333333,評価可能,-0.04213846037566724
v7,distance_ma60,60日移動平均乖離,終値の60日移動平均からの乖離,True,業種,電気機器,5d,5営業日,3,99,85,-0.02973475025811356,-0.031073959658368122,0.29411764705882354,評価可能,-0.04213846037566724
v7,distance_ma60,60日移動平均乖離,終値の60日移動平均からの乖離,True,業種,電気機器,5d,5営業日,4,129,121,-0.038106489205714564,-0.041420118343195256,0.256198347107438,評価可能,-0.04213846037566724
v7,distance_ma60,60日移動平均乖離,終値の60日移動平均からの乖離,True,業種,電気機器,5d,5営業日,5,165,160,-0.057909334084690144,-0.05632558510873903,0.2375,評価可能,-0.04213846037566724
v7,distance_ma60,60日移動平均乖離,終値の60日移動平均からの乖離,True,業種,非鉄金属,10d,10営業日,1,10,9,-0.14658858843371514,-0.11852459016393446,0.0,サンプル不足,-0.11804285412502885
v7,distance_ma60,60日移動平均乖離,終値の60日移動平均からの乖離,True,業種,非鉄金属,10d,10営業日,2,10,8,-0.17414293269386116,-0.1636702367261897,0.0,サンプル不足,-0.11804285412502885
v7,distance_ma60,60日移動平均乖離,終値の60日移動平均からの乖離,True,業種,非鉄金属,10d,10営業日,3,9,9,-0.19320420296446525,-0.2241365621278285,0.0,サンプル不足,-0.11804285412502885
v7,distance_ma60,60日移動平均乖離,終値の60日移動平均からの乖離,True,業種,非鉄金属,10d,10営業日,4,5,3,-0.264631442558744,-0.24611059044048733,0.0,サンプル不足,-0.11804285412502885
v7,distance_ma60,60日移動平均乖離,終値の60日移動平均からの乖離,True,業種,非鉄金属,1d,1営業日,1,10,10,-0.002533166325518077,-0.010829404787250252,0.3,サンプル不足,-0.07273809064882801
v7,distance_ma60,60日移動平均乖離,終値の60日移動平均からの乖離,True,業種,非鉄金属,1d,1営業日,2,10,10,0.008251374058808447,-0.007877386620724958,0.5,サンプル不足,-0.07273809064882801
v7,distance_ma60,60日移動平均乖離,終値の60日移動平均からの乖離,True,業種,非鉄金属,1d,1営業日,3,9,9,-0.0018814577987356456,0.0011123470522802492,0.5555555555555556,サンプル不足,-0.07273809064882801
v7,distance_ma60,60日移動平均乖離,終値の60日移動平均からの乖離,True,業種,非鉄金属,1d,1営業日,4,5,4,-0.07527125697434608,-0.06983130705214047,0.0,サンプル不足,-0.07273809064882801
v7,distance_ma60,60日移動平均乖離,終値の60日移動平均からの乖離,True,業種,非鉄金属,3d,3営業日,1,10,10,-0.037595040416643966,-0.06315514639156533,0.3,サンプル不足,-0.057180107527074225
v7,distance_ma60,60日移動平均乖離,終値の60日移動平均からの乖離,True,業種,非鉄金属,3d,3営業日,2,10,10,-0.029178912595540285,-0.03660661723243297,0.2,サンプル不足,-0.057180107527074225
v7,distance_ma60,60日移動平均乖離,終値の60日移動平均からの乖離,True,業種,非鉄金属,3d,3営業日,3,9,9,-0.0757668577998108,-0.08785046728971968,0.1111111111111111,サンプル不足,-0.057180107527074225
v7,distance_ma60,60日移動平均乖離,終値の60日移動平均からの乖離,True,業種,非鉄金属,3d,3営業日,4,5,4,-0.09477514794371819,-0.09245562910028116,0.0,サンプル不足,-0.057180107527074225
v7,distance_ma60,60日移動平均乖離,終値の60日移動平均からの乖離,True,業種,非鉄金属,5d,5営業日,1,10,9,-0.0652690457633336,-0.08010432190760064,0.2222222222222222,サンプル不足,-0.08093920148531296
v7,distance_ma60,60日移動平均乖離,終値の60日移動平均からの乖離,True,業種,非鉄金属,5d,5営業日,2,10,9,-0.06996122107845641,-0.07271983640081803,0.1111111111111111,サンプル不足,-0.08093920148531296
v7,distance_ma60,60日移動平均乖離,終値の60日移動平均からの乖離,True,業種,非鉄金属,5d,5営業日,3,9,9,-0.10882897273905329,-0.11494252873563215,0.0,サンプル不足,-0.08093920148531296
v7,distance_ma60,60日移動平均乖離,終値の60日移動平均からの乖離,True,業種,非鉄金属,5d,5営業日,4,5,3,-0.14620824724864656,-0.16213683223992503,0.0,サンプル不足,-0.08093920148531296
v7,distance_ma60,60日移動平均乖離,終値の60日移動平均からの乖離,True,業種,食料品,10d,10営業日,1,45,41,0.026076640368930065,0.02414231257941557,0.7317073170731707,評価可能,-0.05590549122467578
v7,distance_ma60,60日移動平均乖離,終値の60日移動平均からの乖離,True,業種,食料品,10d,10営業日,2,26,14,0.016287411216370538,0.030908717252835727,0.6428571428571429,サンプル不足,-0.05590549122467578
v7,distance_ma60,60日移動平均乖離,終値の60日移動平均からの乖離,True,業種,食料品,10d,10営業日,3,37,26,-0.017252293856565667,-0.014593455106045039,0.34615384615384615,サンプル不足,-0.05590549122467578
v7,distance_ma60,60日移動平均乖離,終値の60日移動平均からの乖離,True,業種,食料品,10d,10営業日,4,12,8,-0.051540198782658336,-0.031060228873950158,0.0,サンプル不足,-0.05590549122467578
v7,distance_ma60,60日移動平均乖離,終値の60日移動平均からの乖離,True,業種,食料品,10d,10営業日,5,3,1,-0.029828850855745714,-0.029828850855745714,0.0,サンプル不足,-0.05590549122467578
v7,distance_ma60,60日移動平均乖離,終値の60日移動平均からの乖離,True,業種,食料品,1d,1営業日,1,45,45,0.0012532629592546265,0.0,0.4888888888888889,評価可能,-0.004629712970890886
v7,distance_ma60,60日移動平均乖離,終値の60日移動平均からの乖離,True,業種,食料品,1d,1営業日,2,26,26,0.0020310945709884854,0.00025920165889059543,0.5,サンプル不足,-0.004629712970890886
v7,distance_ma60,60日移動平均乖離,終値の60日移動平均からの乖離,True,業種,食料品,1d,1営業日,3,37,36,-0.007649392707541992,-0.00679591417534664,0.3888888888888889,評価可能,-0.004629712970890886
v7,distance_ma60,60日移動平均乖離,終値の60日移動平均からの乖離,True,業種,食料品,1d,1営業日,4,12,12,0.0015498001024460452,0.006218502519798386,0.5833333333333334,サンプル不足,-0.004629712970890886
v7,distance_ma60,60日移動平均乖離,終値の60日移動平均からの乖離,True,業種,食料品,1d,1営業日,5,3,3,-0.0033764500116362597,-0.005378973105134466,0.3333333333333333,サンプル不足,-0.004629712970890886
v7,distance_ma60,60日移動平均乖離,終値の60日移動平均からの乖離,True,業種,食料品,3d,3営業日,1,45,44,0.00974458851377153,0.009721532155162249,0.6590909090909091,評価可能,-0.020796794098765142
v7,distance_ma60,60日移動平均乖離,終値の60日移動平均からの乖離,True,業種,食料品,3d,3営業日,2,26,24,-0.009493671059100808,-0.015534347029008966,0.375,サンプル不足,-0.020796794098765142
v7,distance_ma60,60日移動平均乖離,終値の60日移動平均からの乖離,True,業種,食料品,3d,3営業日,3,37,33,-0.012128006445240945,-0.013603238866396805,0.3333333333333333,評価可能,-0.020796794098765142
v7,distance_ma60,60日移動平均乖離,終値の60日移動平均からの乖離,True,業種,食料品,3d,3営業日,4,12,12,-0.024936666515360088,-0.03527968010821303,0.25,サンプル不足,-0.020796794098765142
v7,distance_ma60,60日移動平均乖離,終値の60日移動平均からの乖離,True,業種,食料品,3d,3営業日,5,3,3,-0.01105220558499361,-0.04344779257182896,0.3333333333333333,サンプル不足,-0.020796794098765142
v7,distance_ma60,60日移動平均乖離,終値の60日移動平均からの乖離,True,業種,食料品,5d,5営業日,1,45,44,0.021641892463446364,0.017503351275233392,0.75,評価可能,-0.00613782593820764
v7,distance_ma60,60日移動平均乖離,終値の60日移動平均からの乖離,True,業種,食料品,5d,5営業日,2,26,22,-0.0030141842886870344,0.007711070612042126,0.5909090909090909,サンプル不足,-0.00613782593820764
v7,distance_ma60,60日移動平均乖離,終値の60日移動平均からの乖離,True,業種,食料品,5d,5営業日,3,37,32,-0.013474229980813338,-0.009534234562488031,0.375,評価可能,-0.00613782593820764
v7,distance_ma60,60日移動平均乖離,終値の60日移動平均からの乖離,True,業種,食料品,5d,5営業日,4,12,12,-0.03457205597461894,-0.03684408864988181,0.16666666666666666,サンプル不足,-0.00613782593820764
v7,distance_ma60,60日移動平均乖離,終値の60日移動平均からの乖離,True,業種,食料品,5d,5営業日,5,3,3,0.015504066525238724,0.006356968215158965,0.6666666666666666,サンプル不足,-0.00613782593820764
v7,return_120d,120日モメンタム,120営業日の騰落率,True,全体,全体,10d,10営業日,1,740,540,0.011381397338550286,0.01294012146974266,0.5740740740740741,評価可能,-0.1010436192621016
v7,return_120d,120日モメンタム,120営業日の騰落率,True,全体,全体,10d,10営業日,2,740,540,0.002596835574512108,0.005456975207563899,0.5296296296296297,評価可能,-0.1010436192621016
v7,return_120d,120日モメンタム,120営業日の騰落率,True,全体,全体,10d,10営業日,3,736,537,-0.005191478990334383,-0.008474576271186418,0.4581005586592179,評価可能,-0.1010436192621016
v7,return_120d,120日モメンタム,120営業日の騰落率,True,全体,全体,10d,10営業日,4,740,540,-0.038297005565463546,-0.030589123145205344,0.35185185185185186,評価可能,-0.1010436192621016
v7,return_120d,120日モメンタム,120営業日の騰落率,True,全体,全体,10d,10営業日,5,740,538,-0.08966222192355132,-0.08762658397342643,0.23977695167286245,評価可能,-0.1010436192621016
v7,return_120d,120日モメンタム,120営業日の騰落率,True,全体,全体,1d,1営業日,1,740,720,-0.0006083115210727648,-0.0006053880451329745,0.4652777777777778,評価可能,-9.580437913568672e-05
v7,return_120d,120日モメンタム,120営業日の騰落率,True,全体,全体,1d,1営業日,2,740,720,-0.001520711308098401,-0.0008705468121770199,0.46944444444444444,評価可能,-9.580437913568672e-05
v7,return_120d,120日モメンタム,120営業日の騰落率,True,全体,全体,1d,1営業日,3,736,716,-0.00014982791339410116,-0.0019638043896804125,0.44692737430167595,評価可能,-9.580437913568672e-05
v7,return_120d,120日モメンタム,120営業日の騰落率,True,全体,全体,1d,1営業日,4,740,720,-0.003534546922909529,-0.0018523521452517566,0.45416666666666666,評価可能,-9.580437913568672e-05
v7,return_120d,120日モメンタム,120営業日の騰落率,True,全体,全体,1d,1営業日,5,740,720,-0.0007041159002084516,-0.0011369614135372519,0.4666666666666667,評価可能,-9.580437913568672e-05
v7,return_120d,120日モメンタム,120営業日の騰落率,True,全体,全体,3d,3営業日,1,740,679,-0.004459126000723262,0.0,0.48600883652430044,評価可能,-0.011874619945914877
v7,return_120d,120日モメンタム,120営業日の騰落率,True,全体,全体,3d,3営業日,2,740,680,-0.003924086805644138,-0.004012868215058182,0.4647058823529412,評価可能,-0.011874619945914877
v7,return_120d,120日モメンタム,120営業日の騰落率,True,全体,全体,3d,3営業日,3,736,676,0.00025582595167471256,-0.0018009909099017674,0.47633136094674555,評価可能,-0.011874619945914877
v7,return_120d,120日モメンタム,120営業日の騰落率,True,全体,全体,3d,3営業日,4,740,680,-0.012428656755477295,-0.010347563519140401,0.4161764705882353,評価可能,-0.011874619945914877
v7,return_120d,120日モメンタム,120営業日の騰落率,True,全体,全体,3d,3営業日,5,740,679,-0.01633374594663814,-0.0209643605870021,0.36082474226804123,評価可能,-0.011874619945914877
v7,return_120d,120日モメンタム,120営業日の騰落率,True,全体,全体,5d,5営業日,1,740,639,-0.001249714436983746,0.0029211295034079487,0.5289514866979655,評価可能,-0.03149395651620209
v7,return_120d,120日モメンタム,120営業日の騰落率,True,全体,全体,5d,5営業日,2,740,640,-0.0051725674966302095,-0.0028434197148123263,0.4671875,評価可能,-0.03149395651620209
v7,return_120d,120日モメンタム,120営業日の騰落率,True,全体,全体,5d,5営業日,3,736,637,-0.002202486023263044,-0.003731343283582,0.46153846153846156,評価可能,-0.03149395651620209
v7,return_120d,120日モメンタム,120営業日の騰落率,True,全体,全体,5d,5営業日,4,740,640,-0.016771051931479004,-0.013469576433703723,0.4125,評価可能,-0.03149395651620209
v7,return_120d,120日モメンタム,120営業日の騰落率,True,全体,全体,5d,5営業日,5,740,639,-0.03274367095318584,-0.0351851851851852,0.3270735524256651,評価可能,-0.03149395651620209
v7,return_120d,120日モメンタム,120営業日の騰落率,True,業種,その他製品,10d,10営業日,1,20,11,0.056569918172059586,0.032360182905381674,0.6363636363636364,サンプル不足,-0.14109594209289938
v7,return_120d,120日モメンタム,120営業日の騰落率,True,業種,その他製品,10d,10営業日,2,12,9,0.019238341356979452,0.05860726643598624,0.6666666666666666,サンプル不足,-0.14109594209289938
v7,return_120d,120日モメンタム,120営業日の騰落率,True,業種,その他製品,10d,10営業日,3,21,14,-0.03553859243622672,-0.01979361539618625,0.35714285714285715,サンプル不足,-0.14109594209289938
v7,return_120d,120日モメンタム,120営業日の騰落率,True,業種,その他製品,10d,10営業日,4,5,3,-0.021430583135421493,-0.004987531172069848,0.3333333333333333,サンプル不足,-0.14109594209289938
v7,return_120d,120日モメンタム,120営業日の騰落率,True,業種,その他製品,10d,10営業日,5,13,8,-0.08452602392083981,-0.06421799363379221,0.125,サンプル不足,-0.14109594209289938
v7,return_120d,120日モメンタム,120営業日の騰落率,True,業種,その他製品,1d,1営業日,1,20,17,0.032186820451176996,0.009160305343511421,0.6470588235294118,サンプル不足,-0.042420154426131035
v7,return_120d,120日モメンタム,120営業日の騰落率,True,業種,その他製品,1d,1営業日,2,12,12,0.0023672978201855683,0.02126942255318587,0.6666666666666666,サンプル不足,-0.042420154426131035
v7,return_120d,120日モメンタム,120営業日の騰落率,True,業種,その他製品,1d,1営業日,3,21,19,0.011684090873938145,0.005657708628005631,0.5263157894736842,サンプル不足,-0.042420154426131035
v7,return_120d,120日モメンタム,120営業日の騰落率,True,業種,その他製品,1d,1営業日,4,5,4,0.010225033787078824,0.0067896160694889685,0.5,サンプル不足,-0.042420154426131035
v7,return_120d,120日モメンタム,120営業日の騰落率,True,業種,その他製品,1d,1営業日,5,13,13,-0.010233333974954042,-0.012376237623762387,0.38461538461538464,サンプル不足,-0.042420154426131035
v7,return_120d,120日モメンタム,120営業日の騰落率,True,業種,その他製品,3d,3営業日,1,20,14,0.009946294964723731,-0.008034866896542309,0.42857142857142855,サンプル不足,-0.04086850946425553
v7,return_120d,120日モメンタム,120営業日の騰落率,True,業種,その他製品,3d,3営業日,2,12,11,0.007374999564458095,0.010452961672473782,0.5454545454545454,サンプル不足,-0.04086850946425553
v7,return_120d,120日モメンタム,120営業日の騰落率,True,業種,その他製品,3d,3営業日,3,21,17,-0.010272607320658829,-0.0245810055865921,0.35294117647058826,サンプル不足,-0.04086850946425553
v7,return_120d,120日モメンタム,120営業日の騰落率,True,業種,その他製品,3d,3営業日,4,5,4,0.015149275608232662,0.011559400691319499,0.5,サンプル不足,-0.04086850946425553
v7,return_120d,120日モメンタム,120営業日の騰落率,True,業種,その他製品,3d,3営業日,5,13,10,-0.030922214499531798,-0.03323030884515049,0.1,サンプル不足,-0.04086850946425553
v7,return_120d,120日モメンタム,120営業日の騰落率,True,業種,その他製品,5d,5営業日,1,20,14,0.030195490817022833,0.007792579201766748,0.5714285714285714,サンプル不足,-0.08679773057547314
v7,return_120d,120日モメンタム,120営業日の騰落率,True,業種,その他製品,5d,5営業日,2,12,10,-0.00032321490866735886,0.00948717948717945,0.5,サンプル不足,-0.08679773057547314
v7,return_120d,120日モメンタム,120営業日の騰落率,True,業種,その他製品,5d,5営業日,3,21,15,-0.02551709577403539,-0.0223463687150837,0.26666666666666666,サンプル不足,-0.08679773057547314
v7,return_120d,120日モメンタム,120営業日の騰落率,True,業種,その他製品,5d,5営業日,4,5,4,-0.015316541533062125,-0.019274697592868595,0.5,サンプル不足,-0.08679773057547314
v7,return_120d,120日モメンタム,120営業日の騰落率,True,業種,その他製品,5d,5営業日,5,13,10,-0.056602239758450315,-0.06001617122770214,0.2,サンプル不足,-0.08679773057547314
v7,return_120d,120日モメンタム,120営業日の騰落率,True,業種,その他金融業,10d,10営業日,1,5,5,-0.09346681943257999,-0.0324909747292418,0.4,サンプル不足,0.11684260534262363
v7,return_120d,120日モメンタム,120営業日の騰落率,True,業種,その他金融業,10d,10営業日,2,11,7,-0.004302957753307595,-0.014265831593597733,0.2857142857142857,サンプル不足,0.11684260534262363
v7,return_120d,120日モメンタム,120営業日の騰落率,True,業種,その他金融業,10d,10営業日,3,11,7,0.0017156114196046504,0.013335400837339195,0.5714285714285714,サンプル不足,0.11684260534262363
v7,return_120d,120日モメンタム,120営業日の騰落率,True,業種,その他金融業,10d,10営業日,4,2,2,0.02613264031542928,0.02613264031542928,1.0,サンプル不足,0.11684260534262363
v7,return_120d,120日モメンタム,120営業日の騰落率,True,業種,その他金融業,10d,10営業日,5,8,1,0.023375785910043634,0.023375785910043634,1.0,サンプル不足,0.11684260534262363
v7,return_120d,120日モメンタム,120営業日の騰落率,True,業種,その他金融業,1d,1営業日,1,5,5,-0.03423335742259437,0.01387908727358278,0.6,サンプル不足,0.03869612117601974
v7,return_120d,120日モメンタム,120営業日の騰落率,True,業種,その他金融業,1d,1営業日,2,11,11,-0.006907389637974145,-0.008109794135994997,0.2727272727272727,サンプル不足,0.03869612117601974
v7,return_120d,120日モメンタム,120営業日の騰落率,True,業種,その他金融業,1d,1営業日,3,11,11,-0.0005416243680414944,-0.0020408163265306367,0.45454545454545453,サンプル不足,0.03869612117601974
v7,return_120d,120日モメンタム,120営業日の騰落率,True,業種,その他金融業,1d,1営業日,4,2,2,0.02375570063769228,0.02375570063769228,1.0,サンプル不足,0.03869612117601974
v7,return_120d,120日モメンタム,120営業日の騰落率,True,業種,その他金融業,1d,1営業日,5,8,8,0.004462763753425372,0.007161064592791977,0.625,サンプル不足,0.03869612117601974
v7,return_120d,120日モメンタム,120営業日の騰落率,True,業種,その他金融業,3d,3営業日,1,5,5,-0.07526413795420031,-0.0116550116550117,0.4,サンプル不足,0.08459155874704972
v7,return_120d,120日モメンタム,120営業日の騰落率,True,業種,その他金融業,3d,3営業日,2,11,9,-0.010386941794116157,-0.011932078935291468,0.2222222222222222,サンプル不足,0.08459155874704972
v7,return_120d,120日モメンタム,120営業日の騰落率,True,業種,その他金融業,3d,3営業日,3,11,11,-0.0029302899385547795,-0.0029461932082492925,0.45454545454545453,サンプル不足,0.08459155874704972
v7,return_120d,120日モメンタム,120営業日の騰落率,True,業種,その他金融業,3d,3営業日,4,2,2,0.031194226275648274,0.031194226275648274,1.0,サンプル不足,0.08459155874704972
v7,return_120d,120日モメンタム,120営業日の騰落率,True,業種,その他金融業,3d,3営業日,5,8,8,0.009327420792849414,0.007712858133086864,0.625,サンプル不足,0.08459155874704972
v7,return_120d,120日モメンタム,120営業日の騰落率,True,業種,その他金融業,5d,5営業日,1,5,5,-0.0759244377352095,0.008158508158508,0.6,サンプル不足,0.09551093528666034
v7,return_120d,120日モメンタム,120営業日の騰落率,True,業種,その他金融業,5d,5営業日,2,11,9,-0.008065382123325193,-0.008725157537566641,0.3333333333333333,サンプル不足,0.09551093528666034
v7,return_120d,120日モメンタム,120営業日の騰落率,True,業種,その他金融業,5d,5営業日,3,11,10,-0.0034823447707166945,-0.0038027386208311365,0.4,サンプル不足,0.09551093528666034
v7,return_120d,120日モメンタム,120営業日の騰落率,True,業種,その他金融業,5d,5営業日,4,2,2,0.009592674776945642,0.009592674776945642,0.5,サンプル不足,0.09551093528666034
v7,return_120d,120日モメンタム,120営業日の騰落率,True,業種,その他金融業,5d,5営業日,5,8,7,0.01958649755145084,0.0008733624454149158,0.5714285714285714,サンプル不足,0.09551093528666034
v7,return_120d,120日モメンタム,120営業日の騰落率,True,業種,ガラス・土石製品,10d,10営業日,1,5,4,-0.043349455252626796,-0.04745238095238095,0.5,サンプル不足,-0.13783975001173374
v7,return_120d,120日モメンタム,120営業日の騰落率,True,業種,ガラス・土石製品,10d,10営業日,2,3,3,-0.0075906984903195,0.0251623376623375,0.6666666666666666,サンプル不足,-0.13783975001173374
v7,return_120d,120日モメンタム,120営業日の騰落率,True,業種,ガラス・土石製品,10d,10営業日,3,3,3,-0.11626213800623185,-0.14802275189599134,0.0,サンプル不足,-0.13783975001173374
v7,return_120d,120日モメンタム,120営業日の騰落率,True,業種,ガラス・土石製品,10d,10営業日,4,5,3,-0.053625337868700024,-0.041935483870967794,0.3333333333333333,サンプル不足,-0.13783975001173374
v7,return_120d,120日モメンタム,120営業日の騰落率,True,業種,ガラス・土石製品,10d,10営業日,5,7,6,-0.18118920526436053,-0.17830399976879951,0.0,サンプル不足,-0.13783975001173374
v7,return_120d,120日モメンタム,120営業日の騰落率,True,業種,ガラス・土石製品,1d,1営業日,1,5,5,-0.04408026303485284,-0.03647416413373861,0.4,サンプル不足,0.026769416909418073
v7,return_120d,120日モメンタム,120営業日の騰落率,True,業種,ガラス・土石製品,1d,1営業日,2,3,3,-0.009274993534207833,-0.0243506493506493,0.3333333333333333,サンプル不足,0.026769416909418073
v7,return_120d,120日モメンタム,120営業日の騰落率,True,業種,ガラス・土石製品,1d,1営業日,3,3,3,-0.011845935982563671,-0.010427952329360779,0.0,サンプル不足,0.026769416909418073
v7,return_120d,120日モメンタム,120営業日の騰落率,True,業種,ガラス・土石製品,1d,1営業日,4,5,5,-0.04425783110962748,-0.034683040159309675,0.4,サンプル不足,0.026769416909418073
v7,return_120d,120日モメンタム,120営業日の騰落率,True,業種,ガラス・土石製品,1d,1営業日,5,7,7,-0.017310846125434765,-0.013090495162208282,0.2857142857142857,サンプル不足,0.026769416909418073
v7,return_120d,120日モメンタム,120営業日の騰落率,True,業種,ガラス・土石製品,3d,3営業日,1,5,5,-0.055975289092864464,-0.028875379939209744,0.2,サンプル不足,-0.03222068564472505
v7,return_120d,120日モメンタム,120営業日の騰落率,True,業種,ガラス・土石製品,3d,3営業日,2,3,3,-0.0036901442675392657,-0.0249520153550864,0.3333333333333333,サンプル不足,-0.03222068564472505
v7,return_120d,120日モメンタム,120営業日の騰落率,True,業種,ガラス・土石製品,3d,3営業日,3,3,3,-0.047776988136915784,-0.04723791588198367,0.0,サンプル不足,-0.03222068564472505
v7,return_120d,120日モメンタム,120営業日の騰落率,True,業種,ガラス・土石製品,3d,3営業日,4,5,4,-0.06468422267976445,-0.06393538807864552,0.25,サンプル不足,-0.03222068564472505
v7,return_120d,120日モメンタム,120営業日の騰落率,True,業種,ガラス・土石製品,3d,3営業日,5,7,6,-0.08819597473758951,-0.09233478341355045,0.16666666666666666,サンプル不足,-0.03222068564472505
v7,return_120d,120日モメンタム,120営業日の騰落率,True,業種,ガラス・土石製品,5d,5営業日,1,5,5,-0.05752665183784652,-0.02583586626139822,0.0,サンプル不足,-0.02824507159793354
v7,return_120d,120日モメンタム,120営業日の騰落率,True,業種,ガラス・土石製品,5d,5営業日,2,3,3,-0.004149690127544299,-0.0056818181818182,0.3333333333333333,サンプル不足,-0.02824507159793354
v7,return_120d,120日モメンタム,120営業日の騰落率,True,業種,ガラス・土石製品,5d,5営業日,3,3,3,-0.12710765667048426,-0.1039755351681956,0.0,サンプル不足,-0.02824507159793354
v7,return_120d,120日モメンタム,120営業日の騰落率,True,業種,ガラス・土石製品,5d,5営業日,4,5,3,-0.011790143074903892,0.01505376344086029,0.6666666666666666,サンプル不足,-0.02824507159793354
v7,return_120d,120日モメンタム,120営業日の騰落率,True,業種,ガラス・土石製品,5d,5営業日,5,7,6,-0.08577172343578006,-0.09414556962025315,0.3333333333333333,サンプル不足,-0.02824507159793354
v7,return_120d,120日モメンタム,120営業日の騰落率,True,業種,ゴム製品,10d,10営業日,1,8,4,0.04559232334379437,0.046483486116078554,1.0,サンプル不足,-0.15996899155847216
v7,return_120d,120日モメンタム,120営業日の騰落率,True,業種,ゴム製品,10d,10営業日,2,14,10,0.07756899451766633,0.06738021996544608,1.0,サンプル不足,-0.15996899155847216
v7,return_120d,120日モメンタム,120営業日の騰落率,True,業種,ゴム製品,10d,10営業日,3,7,1,0.049611155805846074,0.049611155805846074,1.0,サンプル不足,-0.15996899155847216
v7,return_120d,120日モメンタム,120営業日の騰落率,True,業種,ゴム製品,10d,10営業日,4,2,2,0.10548774002954205,0.10548774002954205,1.0,サンプル不足,-0.15996899155847216
v7,return_120d,120日モメンタム,120営業日の騰落率,True,業種,ゴム製品,10d,10営業日,5,4,4,-0.11437666821467778,-0.1310061378128599,0.0,サンプル不足,-0.15996899155847216
v7,return_120d,120日モメンタム,120営業日の騰落率,True,業種,ゴム製品,1d,1営業日,1,8,8,0.0002593641600870944,0.002813459311530764,0.5,サンプル不足,-0.023212755900039066
v7,return_120d,120日モメンタム,120営業日の騰落率,True,業種,ゴム製品,1d,1営業日,2,14,13,0.011674633813331909,0.005184033177812353,0.6153846153846154,サンプル不足,-0.023212755900039066
v7,return_120d,120日モメンタム,120営業日の騰落率,True,業種,ゴム製品,1d,1営業日,3,7,6,0.008919907455065027,0.00013885239476424394,0.5,サンプル不足,-0.023212755900039066
v7,return_120d,120日モメンタム,120営業日の騰落率,True,業種,ゴム製品,1d,1営業日,4,2,2,0.006522895125553957,0.006522895125553957,0.5,サンプル不足,-0.023212755900039066
v7,return_120d,120日モメンタム,120営業日の騰落率,True,業種,ゴム製品,1d,1営業日,5,4,4,-0.02295339173995197,-0.00827995725066515,0.25,サンプル不足,-0.023212755900039066
v7,return_120d,120日モメンタム,120営業日の騰落率,True,業種,ゴム製品,3d,3営業日,1,8,6,0.01331057605611291,0.010498320268756967,0.5,サンプル不足,-0.02887227687489486
v7,return_120d,120日モメンタム,120営業日の騰落率,True,業種,ゴム製品,3d,3営業日,2,14,11,0.027768995287685092,0.023613690634120443,0.8181818181818182,サンプル不足,-0.02887227687489486
v7,return_120d,120日モメンタム,120営業日の騰落率,True,業種,ゴム製品,3d,3営業日,3,7,5,-0.015113902416229208,-0.011349306431273631,0.4,サンプル不足,-0.02887227687489486
v7,return_120d,120日モメンタム,120営業日の騰落率,True,業種,ゴム製品,3d,3営業日,4,2,2,0.028186706056129936,0.028186706056129936,1.0,サンプル不足,-0.02887227687489486
v7,return_120d,120日モメンタム,120営業日の騰落率,True,業種,ゴム製品,3d,3営業日,5,4,4,-0.01556170081878195,-0.005065275957617752,0.5,サンプル不足,-0.02887227687489486
v7,return_120d,120日モメンタム,120営業日の騰落率,True,業種,ゴム製品,5d,5営業日,1,8,5,0.02533810018537306,0.03321575543797772,0.8,サンプル不足,-0.07326143873161263
v7,return_120d,120日モメンタム,120営業日の騰落率,True,業種,ゴム製品,5d,5営業日,2,14,11,0.04201897578558192,0.026469031233456786,1.0,サンプル不足,-0.07326143873161263
v7,return_120d,120日モメンタム,120営業日の騰落率,True,業種,ゴム製品,5d,5営業日,3,7,5,0.00620723202031972,0.001031459515214106,0.6,サンプル不足,-0.07326143873161263
v7,return_120d,120日モメンタム,120営業日の騰落率,True,業種,ゴム製品,5d,5営業日,4,2,2,0.076250516986706,0.076250516986706,1.0,サンプル不足,-0.07326143873161263
v7,return_120d,120日モメンタム,120営業日の騰落率,True,業種,ゴム製品,5d,5営業日,5,4,4,-0.04792333854623957,-0.07088924001450544,0.25,サンプル不足,-0.07326143873161263
v7,return_120d,120日モメンタム,120営業日の騰落率,True,業種,サービス業,10d,10営業日,1,111,86,0.015673054612746377,0.023522106308991538,0.6162790697674418,評価可能,-0.041435513624304976
v7,return_120d,120日モメンタム,120営業日の騰落率,True,業種,サービス業,10d,10営業日,2,81,59,0.018942785041885728,0.01522388059701485,0.6440677966101694,評価可能,-0.041435513624304976
v7,return_120d,120日モメンタム,120営業日の騰落率,True,業種,サービス業,10d,10営業日,3,63,48,0.004914356599602067,0.009956185273699767,0.5416666666666666,評価可能,-0.041435513624304976
v7,return_120d,120日モメンタム,120営業日の騰落率,True,業種,サービス業,10d,10営業日,4,44,30,-0.010202252544085503,0.004260047164366232,0.5333333333333333,評価可能,-0.041435513624304976
v7,return_120d,120日モメンタム,120営業日の騰落率,True,業種,サービス業,10d,10営業日,5,46,30,-0.025762459011558596,-0.03387208895853693,0.4666666666666667,評価可能,-0.041435513624304976
v7,return_120d,120日モメンタム,120営業日の騰落率,True,業種,サービス業,1d,1営業日,1,111,109,-0.001505838595351505,0.0020150210661293855,0.5504587155963303,評価可能,0.024184343109475367
v7,return_120d,120日モメンタム,120営業日の騰落率,True,業種,サービス業,1d,1営業日,2,81,78,0.002778039939870628,0.0016151211446312247,0.5128205128205128,評価可能,0.024184343109475367
v7,return_120d,120日モメンタム,120営業日の騰落率,True,業種,サービス業,1d,1営業日,3,63,61,0.003453335745325905,-0.002097315436241587,0.39344262295081966,評価可能,0.024184343109475367
v7,return_120d,120日モメンタム,120営業日の騰落率,True,業種,サービス業,1d,1営業日,4,44,42,-0.002461370119933141,-0.002237136465324363,0.47619047619047616,評価可能,0.024184343109475367
v7,return_120d,120日モメンタム,120営業日の騰落率,True,業種,サービス業,1d,1営業日,5,46,44,0.02267850451412386,0.0017826588796632237,0.5454545454545454,評価可能,0.024184343109475367
v7,return_120d,120日モメンタム,120営業日の騰落率,True,業種,サービス業,3d,3営業日,1,111,102,-0.0037534148773788207,0.004168887825739209,0.5294117647058824,評価可能,0.04101425402027808
v7,return_120d,120日モメンタム,120営業日の騰落率,True,業種,サービス業,3d,3営業日,2,81,74,-0.001691597458254427,-0.004402608306890432,0.4594594594594595,評価可能,0.04101425402027808
v7,return_120d,120日モメンタム,120営業日の騰落率,True,業種,サービス業,3d,3営業日,3,63,59,0.004347251833430263,0.0,0.4745762711864407,評価可能,0.04101425402027808
v7,return_120d,120日モメンタム,120営業日の騰落率,True,業種,サービス業,3d,3営業日,4,44,41,-0.008561449183602944,-0.001408167370750335,0.4878048780487805,評価可能,0.04101425402027808
v7,return_120d,120日モメンタム,120営業日の騰落率,True,業種,サービス業,3d,3営業日,5,46,41,0.03726083914289926,0.0007651109410864443,0.5609756097560976,評価可能,0.04101425402027808
v7,return_120d,120日モメンタム,120営業日の騰落率,True,業種,サービス業,5d,5営業日,1,111,97,-0.0012117928241349514,0.00768639508070712,0.5773195876288659,評価可能,0.020631693952959496
v7,return_120d,120日モメンタム,120営業日の騰落率,True,業種,サービス業,5d,5営業日,2,81,71,0.0004198236017424594,-0.001516300227445,0.4788732394366197,評価可能,0.020631693952959496
v7,return_120d,120日モメンタム,120営業日の騰落率,True,業種,サービス業,5d,5営業日,3,63,58,-0.006745124713114784,-0.0034720559360183886,0.43103448275862066,評価可能,0.020631693952959496
v7,return_120d,120日モメンタム,120営業日の騰落率,True,業種,サービス業,5d,5営業日,4,44,39,-0.012096182947152149,-0.016866490550701108,0.4358974358974359,評価可能,0.020631693952959496
v7,return_120d,120日モメンタム,120営業日の騰落率,True,業種,サービス業,5d,5営業日,5,46,39,0.019419901128824545,-0.005420054200542035,0.4358974358974359,評価可能,0.020631693952959496
v7,return_120d,120日モメンタム,120営業日の騰落率,True,業種,パルプ・紙,10d,10営業日,1,8,3,-0.0006486974581633142,0.005292194571255848,0.6666666666666666,サンプル不足,-0.16677959546506874
v7,return_120d,120日モメンタム,120営業日の騰落率,True,業種,パルプ・紙,10d,10営業日,2,1,0,,,,サンプル不足,-0.16677959546506874
v7,return_120d,120日モメンタム,120営業日の騰落率,True,業種,パルプ・紙,10d,10営業日,3,1,0,,,,サンプル不足,-0.16677959546506874
v7,return_120d,120日モメンタム,120営業日の騰落率,True,業種,パルプ・紙,10d,10営業日,4,3,3,-0.047927281740343,-0.05429553264604814,0.3333333333333333,サンプル不足,-0.16677959546506874
v7,return_120d,120日モメンタム,120営業日の騰落率,True,業種,パルプ・紙,10d,10営業日,5,4,4,-0.16742829292323205,-0.17380465727425354,0.0,サンプル不足,-0.16677959546506874
v7,return_120d,120日モメンタム,120営業日の騰落率,True,業種,パルプ・紙,1d,1営業日,1,8,8,-0.023335774594792656,-0.015091298782302698,0.0,サンプル不足,-0.01303538226491572
v7,return_120d,120日モメンタム,120営業日の騰落率,True,業種,パルプ・紙,1d,1営業日,2,1,1,-0.011768349334159156,-0.011768349334159156,0.0,サンプル不足,-0.01303538226491572
v7,return_120d,120日モメンタム,120営業日の騰落率,True,業種,パルプ・紙,1d,1営業日,3,1,1,0.00045065344749883884,0.00045065344749883884,1.0,サンプル不足,-0.01303538226491572
v7,return_120d,120日モメンタム,120営業日の騰落率,True,業種,パルプ・紙,1d,1営業日,4,3,3,-0.003889606606853113,0.0034364261168384758,0.6666666666666666,サンプル不足,-0.01303538226491572
v7,return_120d,120日モメンタム,120営業日の騰落率,True,業種,パルプ・紙,1d,1営業日,5,4,4,-0.036371156859708376,-0.03422216626339815,0.25,サンプル不足,-0.01303538226491572
v7,return_120d,120日モメンタム,120営業日の騰落率,True,業種,パルプ・紙,3d,3営業日,1,8,8,-0.0170999822347671,-0.007687632827922675,0.375,サンプル不足,-0.08456979023115077
v7,return_120d,120日モメンタム,120営業日の騰落率,True,業種,パルプ・紙,3d,3営業日,2,1,1,-0.01238773614122024,-0.01238773614122024,0.0,サンプル不足,-0.08456979023115077
v7,return_120d,120日モメンタム,120営業日の騰落率,True,業種,パルプ・紙,3d,3営業日,3,1,0,,,,サンプル不足,-0.08456979023115077
v7,return_120d,120日モメンタム,120営業日の騰落率,True,業種,パルプ・紙,3d,3営業日,4,3,3,0.008559333288108983,0.03583815028901727,0.6666666666666666,サンプル不足,-0.08456979023115077
v7,return_120d,120日モメンタム,120営業日の騰落率,True,業種,パルプ・紙,3d,3営業日,5,4,4,-0.10166977246591788,-0.08727032712286426,0.0,サンプル不足,-0.08456979023115077
v7,return_120d,120日モメンタム,120営業日の騰落率,True,業種,パルプ・紙,5d,5営業日,1,8,6,0.0018675193785781807,0.004361172219681575,0.6666666666666666,サンプル不足,-0.11557207493659949
v7,return_120d,120日モメンタム,120営業日の騰落率,True,業種,パルプ・紙,5d,5営業日,2,1,0,,,,サンプル不足,-0.11557207493659949
v7,return_120d,120日モメンタム,120営業日の騰落率,True,業種,パルプ・紙,5d,5営業日,3,1,0,,,,サンプル不足,-0.11557207493659949
v7,return_120d,120日モメンタム,120営業日の騰落率,True,業種,パルプ・紙,5d,5営業日,4,3,3,-0.0004765047622366699,0.03711340206185576,0.6666666666666666,サンプル不足,-0.11557207493659949
v7,return_120d,120日モメンタム,120営業日の騰落率,True,業種,パルプ・紙,5d,5営業日,5,4,4,-0.11370455555802131,-0.10443389394690619,0.0,サンプル不足,-0.11557207493659949
v7,return_120d,120日モメンタム,120営業日の騰落率,True,業種,不動産業,10d,10営業日,1,14,9,0.00175632010829915,-0.002790178571428603,0.4444444444444444,サンプル不足,-0.07782357243705576
v7,return_120d,120日モメンタム,120営業日の騰落率,True,業種,不動産業,10d,10営業日,2,15,10,-0.0248843622948454,-0.039462384580347745,0.3,サンプル不足,-0.07782357243705576
v7,return_120d,120日モメンタム,120営業日の騰落率,True,業種,不動産業,10d,10営業日,3,10,9,-0.013748849931783725,0.004608294930875667,0.5555555555555556,サンプル不足,-0.07782357243705576
v7,return_120d,120日モメンタム,120営業日の騰落率,True,業種,不動産業,10d,10営業日,4,8,5,-0.02713692852847411,-0.05607476635514019,0.2,サンプル不足,-0.07782357243705576
v7,return_120d,120日モメンタム,120営業日の騰落率,True,業種,不動産業,10d,10営業日,5,8,2,-0.07606725232875661,-0.07606725232875661,0.5,サンプル不足,-0.07782357243705576
v7,return_120d,120日モメンタム,120営業日の騰落率,True,業種,不動産業,1d,1営業日,1,14,13,-0.005719526526995824,-0.0174603174603175,0.3076923076923077,サンプル不足,-0.006046954329474338
v7,return_120d,120日モメンタム,120営業日の騰落率,True,業種,不動産業,1d,1営業日,2,15,14,-0.01180278331370008,-0.0037232362805874053,0.2857142857142857,サンプル不足,-0.006046954329474338
v7,return_120d,120日モメンタム,120営業日の騰落率,True,業種,不動産業,1d,1営業日,3,10,10,0.0015383593370169638,-0.0034997384439794076,0.5,サンプル不足,-0.006046954329474338
v7,return_120d,120日モメンタム,120営業日の騰落率,True,業種,不動産業,1d,1営業日,4,8,8,-0.017342837889879347,-0.0039619651347068,0.25,サンプル不足,-0.006046954329474338
v7,return_120d,120日モメンタム,120営業日の騰落率,True,業種,不動産業,1d,1営業日,5,8,8,-0.011766480856470161,-0.006433463342330137,0.25,サンプル不足,-0.006046954329474338
v7,return_120d,120日モメンタム,120営業日の騰落率,True,業種,不動産業,3d,3営業日,1,14,13,-0.016261806335591232,-0.0142857142857142,0.23076923076923078,サンプル不足,6.355229142477811e-05
v7,return_120d,120日モメンタム,120営業日の騰落率,True,業種,不動産業,3d,3営業日,2,15,14,-0.04490370245748148,-0.047754838972154004,0.14285714285714285,サンプル不足,6.355229142477811e-05
v7,return_120d,120日モメンタム,120営業日の騰落率,True,業種,不動産業,3d,3営業日,3,10,10,-0.003150038415234637,0.0034374457245412264,0.5,サンプル不足,6.355229142477811e-05
v7,return_120d,120日モメンタム,120営業日の騰落率,True,業種,不動産業,3d,3営業日,4,8,8,-0.01717481951222558,-0.0007923930269413,0.25,サンプル不足,6.355229142477811e-05
v7,return_120d,120日モメンタム,120営業日の騰落率,True,業種,不動産業,3d,3営業日,5,8,7,-0.016198254044166454,-0.00044543429844101645,0.2857142857142857,サンプル不足,6.355229142477811e-05
v7,return_120d,120日モメンタム,120営業日の騰落率,True,業種,不動産業,5d,5営業日,1,14,12,-0.0072190564999737,-0.008971542635892183,0.25,サンプル不足,-0.012549455930130637
v7,return_120d,120日モメンタム,120営業日の騰落率,True,業種,不動産業,5d,5営業日,2,15,11,-0.027081964935995552,-0.0019521717911176184,0.2727272727272727,サンプル不足,-0.012549455930130637
v7,return_120d,120日モメンタム,120営業日の騰落率,True,業種,不動産業,5d,5営業日,3,10,10,-0.001752512142181465,0.010939276384875019,0.6,サンプル不足,-0.012549455930130637
v7,return_120d,120日モメンタム,120営業日の騰落率,True,業種,不動産業,5d,5営業日,4,8,7,-0.02426932808878394,-0.01869158878504673,0.14285714285714285,サンプル不足,-0.012549455930130637
v7,return_120d,120日モメンタム,120営業日の騰落率,True,業種,不動産業,5d,5営業日,5,8,5,-0.019768512430104336,-0.0007485029940119681,0.4,サンプル不足,-0.012549455930130637
v7,return_120d,120日モメンタム,120営業日の騰落率,True,業種,保険業,10d,10営業日,1,7,7,-0.011627064749633662,-0.018965517241379293,0.2857142857142857,サンプル不足,0.010799623787742416
v7,return_120d,120日モメンタム,120営業日の騰落率,True,業種,保険業,10d,10営業日,2,16,13,0.010240096740712015,0.0038785139971035942,0.5384615384615384,サンプル不足,0.010799623787742416
v7,return_120d,120日モメンタム,120営業日の騰落率,True,業種,保険業,10d,10営業日,3,20,17,0.03955959365190378,0.04014084507042259,0.8823529411764706,サンプル不足,0.010799623787742416
v7,return_120d,120日モメンタム,120営業日の騰落率,True,業種,保険業,10d,10営業日,4,27,20,0.018430276745251918,0.010021954995243054,0.75,サンプル不足,0.010799623787742416
v7,return_120d,120日モメンタム,120営業日の騰落率,True,業種,保険業,10d,10営業日,5,20,10,-0.0008274409618912459,0.006015225918138523,0.6,サンプル不足,0.010799623787742416
v7,return_120d,120日モメンタム,120営業日の騰落率,True,業種,保険業,1d,1営業日,1,7,7,0.001026764439718957,-0.005172413793103403,0.42857142857142855,サンプル不足,-0.0014907423668340906
v7,return_120d,120日モメンタム,120営業日の騰落率,True,業種,保険業,1d,1営業日,2,16,16,-0.003512999599048258,-0.009331437426194467,0.4375,サンプル不足,-0.0014907423668340906
v7,return_120d,120日モメンタム,120営業日の騰落率,True,業種,保険業,1d,1営業日,3,20,20,-0.002422969319428209,0.001169464942681997,0.55,サンプル不足,-0.0014907423668340906
v7,return_120d,120日モメンタム,120営業日の騰落率,True,業種,保険業,1d,1営業日,4,27,27,0.002524412163183492,0.006735751295336767,0.6296296296296297,サンプル不足,-0.0014907423668340906
v7,return_120d,120日モメンタム,120営業日の騰落率,True,業種,保険業,1d,1営業日,5,20,20,-0.00046397792711513344,0.0005455686576403829,0.5,サンプル不足,-0.0014907423668340906
v7,return_120d,120日モメンタム,120営業日の騰落率,True,業種,保険業,3d,3営業日,1,7,7,-0.014720179294339822,-0.0019355035597278247,0.42857142857142855,サンプル不足,0.014033013668498103
v7,return_120d,120日モメンタム,120営業日の騰落率,True,業種,保険業,3d,3営業日,2,16,16,-0.012606631829809103,-0.013411265694658392,0.4375,サンプル不足,0.014033013668498103
v7,return_120d,120日モメンタム,120営業日の騰落率,True,業種,保険業,3d,3営業日,3,20,20,0.011013466417248203,0.017273017630136667,0.7,サンプル不足,0.014033013668498103
v7,return_120d,120日モメンタム,120営業日の騰落率,True,業種,保険業,3d,3営業日,4,27,26,0.0039684982182509815,0.0027282795250364034,0.5769230769230769,サンプル不足,0.014033013668498103
v7,return_120d,120日モメンタム,120営業日の騰落率,True,業種,保険業,3d,3営業日,5,20,19,-0.0006871656258417189,-0.0026062027625749495,0.42105263157894735,サンプル不足,0.014033013668498103
v7,return_120d,120日モメンタム,120営業日の騰落率,True,業種,保険業,5d,5営業日,1,7,7,-0.0325250895508075,-0.02070255909239116,0.14285714285714285,サンプル不足,0.02971671382636676
v7,return_120d,120日モメンタム,120営業日の騰落率,True,業種,保険業,5d,5営業日,2,16,16,-0.010323248585148721,-0.015509334249624696,0.4375,サンプル不足,0.02971671382636676
v7,return_120d,120日モメンタム,120営業日の騰落率,True,業種,保険業,5d,5営業日,3,20,18,0.023769365807782248,0.02376574461206571,0.7777777777777778,サンプル不足,0.02971671382636676
v7,return_120d,120日モメンタム,120営業日の騰落率,True,業種,保険業,5d,5営業日,4,27,25,0.005894951998638418,0.010729613733905685,0.56,サンプル不足,0.02971671382636676
v7,return_120d,120日モメンタム,120営業日の騰落率,True,業種,保険業,5d,5営業日,5,20,19,-0.002808375724440739,-0.003935974809761267,0.3684210526315789,サンプル不足,0.02971671382636676
v7,return_120d,120日モメンタム,120営業日の騰落率,True,業種,倉庫・運輸関連業,10d,10営業日,1,4,3,0.052518257414837455,-0.0114848236259228,0.3333333333333333,サンプル不足,-0.17871353399437856
v7,return_120d,120日モメンタム,120営業日の騰落率,True,業種,倉庫・運輸関連業,10d,10営業日,2,5,5,0.0012615408567127119,-0.0023291925465838137,0.4,サンプル不足,-0.17871353399437856
v7,return_120d,120日モメンタム,120営業日の騰落率,True,業種,倉庫・運輸関連業,10d,10営業日,3,5,4,0.02244422550465259,-0.0074414292937806,0.5,サンプル不足,-0.17871353399437856
v7,return_120d,120日モメンタム,120営業日の騰落率,True,業種,倉庫・運輸関連業,10d,10営業日,4,2,2,0.15668285497272538,0.15668285497272538,1.0,サンプル不足,-0.17871353399437856
v7,return_120d,120日モメンタム,120営業日の騰落率,True,業種,倉庫・運輸関連業,10d,10営業日,5,3,2,-0.1261952765795411,-0.1261952765795411,0.0,サンプル不足,-0.17871353399437856
v7,return_120d,120日モメンタム,120営業日の騰落率,True,業種,倉庫・運輸関連業,1d,1営業日,1,4,4,0.0014595536634640308,0.0,0.25,サンプル不足,-0.0372525565953122
v7,return_120d,120日モメンタム,120営業日の騰落率,True,業種,倉庫・運輸関連業,1d,1営業日,2,5,5,-0.005758186748586821,-0.005822981366459645,0.2,サンプル不足,-0.0372525565953122
v7,return_120d,120日モメンタム,120営業日の騰落率,True,業種,倉庫・運輸関連業,1d,1営業日,3,5,5,-0.006879853136121991,-0.012445550715619147,0.2,サンプル不足,-0.0372525565953122
v7,return_120d,120日モメンタム,120営業日の騰落率,True,業種,倉庫・運輸関連業,1d,1営業日,4,2,2,-0.010841101418586574,-0.010841101418586574,0.5,サンプル不足,-0.0372525565953122
v7,return_120d,120日モメンタム,120営業日の騰落率,True,業種,倉庫・運輸関連業,1d,1営業日,5,3,3,-0.03579300293184817,0.01365705614567525,0.6666666666666666,サンプル不足,-0.0372525565953122
v7,return_120d,120日モメンタム,120営業日の騰落率,True,業種,倉庫・運輸関連業,3d,3営業日,1,4,3,-0.005119169834355273,0.0,0.3333333333333333,サンプル不足,-0.02157555112750401
v7,return_120d,120日モメンタム,120営業日の騰落率,True,業種,倉庫・運輸関連業,3d,3営業日,2,5,5,0.009502186081281288,-0.0039138943248532,0.4,サンプル不足,-0.02157555112750401
v7,return_120d,120日モメンタム,120営業日の騰落率,True,業種,倉庫・運輸関連業,3d,3営業日,3,5,4,-0.008727095272861838,-0.010063325890405928,0.25,サンプル不足,-0.02157555112750401
v7,return_120d,120日モメンタム,120営業日の騰落率,True,業種,倉庫・運輸関連業,3d,3営業日,4,2,2,0.019154678880781928,0.019154678880781928,0.5,サンプル不足,-0.02157555112750401
v7,return_120d,120日モメンタム,120営業日の騰落率,True,業種,倉庫・運輸関連業,3d,3営業日,5,3,3,-0.02669472096185928,0.03186646433990892,0.6666666666666666,サンプル不足,-0.02157555112750401
v7,return_120d,120日モメンタム,120営業日の騰落率,True,業種,倉庫・運輸関連業,5d,5営業日,1,4,3,-0.005311292179236066,-0.007383100902379,0.3333333333333333,サンプル不足,-0.01602938773870846
v7,return_120d,120日モメンタム,120営業日の騰落率,True,業種,倉庫・運輸関連業,5d,5営業日,2,5,5,0.001362126859646532,-0.016885553470919357,0.4,サンプル不足,-0.01602938773870846
v7,return_120d,120日モメンタム,120営業日の騰落率,True,業種,倉庫・運輸関連業,5d,5営業日,3,5,4,-0.013547393012332645,-0.01125681759947289,0.25,サンプル不足,-0.01602938773870846
v7,return_120d,120日モメンタム,120営業日の騰落率,True,業種,倉庫・運輸関連業,5d,5営業日,4,2,2,0.06387245763036964,0.06387245763036964,1.0,サンプル不足,-0.01602938773870846
v7,return_120d,120日モメンタム,120営業日の騰落率,True,業種,倉庫・運輸関連業,5d,5営業日,5,3,3,-0.021340679917944527,0.04703247480403139,0.6666666666666666,サンプル不足,-0.01602938773870846
v7,return_120d,120日モメンタム,120営業日の騰落率,True,業種,化学,10d,10営業日,1,41,33,-0.016134602770953195,0.006236080178173786,0.6060606060606061,評価可能,-0.06196689998519845
v7,return_120d,120日モメンタム,120営業日の騰落率,True,業種,化学,10d,10営業日,2,68,46,-0.020009640860140166,-0.006330360562455536,0.45652173913043476,評価可能,-0.06196689998519845
v7,return_120d,120日モメンタム,120営業日の騰落率,True,業種,化学,10d,10営業日,3,72,50,-0.025842018363705584,-0.007489824201120099,0.46,評価可能,-0.06196689998519845
v7,return_120d,120日モメンタム,120営業日の騰落率,True,業種,化学,10d,10営業日,4,60,39,-0.08505720780597976,-0.0758101851851852,0.15384615384615385,評価可能,-0.06196689998519845
v7,return_120d,120日モメンタム,120営業日の騰落率,True,業種,化学,10d,10営業日,5,26,17,-0.07810150275615164,-0.11643835616438358,0.23529411764705882,サンプル不足,-0.06196689998519845
v7,return_120d,120日モメンタム,120営業日の騰落率,True,業種,化学,1d,1営業日,1,41,38,0.003525005482143307,-0.00461197758119708,0.3684210526315789,評価可能,-0.010138708409293372
v7,return_120d,120日モメンタム,120営業日の騰落率,True,業種,化学,1d,1営業日,2,68,62,-0.002249240396792333,-0.002882099135785132,0.3870967741935484,評価可能,-0.010138708409293372
v7,return_120d,120日モメンタム,120営業日の騰落率,True,業種,化学,1d,1営業日,3,72,69,-0.002908600769355845,-0.004745951982132901,0.43478260869565216,評価可能,-0.010138708409293372
v7,return_120d,120日モメンタム,120営業日の騰落率,True,業種,化学,1d,1営業日,4,60,59,-0.012163736166858513,-0.00732377174244736,0.4067796610169492,評価可能,-0.010138708409293372
v7,return_120d,120日モメンタム,120営業日の騰落率,True,業種,化学,1d,1営業日,5,26,24,-0.006613702927150065,-0.015759449798358693,0.4583333333333333,サンプル不足,-0.010138708409293372
v7,return_120d,120日モメンタム,120営業日の騰落率,True,業種,化学,3d,3営業日,1,41,36,0.003931219675786978,-0.0018863053222183401,0.5,評価可能,-0.023170576636353392
v7,return_120d,120日モメンタム,120営業日の騰落率,True,業種,化学,3d,3営業日,2,68,55,-0.012943751560905619,-0.0164563905650027,0.38181818181818183,評価可能,-0.023170576636353392
v7,return_120d,120日モメンタム,120営業日の騰落率,True,業種,化学,3d,3営業日,3,72,62,-0.007465067357568682,-0.002577346835519523,0.46774193548387094,評価可能,-0.023170576636353392
v7,return_120d,120日モメンタム,120営業日の騰落率,True,業種,化学,3d,3営業日,4,60,54,-0.027019712227307837,-0.013891369108013973,0.2777777777777778,評価可能,-0.023170576636353392
v7,return_120d,120日モメンタム,120営業日の騰落率,True,業種,化学,3d,3営業日,5,26,22,-0.019239356960566414,-0.02675822314740517,0.3181818181818182,サンプル不足,-0.023170576636353392
v7,return_120d,120日モメンタム,120営業日の騰落率,True,業種,化学,5d,5営業日,1,41,34,0.006868002969687638,0.0013337418496213171,0.5294117647058824,評価可能,-0.026805354030198462
v7,return_120d,120日モメンタム,120営業日の騰落率,True,業種,化学,5d,5営業日,2,68,51,-0.023408716814450187,-0.007516703786191514,0.4117647058823529,評価可能,-0.026805354030198462
v7,return_120d,120日モメンタム,120営業日の騰落率,True,業種,化学,5d,5営業日,3,72,58,-0.0099113025765884,-0.000978245930698618,0.46551724137931033,評価可能,-0.026805354030198462
v7,return_120d,120日モメンタム,120営業日の騰落率,True,業種,化学,5d,5営業日,4,60,49,-0.0366923770846115,-0.02226775956284155,0.2857142857142857,評価可能,-0.026805354030198462
v7,return_120d,120日モメンタム,120営業日の騰落率,True,業種,化学,5d,5営業日,5,26,21,-0.019937351060510825,-0.029720279720279685,0.3333333333333333,サンプル不足,-0.026805354030198462
v7,return_120d,120日モメンタム,120営業日の騰落率,True,業種,医薬品,10d,10営業日,1,8,5,-0.025693224743647224,-0.016967315592069987,0.4,サンプル不足,-0.2296344105839881
v7,return_120d,120日モメンタム,120営業日の騰落率,True,業種,医薬品,10d,10営業日,2,11,8,-0.010573520618626802,0.017161056775754857,0.625,サンプル不足,-0.2296344105839881
v7,return_120d,120日モメンタム,120営業日の騰落率,True,業種,医薬品,10d,10営業日,3,12,7,-0.025821874682657175,-0.03241462991853006,0.14285714285714285,サンプル不足,-0.2296344105839881
v7,return_120d,120日モメンタム,120営業日の騰落率,True,業種,医薬品,10d,10営業日,4,1,0,,,,サンプル不足,-0.2296344105839881
v7,return_120d,120日モメンタム,120営業日の騰落率,True,業種,医薬品,10d,10営業日,5,3,3,-0.2553276353276353,-0.1923076923076923,0.0,サンプル不足,-0.2296344105839881
v7,return_120d,120日モメンタム,120営業日の騰落率,True,業種,医薬品,1d,1営業日,1,8,8,-0.026464392338670387,-0.0011787515620426837,0.25,サンプル不足,-0.11518802931375129
v7,return_120d,120日モメンタム,120営業日の騰落率,True,業種,医薬品,1d,1営業日,2,11,11,-0.022291766230227963,-0.007224898110411271,0.2727272727272727,サンプル不足,-0.11518802931375129
v7,return_120d,120日モメンタム,120営業日の騰落率,True,業種,医薬品,1d,1営業日,3,12,12,-0.002590107688951626,-0.0101077862373663,0.3333333333333333,サンプル不足,-0.11518802931375129
v7,return_120d,120日モメンタム,120営業日の騰落率,True,業種,医薬品,1d,1営業日,4,1,1,-0.011412829594647733,-0.011412829594647733,0.0,サンプル不足,-0.11518802931375129
v7,return_120d,120日モメンタム,120営業日の騰落率,True,業種,医薬品,1d,1営業日,5,3,3,-0.14165242165242167,-0.1025641025641025,0.3333333333333333,サンプル不足,-0.11518802931375129
v7,return_120d,120日モメンタム,120営業日の騰落率,True,業種,医薬品,3d,3営業日,1,8,7,-0.04174653688973008,-0.07165109034267914,0.42857142857142855,サンプル不足,-0.135347480204287
v7,return_120d,120日モメンタム,120営業日の騰落率,True,業種,医薬品,3d,3営業日,2,11,11,-0.03082360792827791,-0.0157480314960629,0.36363636363636365,サンプル不足,-0.135347480204287
v7,return_120d,120日モメンタム,120営業日の騰落率,True,業種,医薬品,3d,3営業日,3,12,11,-0.012708789259751689,-0.008840353614144592,0.36363636363636365,サンプル不足,-0.135347480204287
v7,return_120d,120日モメンタム,120営業日の騰落率,True,業種,医薬品,3d,3営業日,4,1,0,,,,サンプル不足,-0.135347480204287
v7,return_120d,120日モメンタム,120営業日の騰落率,True,業種,医薬品,3d,3営業日,5,3,3,-0.17709401709401706,-0.0697435897435897,0.0,サンプル不足,-0.135347480204287
v7,return_120d,120日モメンタム,120営業日の騰落率,True,業種,医薬品,5d,5営業日,1,8,7,-0.0694303860169291,-0.07926618206992042,0.0,サンプル不足,-0.11888870230215927
v7,return_120d,120日モメンタム,120営業日の騰落率,True,業種,医薬品,5d,5営業日,2,11,11,-0.022183086727760173,0.0006558810668999548,0.5454545454545454,サンプル不足,-0.11888870230215927
v7,return_120d,120日モメンタム,120営業日の騰落率,True,業種,医薬品,5d,5営業日,3,12,11,-0.018897169401920755,-0.03349282296650713,0.36363636363636365,サンプル不足,-0.11888870230215927
v7,return_120d,120日モメンタム,120営業日の騰落率,True,業種,医薬品,5d,5営業日,4,1,0,,,,サンプル不足,-0.11888870230215927
v7,return_120d,120日モメンタム,120営業日の騰落率,True,業種,医薬品,5d,5営業日,5,3,3,-0.18831908831908836,-0.1153846153846154,0.0,サンプル不足,-0.11888870230215927
v7,return_120d,120日モメンタム,120営業日の騰落率,True,業種,卸売業,10d,10営業日,1,30,21,0.0067231198273293765,-0.0034947578632051,0.38095238095238093,サンプル不足,-0.06381697786133154
v7,return_120d,120日モメンタム,120営業日の騰落率,True,業種,卸売業,10d,10営業日,2,43,35,-0.016465644844687138,-0.016941789748045166,0.4,評価可能,-0.06381697786133154
v7,return_120d,120日モメンタム,120営業日の騰落率,True,業種,卸売業,10d,10営業日,3,36,22,0.020919717709483678,0.028170058968993716,0.5454545454545454,サンプル不足,-0.06381697786133154
v7,return_120d,120日モメンタム,120営業日の騰落率,True,業種,卸売業,10d,10営業日,4,39,17,0.02294992223750516,0.0408432147562582,0.6470588235294118,サンプル不足,-0.06381697786133154
v7,return_120d,120日モメンタム,120営業日の騰落率,True,業種,卸売業,10d,10営業日,5,47,14,-0.057093858034002166,-0.04883526059996647,0.35714285714285715,サンプル不足,-0.06381697786133154
v7,return_120d,120日モメンタム,120営業日の騰落率,True,業種,卸売業,1d,1営業日,1,30,28,-0.0028248670896774382,-0.004779127747735054,0.39285714285714285,サンプル不足,0.01515915628488559
v7,return_120d,120日モメンタム,120営業日の騰落率,True,業種,卸売業,1d,1営業日,2,43,43,-0.0034308979159453357,-0.006363636363636349,0.3953488372093023,評価可能,0.01515915628488559
v7,return_120d,120日モメンタム,120営業日の騰落率,True,業種,卸売業,1d,1営業日,3,36,34,0.01916757900598351,0.017385430057478835,0.6176470588235294,評価可能,0.01515915628488559
v7,return_120d,120日モメンタム,120営業日の騰落率,True,業種,卸売業,1d,1営業日,4,39,36,0.005915601726009856,0.0028561818296812744,0.5277777777777778,評価可能,0.01515915628488559
v7,return_120d,120日モメンタム,120営業日の騰落率,True,業種,卸売業,1d,1営業日,5,47,42,0.012334289195208152,0.0053600285617648735,0.5476190476190477,評価可能,0.01515915628488559
v7,return_120d,120日モメンタム,120営業日の騰落率,True,業種,卸売業,3d,3営業日,1,30,25,-0.009159532265443415,-0.0075845974329055,0.44,サンプル不足,0.015376755192409962
v7,return_120d,120日モメンタム,120営業日の騰落率,True,業種,卸売業,3d,3営業日,2,43,41,-0.0034611828870370173,-0.00738488271068638,0.34146341463414637,評価可能,0.015376755192409962
v7,return_120d,120日モメンタム,120営業日の騰落率,True,業種,卸売業,3d,3営業日,3,36,31,0.02753338192812504,0.020499999999999963,0.6451612903225806,評価可能,0.015376755192409962
v7,return_120d,120日モメンタム,120営業日の騰落率,True,業種,卸売業,3d,3営業日,4,39,30,-0.006871637962836896,0.0018626929217668842,0.5,評価可能,0.015376755192409962
v7,return_120d,120日モメンタム,120営業日の騰落率,True,業種,卸売業,3d,3営業日,5,47,38,0.006217222926966547,-0.007278376139188081,0.4473684210526316,評価可能,0.015376755192409962
v7,return_120d,120日モメンタム,120営業日の騰落率,True,業種,卸売業,5d,5営業日,1,30,23,-0.010912587705775354,-0.0137614678899082,0.43478260869565216,サンプル不足,0.011847883606269066
v7,return_120d,120日モメンタム,120営業日の騰落率,True,業種,卸売業,5d,5営業日,2,43,38,-0.002664093530987807,-0.002247006724618603,0.4473684210526316,評価可能,0.011847883606269066
v7,return_120d,120日モメンタム,120営業日の騰落率,True,業種,卸売業,5d,5営業日,3,36,27,0.022997945985158634,0.01636520241171402,0.5925925925925926,サンプル不足,0.011847883606269066
v7,return_120d,120日モメンタム,120営業日の騰落率,True,業種,卸売業,5d,5営業日,4,39,25,-0.0004050536147229078,0.0,0.48,サンプル不足,0.011847883606269066
v7,return_120d,120日モメンタム,120営業日の騰落率,True,業種,卸売業,5d,5営業日,5,47,30,0.0009352959004937119,-0.018239048673282448,0.36666666666666664,評価可能,0.011847883606269066
v7,return_120d,120日モメンタム,120営業日の騰落率,True,業種,小売業,10d,10営業日,1,59,43,0.025441940451190016,0.0185185185185186,0.627906976744186,評価可能,-0.018321995209745274
v7,return_120d,120日モメンタム,120営業日の騰落率,True,業種,小売業,10d,10営業日,2,38,26,-0.005762114830268802,-0.0042822581162684364,0.46153846153846156,サンプル不足,-0.018321995209745274
v7,return_120d,120日モメンタム,120営業日の騰落率,True,業種,小売業,10d,10営業日,3,49,39,0.027596095105105613,0.0276162790697673,0.6410256410256411,評価可能,-0.018321995209745274
v7,return_120d,120日モメンタム,120営業日の騰落率,True,業種,小売業,10d,10営業日,4,50,41,0.0013624668947504821,-0.0087509944311853,0.4634146341463415,評価可能,-0.018321995209745274
v7,return_120d,120日モメンタム,120営業日の騰落率,True,業種,小売業,10d,10営業日,5,27,18,0.007119945241444742,-0.004930734914299129,0.4444444444444444,サンプル不足,-0.018321995209745274
v7,return_120d,120日モメンタム,120営業日の騰落率,True,業種,小売業,1d,1営業日,1,59,58,0.004055377782081524,-0.0006513243595310247,0.4827586206896552,評価可能,-0.004433096456290244
v7,return_120d,120日モメンタム,120営業日の騰落率,True,業種,小売業,1d,1営業日,2,38,38,-0.007478055635344739,-0.010998065781712203,0.3684210526315789,評価可能,-0.004433096456290244
v7,return_120d,120日モメンタム,120営業日の騰落率,True,業種,小売業,1d,1営業日,3,49,47,0.008836808777519694,0.0,0.46808510638297873,評価可能,-0.004433096456290244
v7,return_120d,120日モメンタム,120営業日の騰落率,True,業種,小売業,1d,1営業日,4,50,49,-0.0019532845171992574,-0.0035799097114744827,0.4489795918367347,評価可能,-0.004433096456290244
v7,return_120d,120日モメンタム,120営業日の騰落率,True,業種,小売業,1d,1営業日,5,27,27,-0.00037771867420871986,-0.0034989503149055468,0.4074074074074074,サンプル不足,-0.004433096456290244
v7,return_120d,120日モメンタム,120営業日の騰落率,True,業種,小売業,3d,3営業日,1,59,55,0.011820363833634705,0.004862236628849326,0.5818181818181818,評価可能,-0.01675169410066355
v7,return_120d,120日モメンタム,120営業日の騰落率,True,業種,小売業,3d,3営業日,2,38,37,-0.01034504804455078,-0.015494636471990453,0.40540540540540543,評価可能,-0.01675169410066355
v7,return_120d,120日モメンタム,120営業日の騰落率,True,業種,小売業,3d,3営業日,3,49,46,0.023966033073788254,0.012510377407939033,0.5869565217391305,評価可能,-0.01675169410066355
v7,return_120d,120日モメンタム,120営業日の騰落率,True,業種,小売業,3d,3営業日,4,50,49,-0.005721357284163868,-0.009896324222431696,0.42857142857142855,評価可能,-0.01675169410066355
v7,return_120d,120日モメンタム,120営業日の騰落率,True,業種,小売業,3d,3営業日,5,27,25,-0.004931330267028848,-0.007337986458639034,0.4,サンプル不足,-0.01675169410066355
v7,return_120d,120日モメンタム,120営業日の騰落率,True,業種,小売業,5d,5営業日,1,59,52,0.018334726376359845,0.013910051758332133,0.6538461538461539,評価可能,-0.022412996379438704
v7,return_120d,120日モメンタム,120営業日の騰落率,True,業種,小売業,5d,5営業日,2,38,36,-0.01124102717445486,-0.01836370107258245,0.3333333333333333,評価可能,-0.022412996379438704
v7,return_120d,120日モメンタム,120営業日の騰落率,True,業種,小売業,5d,5営業日,3,49,45,0.019918962562975092,0.010556621880998,0.5555555555555556,評価可能,-0.022412996379438704
v7,return_120d,120日モメンタム,120営業日の騰落率,True,業種,小売業,5d,5営業日,4,50,48,-0.004313499707006409,0.0,0.4583333333333333,評価可能,-0.022412996379438704
v7,return_120d,120日モメンタム,120営業日の騰落率,True,業種,小売業,5d,5営業日,5,27,25,-0.0040782700030788585,-0.0151843817787418,0.48,サンプル不足,-0.022412996379438704
v7,return_120d,120日モメンタム,120営業日の騰落率,True,業種,建設業,10d,10営業日,1,12,11,-0.027762822303786308,-0.022436459246275242,0.36363636363636365,サンプル不足,-0.11767554982336657
v7,return_120d,120日モメンタム,120営業日の騰落率,True,業種,建設業,10d,10営業日,2,13,9,-0.017149349952271787,-0.0269749518304431,0.3333333333333333,サンプル不足,-0.11767554982336657
v7,return_120d,120日モメンタム,120営業日の騰落率,True,業種,建設業,10d,10営業日,3,17,11,-0.04048268599020744,-0.05,0.18181818181818182,サンプル不足,-0.11767554982336657
v7,return_120d,120日モメンタム,120営業日の騰落率,True,業種,建設業,10d,10営業日,4,9,7,-0.08454159483908895,-0.08515283842794763,0.14285714285714285,サンプル不足,-0.11767554982336657
v7,return_120d,120日モメンタム,120営業日の騰落率,True,業種,建設業,10d,10営業日,5,8,7,-0.14543837212715288,-0.1167023554603854,0.0,サンプル不足,-0.11767554982336657
v7,return_120d,120日モメンタム,120営業日の騰落率,True,業種,建設業,1d,1営業日,1,12,12,-0.025835307466300545,-0.015419698910663504,0.16666666666666666,サンプル不足,0.01580173800827759
v7,return_120d,120日モメンタム,120営業日の騰落率,True,業種,建設業,1d,1営業日,2,13,13,-0.021598361493682418,-0.0173410404624277,0.15384615384615385,サンプル不足,0.01580173800827759
v7,return_120d,120日モメンタム,120営業日の騰落率,True,業種,建設業,1d,1営業日,3,17,17,-0.008595835033910473,-0.0038961038961038,0.29411764705882354,サンプル不足,0.01580173800827759
v7,return_120d,120日モメンタム,120営業日の騰落率,True,業種,建設業,1d,1営業日,4,9,8,-0.03242654451604314,-0.03775783888893547,0.25,サンプル不足,0.01580173800827759
v7,return_120d,120日モメンタム,120営業日の騰落率,True,業種,建設業,1d,1営業日,5,8,8,-0.010033569458022954,-0.012850132558376649,0.25,サンプル不足,0.01580173800827759
v7,return_120d,120日モメンタム,120営業日の騰落率,True,業種,建設業,3d,3営業日,1,12,12,-0.039515844152326667,-0.028598139198605182,0.25,サンプル不足,-0.01991724592661734
v7,return_120d,120日モメンタム,120営業日の騰落率,True,業種,建設業,3d,3営業日,2,13,10,-0.011756527785783889,-0.008118324886572936,0.4,サンプル不足,-0.01991724592661734
v7,return_120d,120日モメンタム,120営業日の騰落率,True,業種,建設業,3d,3営業日,3,17,17,-0.004250113184689187,0.003616636528029016,0.5294117647058824,サンプル不足,-0.01991724592661734
v7,return_120d,120日モメンタム,120営業日の騰落率,True,業種,建設業,3d,3営業日,4,9,7,-0.04889066540991392,-0.0674793208532869,0.2857142857142857,サンプル不足,-0.01991724592661734
v7,return_120d,120日モメンタム,120営業日の騰落率,True,業種,建設業,3d,3営業日,5,8,8,-0.059433090078944005,-0.04319230165108289,0.25,サンプル不足,-0.01991724592661734
v7,return_120d,120日モメンタム,120営業日の騰落率,True,業種,建設業,5d,5営業日,1,12,11,-0.031977123448395976,-0.021397485493230173,0.18181818181818182,サンプル不足,-0.06288284179719461
v7,return_120d,120日モメンタム,120営業日の騰落率,True,業種,建設業,5d,5営業日,2,13,10,-0.011610842759992777,-0.02243153772122798,0.3,サンプル不足,-0.06288284179719461
v7,return_120d,120日モメンタム,120営業日の騰落率,True,業種,建設業,5d,5営業日,3,17,16,0.00010785772641480271,0.00849282296650707,0.5625,サンプル不足,-0.06288284179719461
v7,return_120d,120日モメンタム,120営業日の騰落率,True,業種,建設業,5d,5営業日,4,9,7,-0.0683043814735079,-0.0882917466410748,0.14285714285714285,サンプル不足,-0.06288284179719461
v7,return_120d,120日モメンタム,120営業日の騰落率,True,業種,建設業,5d,5営業日,5,8,7,-0.0948599652455906,-0.09517006363623437,0.0,サンプル不足,-0.06288284179719461
v7,return_120d,120日モメンタム,120営業日の騰落率,True,業種,情報・通信業,10d,10営業日,1,180,138,0.018410348403297434,0.02035598705501617,0.5869565217391305,評価可能,0.014271329184188022
v7,return_120d,120日モメンタム,120営業日の騰落率,True,業種,情報・通信業,10d,10営業日,2,127,100,0.004722076588870081,0.013317772688761997,0.59,評価可能,0.014271329184188022
v7,return_120d,120日モメンタム,120営業日の騰落率,True,業種,情報・通信業,10d,10営業日,3,106,70,0.010065654179303942,-0.006177336475215733,0.4714285714285714,評価可能,0.014271329184188022
v7,return_120d,120日モメンタム,120営業日の騰落率,True,業種,情報・通信業,10d,10営業日,4,67,36,-0.04127864494149594,-0.03779107497327834,0.3333333333333333,評価可能,0.014271329184188022
v7,return_120d,120日モメンタム,120営業日の騰落率,True,業種,情報・通信業,10d,10営業日,5,59,32,0.032681677587485455,-0.005931495405179621,0.375,評価可能,0.014271329184188022
v7,return_120d,120日モメンタム,120営業日の騰落率,True,業種,情報・通信業,1d,1営業日,1,180,178,0.0016657208792231338,-0.0006053880451329745,0.46629213483146065,評価可能,0.007903365193432309
v7,return_120d,120日モメンタム,120営業日の騰落率,True,業種,情報・通信業,1d,1営業日,2,127,126,-8.616488479515835e-05,-0.002061532577632845,0.46825396825396826,評価可能,0.007903365193432309
v7,return_120d,120日モメンタム,120営業日の騰落率,True,業種,情報・通信業,1d,1営業日,3,106,104,0.001185150548571114,-0.0030958283052880727,0.4519230769230769,評価可能,0.007903365193432309
v7,return_120d,120日モメンタム,120営業日の騰落率,True,業種,情報・通信業,1d,1営業日,4,67,62,-0.009845933510286316,-0.01132245459753245,0.3064516129032258,評価可能,0.007903365193432309
v7,return_120d,120日モメンタム,120営業日の騰落率,True,業種,情報・通信業,1d,1営業日,5,59,57,0.009569086072655443,0.0,0.47368421052631576,評価可能,0.007903365193432309
v7,return_120d,120日モメンタム,120営業日の騰落率,True,業種,情報・通信業,3d,3営業日,1,180,173,-0.005144115199751741,-0.0023529411764705,0.4624277456647399,評価可能,0.024929635381037756
v7,return_120d,120日モメンタム,120営業日の騰落率,True,業種,情報・通信業,3d,3営業日,2,127,123,-0.0002956347306354687,0.0006739784067739674,0.5040650406504065,評価可能,0.024929635381037756
v7,return_120d,120日モメンタム,120営業日の騰落率,True,業種,情報・通信業,3d,3営業日,3,106,99,0.01026084777669365,-0.004375497215592716,0.43434343434343436,評価可能,0.024929635381037756
v7,return_120d,120日モメンタム,120営業日の騰落率,True,業種,情報・通信業,3d,3営業日,4,67,57,-0.028160866329425157,-0.0157657657657657,0.38596491228070173,評価可能,0.024929635381037756
v7,return_120d,120日モメンタム,120営業日の騰落率,True,業種,情報・通信業,3d,3営業日,5,59,49,0.019785520181286015,-0.010233918128654929,0.4897959183673469,評価可能,0.024929635381037756
v7,return_120d,120日モメンタム,120営業日の騰落率,True,業種,情報・通信業,5d,5営業日,1,180,163,-0.004343476993685701,0.0,0.49693251533742333,評価可能,0.02153195034977731
v7,return_120d,120日モメンタム,120営業日の騰落率,True,業種,情報・通信業,5d,5営業日,2,127,118,-0.0031482249290636054,0.003069959426815712,0.5254237288135594,評価可能,0.02153195034977731
v7,return_120d,120日モメンタム,120営業日の騰落率,True,業種,情報・通信業,5d,5営業日,3,106,90,0.017834102732119217,-0.009456172163965382,0.3888888888888889,評価可能,0.02153195034977731
v7,return_120d,120日モメンタム,120営業日の騰落率,True,業種,情報・通信業,5d,5営業日,4,67,50,-0.029715526793310732,-0.009692015399230036,0.44,評価可能,0.02153195034977731
v7,return_120d,120日モメンタム,120営業日の騰落率,True,業種,情報・通信業,5d,5営業日,5,59,45,0.017188473356091607,-0.023076923076923106,0.4,評価可能,0.02153195034977731
v7,return_120d,120日モメンタム,120営業日の騰落率,True,業種,機械,10d,10営業日,1,15,11,-0.07323847645029456,-0.047887323943662,0.09090909090909091,サンプル不足,-0.05373297037387505
v7,return_120d,120日モメンタム,120営業日の騰落率,True,業種,機械,10d,10営業日,2,33,24,-0.03320699026038523,-0.049343760751621,0.25,サンプル不足,-0.05373297037387505
v7,return_120d,120日モメンタム,120営業日の騰落率,True,業種,機械,10d,10営業日,3,41,30,-0.05597304827600566,-0.04144588871038413,0.16666666666666666,評価可能,-0.05373297037387505
v7,return_120d,120日モメンタム,120営業日の騰落率,True,業種,機械,10d,10営業日,4,46,34,-0.053736121822347285,-0.050289148887995516,0.14705882352941177,評価可能,-0.05373297037387505
v7,return_120d,120日モメンタム,120営業日の騰落率,True,業種,機械,10d,10営業日,5,70,61,-0.1269714468241696,-0.11989459815546777,0.16393442622950818,評価可能,-0.05373297037387505
v7,return_120d,120日モメンタム,120営業日の騰落率,True,業種,機械,1d,1営業日,1,15,13,-0.0013121738404266595,-0.002986122457602991,0.46153846153846156,サンプル不足,-0.008478929771285948
v7,return_120d,120日モメンタム,120営業日の騰落率,True,業種,機械,1d,1営業日,2,33,32,-0.006875970309497251,-0.006468151623907514,0.4375,評価可能,-0.008478929771285948
v7,return_120d,120日モメンタム,120営業日の騰落率,True,業種,機械,1d,1営業日,3,41,41,-0.012325774974962393,-0.013122618879638726,0.3170731707317073,評価可能,-0.008478929771285948
v7,return_120d,120日モメンタム,120営業日の騰落率,True,業種,機械,1d,1営業日,4,46,44,0.0019933796470880862,0.0,0.4772727272727273,評価可能,-0.008478929771285948
v7,return_120d,120日モメンタム,120営業日の騰落率,True,業種,機械,1d,1営業日,5,70,69,-0.009791103611712607,-0.015779092702169595,0.42028985507246375,評価可能,-0.008478929771285948
v7,return_120d,120日モメンタム,120営業日の騰落率,True,業種,機械,3d,3営業日,1,15,11,-0.046179450545159796,-0.0360563380281689,0.18181818181818182,サンプル不足,0.013184860988416536
v7,return_120d,120日モメンタム,120営業日の騰落率,True,業種,機械,3d,3営業日,2,33,29,-0.008998790076843273,-0.004506760140210342,0.4482758620689655,サンプル不足,0.013184860988416536
v7,return_120d,120日モメンタム,120営業日の騰落率,True,業種,機械,3d,3営業日,3,41,39,-0.026311807082075978,-0.03209109730848858,0.20512820512820512,評価可能,0.013184860988416536
v7,return_120d,120日モメンタム,120営業日の騰落率,True,業種,機械,3d,3営業日,4,46,39,-0.021903115383332786,-0.0314245810055865,0.28205128205128205,評価可能,0.013184860988416536
v7,return_120d,120日モメンタム,120営業日の騰落率,True,業種,機械,3d,3営業日,5,70,69,-0.03299458955674326,-0.026889892160526063,0.3333333333333333,評価可能,0.013184860988416536
v7,return_120d,120日モメンタム,120営業日の騰落率,True,業種,機械,5d,5営業日,1,15,11,-0.051600063438226276,-0.03337431491361531,0.18181818181818182,サンプル不足,-0.026670317084090303
v7,return_120d,120日モメンタム,120営業日の騰落率,True,業種,機械,5d,5営業日,2,33,28,-0.024837124309670045,-0.022341078935022796,0.35714285714285715,サンプル不足,-0.026670317084090303
v7,return_120d,120日モメンタム,120営業日の騰落率,True,業種,機械,5d,5営業日,3,41,36,-0.04503928419588664,-0.0443273848810517,0.19444444444444445,評価可能,-0.026670317084090303
v7,return_120d,120日モメンタム,120営業日の騰落率,True,業種,機械,5d,5営業日,4,46,38,-0.029811629236064993,-0.04686450914191048,0.2894736842105263,評価可能,-0.026670317084090303
v7,return_120d,120日モメンタム,120営業日の騰落率,True,業種,機械,5d,5営業日,5,70,64,-0.07827038052231658,-0.07361175315419133,0.234375,評価可能,-0.026670317084090303
v7,return_120d,120日モメンタム,120営業日の騰落率,True,業種,海運業,10d,10営業日,2,3,1,0.04751131221719462,0.04751131221719462,1.0,サンプル不足,0.04496180606237532
v7,return_120d,120日モメンタム,120営業日の騰落率,True,業種,海運業,10d,10営業日,3,8,4,0.05531950809185682,0.03475668898877782,1.0,サンプル不足,0.04496180606237532
v7,return_120d,120日モメンタム,120営業日の騰落率,True,業種,海運業,10d,10営業日,4,9,5,0.027700972449102614,0.01746258018531721,0.8,サンプル不足,0.04496180606237532
v7,return_120d,120日モメンタム,120営業日の騰落率,True,業種,海運業,10d,10営業日,5,2,1,0.09247311827956994,0.09247311827956994,1.0,サンプル不足,0.04496180606237532
v7,return_120d,120日モメンタム,120営業日の騰落率,True,業種,海運業,1d,1営業日,2,3,3,0.02072593939649033,0.022938944463608113,1.0,サンプル不足,0.028621460346527166
v7,return_120d,120日モメンタム,120営業日の騰落率,True,業種,海運業,1d,1営業日,3,8,7,-0.0008633181566436285,0.005090909090909035,0.5714285714285714,サンプル不足,0.028621460346527166
v7,return_120d,120日モメンタム,120営業日の騰落率,True,業種,海運業,1d,1営業日,4,9,9,0.005982484499936917,0.007010164738871394,0.7777777777777778,サンプル不足,0.028621460346527166
v7,return_120d,120日モメンタム,120営業日の騰落率,True,業種,海運業,1d,1営業日,5,2,2,0.049347399743017495,0.049347399743017495,1.0,サンプル不足,0.028621460346527166
v7,return_120d,120日モメンタム,120営業日の騰落率,True,業種,海運業,3d,3営業日,2,3,3,0.05244173459059209,0.060600478909559774,1.0,サンプル不足,0.0003732380204851671
v7,return_120d,120日モメンタム,120営業日の騰落率,True,業種,海運業,3d,3営業日,3,8,6,0.01351210607581462,0.012914058618976654,0.8333333333333334,サンプル不足,0.0003732380204851671
v7,return_120d,120日モメンタム,120営業日の騰落率,True,業種,海運業,3d,3営業日,4,9,8,0.005262073193371422,0.01069669055516409,0.875,サンプル不足,0.0003732380204851671
v7,return_120d,120日モメンタム,120営業日の騰落率,True,業種,海運業,3d,3営業日,5,2,2,0.05281497261107726,0.05281497261107726,1.0,サンプル不足,0.0003732380204851671
v7,return_120d,120日モメンタム,120営業日の騰落率,True,業種,海運業,5d,5営業日,2,3,1,0.04768534632788035,0.04768534632788035,1.0,サンプル不足,0.015062337448409568
v7,return_120d,120日モメンタム,120営業日の騰落率,True,業種,海運業,5d,5営業日,3,8,4,0.01676368037809428,0.02253447038692935,0.75,サンプル不足,0.015062337448409568
v7,return_120d,120日モメンタム,120営業日の騰落率,True,業種,海運業,5d,5営業日,4,9,7,0.02536294325157543,0.0168708932694015,1.0,サンプル不足,0.015062337448409568
v7,return_120d,120日モメンタム,120営業日の騰落率,True,業種,海運業,5d,5営業日,5,2,2,0.06274768377628992,0.06274768377628992,1.0,サンプル不足,0.015062337448409568
v7,return_120d,120日モメンタム,120営業日の騰落率,True,業種,石油・石炭製品,10d,10営業日,2,6,5,-0.007958794396781353,-0.009373828271466045,0.4,サンプル不足,-0.030989870368580297
v7,return_120d,120日モメンタム,120営業日の騰落率,True,業種,石油・石炭製品,10d,10営業日,4,2,2,-0.03894866476536165,-0.03894866476536165,0.0,サンプル不足,-0.030989870368580297
v7,return_120d,120日モメンタム,120営業日の騰落率,True,業種,石油・石炭製品,1d,1営業日,2,6,6,-0.03736442276317817,-0.019929288499954456,0.16666666666666666,サンプル不足,0.005853533470982067
v7,return_120d,120日モメンタム,120営業日の騰落率,True,業種,石油・石炭製品,1d,1営業日,4,2,2,-0.0315108892921961,-0.0315108892921961,0.5,サンプル不足,0.005853533470982067
v7,return_120d,120日モメンタム,120営業日の騰落率,True,業種,石油・石炭製品,3d,3営業日,2,6,6,-0.04073243946265021,-0.03202441417641093,0.0,サンプル不足,-0.006848257970588037
v7,return_120d,120日モメンタム,120営業日の騰落率,True,業種,石油・石炭製品,3d,3営業日,4,2,2,-0.04758069743323825,-0.04758069743323825,0.0,サンプル不足,-0.006848257970588037
v7,return_120d,120日モメンタム,120営業日の騰落率,True,業種,石油・石炭製品,5d,5営業日,2,6,6,-0.0379759743315363,-0.02077750752360147,0.3333333333333333,サンプル不足,-0.0008057861040353526
v7,return_120d,120日モメンタム,120営業日の騰落率,True,業種,石油・石炭製品,5d,5営業日,4,2,2,-0.038781760435571654,-0.038781760435571654,0.5,サンプル不足,-0.0008057861040353526
v7,return_120d,120日モメンタム,120営業日の騰落率,True,業種,空運業,10d,10営業日,1,2,2,-0.00368026855158865,-0.00368026855158865,0.5,サンプル不足,-0.02729392564801225
v7,return_120d,120日モメンタム,120営業日の騰落率,True,業種,空運業,10d,10営業日,2,3,2,-0.030974194199600902,-0.030974194199600902,0.0,サンプル不足,-0.02729392564801225
v7,return_120d,120日モメンタム,120営業日の騰落率,True,業種,空運業,1d,1営業日,1,2,2,-0.005174595995998843,-0.005174595995998843,0.0,サンプル不足,0.011743308336417995
v7,return_120d,120日モメンタム,120営業日の騰落率,True,業種,空運業,1d,1営業日,2,3,3,0.006568712340419151,0.01295250747260046,0.6666666666666666,サンプル不足,0.011743308336417995
v7,return_120d,120日モメンタム,120営業日の騰落率,True,業種,空運業,3d,3営業日,1,2,2,-0.008554176366194988,-0.008554176366194988,0.5,サンプル不足,0.021229397125182625
v7,return_120d,120日モメンタム,120営業日の騰落率,True,業種,空運業,3d,3営業日,2,3,3,0.012675220758987638,0.02627311060655213,0.6666666666666666,サンプル不足,0.021229397125182625
v7,return_120d,120日モメンタム,120営業日の騰落率,True,業種,空運業,5d,5営業日,1,2,2,0.0007577072973429799,0.0007577072973429799,0.5,サンプル不足,-0.00588278035417461
v7,return_120d,120日モメンタム,120営業日の騰落率,True,業種,空運業,5d,5営業日,2,3,3,-0.0051250730568316305,-0.009133178346064419,0.3333333333333333,サンプル不足,-0.00588278035417461
v7,return_120d,120日モメンタム,120営業日の騰落率,True,業種,精密機器,10d,10営業日,1,4,2,0.02477035383470605,0.02477035383470605,1.0,サンプル不足,-0.08374776105767115
v7,return_120d,120日モメンタム,120営業日の騰落率,True,業種,精密機器,10d,10営業日,2,4,3,-0.03110618711975625,-0.01824059108750864,0.3333333333333333,サンプル不足,-0.08374776105767115
v7,return_120d,120日モメンタム,120営業日の騰落率,True,業種,精密機器,10d,10営業日,3,10,5,-0.09182463045141542,-0.09745762711864403,0.2,サンプル不足,-0.08374776105767115
v7,return_120d,120日モメンタム,120営業日の騰落率,True,業種,精密機器,10d,10営業日,4,16,10,-0.08120380096750265,-0.08032740887932141,0.0,サンプル不足,-0.08374776105767115
v7,return_120d,120日モメンタム,120営業日の騰落率,True,業種,精密機器,10d,10営業日,5,28,18,-0.05897740722296511,-0.0892712550607287,0.16666666666666666,サンプル不足,-0.08374776105767115
v7,return_120d,120日モメンタム,120営業日の騰落率,True,業種,精密機器,1d,1営業日,1,4,4,-0.004722291003710299,-0.004931795554149465,0.25,サンプル不足,0.025237429816964575
v7,return_120d,120日モメンタム,120営業日の騰落率,True,業種,精密機器,1d,1営業日,2,4,3,0.005600141726830099,0.041277985074626766,0.6666666666666666,サンプル不足,0.025237429816964575
v7,return_120d,120日モメンタム,120営業日の騰落率,True,業種,精密機器,1d,1営業日,3,10,9,-0.010799037713907457,-0.019944156362185828,0.2222222222222222,サンプル不足,0.025237429816964575
v7,return_120d,120日モメンタム,120営業日の騰落率,True,業種,精密機器,1d,1営業日,4,16,16,0.006023661392315938,0.00509164451637989,0.5625,サンプル不足,0.025237429816964575
v7,return_120d,120日モメンタム,120営業日の騰落率,True,業種,精密機器,1d,1営業日,5,28,25,0.020515138813254275,0.01171112556929077,0.6,サンプル不足,0.025237429816964575
v7,return_120d,120日モメンタム,120営業日の騰落率,True,業種,精密機器,3d,3営業日,1,4,4,-0.0031586284026187406,-0.00048348390739694214,0.5,サンプル不足,0.02403436686947516
v7,return_120d,120日モメンタム,120営業日の騰落率,True,業種,精密機器,3d,3営業日,2,4,3,-0.02120649347262793,-0.0062341260678827615,0.3333333333333333,サンプル不足,0.02403436686947516
v7,return_120d,120日モメンタム,120営業日の騰落率,True,業種,精密機器,3d,3営業日,3,10,8,-0.027782083219100348,-0.01108453659441222,0.375,サンプル不足,0.02403436686947516
v7,return_120d,120日モメンタム,120営業日の騰落率,True,業種,精密機器,3d,3営業日,4,16,15,-0.004987398660838656,-0.021857923497267784,0.2,サンプル不足,0.02403436686947516
v7,return_120d,120日モメンタム,120営業日の騰落率,True,業種,精密機器,3d,3営業日,5,28,25,0.02087573846685642,0.0103270223752152,0.52,サンプル不足,0.02403436686947516
v7,return_120d,120日モメンタム,120営業日の騰落率,True,業種,精密機器,5d,5営業日,1,4,4,0.03675636913430291,0.03548073433763532,1.0,サンプル不足,-0.016719830669174665
v7,return_120d,120日モメンタム,120営業日の騰落率,True,業種,精密機器,5d,5営業日,2,4,3,-0.008698627859861715,0.04594781805587633,0.6666666666666666,サンプル不足,-0.016719830669174665
v7,return_120d,120日モメンタム,120営業日の騰落率,True,業種,精密機器,5d,5営業日,3,10,7,-0.04294621650861127,-0.0428482715793832,0.2857142857142857,サンプル不足,-0.016719830669174665
v7,return_120d,120日モメンタム,120営業日の騰落率,True,業種,精密機器,5d,5営業日,4,16,12,-0.007061859719546574,-0.024913128480214042,0.3333333333333333,サンプル不足,-0.016719830669174665
v7,return_120d,120日モメンタム,120営業日の騰落率,True,業種,精密機器,5d,5営業日,5,28,22,0.020036538465128248,0.00820606694560666,0.5454545454545454,サンプル不足,-0.016719830669174665
v7,return_120d,120日モメンタム,120営業日の騰落率,True,業種,繊維製品,10d,10営業日,1,9,7,-0.0023688208743833533,0.0024752778149679,0.5714285714285714,サンプル不足,-0.048518753090113706
v7,return_120d,120日モメンタム,120営業日の騰落率,True,業種,繊維製品,10d,10営業日,2,6,4,0.007905240841331866,-0.002475591323174965,0.5,サンプル不足,-0.048518753090113706
v7,return_120d,120日モメンタム,120営業日の騰落率,True,業種,繊維製品,10d,10営業日,3,2,1,0.0851063829787233,0.0851063829787233,1.0,サンプル不足,-0.048518753090113706
v7,return_120d,120日モメンタム,120営業日の騰落率,True,業種,繊維製品,10d,10営業日,4,1,1,-0.05088757396449706,-0.05088757396449706,0.0,サンプル不足,-0.048518753090113706
v7,return_120d,120日モメンタム,120営業日の騰落率,True,業種,繊維製品,1d,1営業日,1,9,9,0.009147850775423532,0.003485535029627007,0.5555555555555556,サンプル不足,-0.015065010538737171
v7,return_120d,120日モメンタム,120営業日の騰落率,True,業種,繊維製品,1d,1営業日,2,6,6,0.002672319367338244,0.0029681885283524556,0.6666666666666666,サンプル不足,-0.015065010538737171
v7,return_120d,120日モメンタム,120営業日の騰落率,True,業種,繊維製品,1d,1営業日,3,2,1,0.0265957446808511,0.0265957446808511,1.0,サンプル不足,-0.015065010538737171
v7,return_120d,120日モメンタム,120営業日の騰落率,True,業種,繊維製品,1d,1営業日,4,1,1,-0.00591715976331364,-0.00591715976331364,0.0,サンプル不足,-0.015065010538737171
v7,return_120d,120日モメンタム,120営業日の騰落率,True,業種,繊維製品,3d,3営業日,1,9,8,0.007816714120238185,0.0029672805346396824,0.5,サンプル不足,0.014668492980353469
v7,return_120d,120日モメンタム,120営業日の騰落率,True,業種,繊維製品,3d,3営業日,2,6,5,0.0020797334930607774,0.008921933085501932,0.6,サンプル不足,0.014668492980353469
v7,return_120d,120日モメンタム,120営業日の騰落率,True,業種,繊維製品,3d,3営業日,3,2,1,0.0648936170212766,0.0648936170212766,1.0,サンプル不足,0.014668492980353469
v7,return_120d,120日モメンタム,120営業日の騰落率,True,業種,繊維製品,3d,3営業日,4,1,1,0.022485207100591653,0.022485207100591653,1.0,サンプル不足,0.014668492980353469
v7,return_120d,120日モメンタム,120営業日の騰落率,True,業種,繊維製品,5d,5営業日,1,9,8,0.0024951109763456255,0.0024700406889247,0.625,サンプル不足,0.003422048786968014
v7,return_120d,120日モメンタム,120営業日の騰落率,True,業種,繊維製品,5d,5営業日,2,6,5,-0.0003309834359622177,0.0192307692307691,0.6,サンプル不足,0.003422048786968014
v7,return_120d,120日モメンタム,120営業日の騰落率,True,業種,繊維製品,5d,5営業日,3,2,1,0.1063829787234043,0.1063829787234043,1.0,サンプル不足,0.003422048786968014
v7,return_120d,120日モメンタム,120営業日の騰落率,True,業種,繊維製品,5d,5営業日,4,1,1,0.00591715976331364,0.00591715976331364,1.0,サンプル不足,0.003422048786968014
v7,return_120d,120日モメンタム,120営業日の騰落率,True,業種,証券、商品先物取引業,10d,10営業日,1,22,21,0.05958294767062444,0.04472843450479225,0.8571428571428571,サンプル不足,0.008452995846705447
v7,return_120d,120日モメンタム,120営業日の騰落率,True,業種,証券、商品先物取引業,10d,10営業日,2,27,24,0.04613839204767539,0.05747583066557338,0.7916666666666666,サンプル不足,0.008452995846705447
v7,return_120d,120日モメンタム,120営業日の騰落率,True,業種,証券、商品先物取引業,10d,10営業日,3,23,17,0.014507498119098114,-0.009539473684210487,0.47058823529411764,サンプル不足,0.008452995846705447
v7,return_120d,120日モメンタム,120営業日の騰落率,True,業種,証券、商品先物取引業,10d,10営業日,4,19,11,-0.016811063791847294,-0.0169361046959198,0.36363636363636365,サンプル不足,0.008452995846705447
v7,return_120d,120日モメンタム,120営業日の騰落率,True,業種,証券、商品先物取引業,10d,10営業日,5,2,1,0.06803594351732989,0.06803594351732989,1.0,サンプル不足,0.008452995846705447
v7,return_120d,120日モメンタム,120営業日の騰落率,True,業種,証券、商品先物取引業,1d,1営業日,1,22,22,0.0022891928506826903,0.004998051218561561,0.5909090909090909,サンプル不足,0.008118129199852605
v7,return_120d,120日モメンタム,120営業日の騰落率,True,業種,証券、商品先物取引業,1d,1営業日,2,27,27,0.011964760252806895,0.008006626173384879,0.6666666666666666,サンプル不足,0.008118129199852605
v7,return_120d,120日モメンタム,120営業日の騰落率,True,業種,証券、商品先物取引業,1d,1営業日,3,23,23,0.0032376425578709736,0.0034374999999999822,0.6086956521739131,サンプル不足,0.008118129199852605
v7,return_120d,120日モメンタム,120営業日の騰落率,True,業種,証券、商品先物取引業,1d,1営業日,4,19,19,-0.0019109068696418394,0.0013616557734204005,0.5263157894736842,サンプル不足,0.008118129199852605
v7,return_120d,120日モメンタム,120営業日の騰落率,True,業種,証券、商品先物取引業,1d,1営業日,5,2,2,0.010407322050535295,0.010407322050535295,1.0,サンプル不足,0.008118129199852605
v7,return_120d,120日モメンタム,120営業日の騰落率,True,業種,証券、商品先物取引業,3d,3営業日,1,22,22,0.013949492257000812,0.0059010321915977295,0.6818181818181818,サンプル不足,-0.013911872641091278
v7,return_120d,120日モメンタム,120営業日の騰落率,True,業種,証券、商品先物取引業,3d,3営業日,2,27,27,0.02148488909202783,0.015173621243069757,0.6666666666666666,サンプル不足,-0.013911872641091278
v7,return_120d,120日モメンタム,120営業日の騰落率,True,業種,証券、商品先物取引業,3d,3営業日,3,23,22,0.007078203624327315,0.00248191555726629,0.5454545454545454,サンプル不足,-0.013911872641091278
v7,return_120d,120日モメンタム,120営業日の騰落率,True,業種,証券、商品先物取引業,3d,3営業日,4,19,19,-0.00016965997798280182,-0.0015094339622641062,0.47368421052631576,サンプル不足,-0.013911872641091278
v7,return_120d,120日モメンタム,120営業日の騰落率,True,業種,証券、商品先物取引業,3d,3営業日,5,2,2,3.761961590953433e-05,3.761961590953433e-05,0.5,サンプル不足,-0.013911872641091278
v7,return_120d,120日モメンタム,120営業日の騰落率,True,業種,証券、商品先物取引業,5d,5営業日,1,22,22,0.020176331526067612,0.022443891290598053,0.6818181818181818,サンプル不足,-0.007827837294601611
v7,return_120d,120日モメンタム,120営業日の騰落率,True,業種,証券、商品先物取引業,5d,5営業日,2,27,24,0.03762247181091893,0.03614677560548585,0.7916666666666666,サンプル不足,-0.007827837294601611
v7,return_120d,120日モメンタム,120営業日の騰落率,True,業種,証券、商品先物取引業,5d,5営業日,3,23,21,0.003979869300379434,-0.005593536357986317,0.47619047619047616,サンプル不足,-0.007827837294601611
v7,return_120d,120日モメンタム,120営業日の騰落率,True,業種,証券、商品先物取引業,5d,5営業日,4,19,19,-7.820520836319152e-05,0.0005955926146514745,0.5263157894736842,サンプル不足,-0.007827837294601611
v7,return_120d,120日モメンタム,120営業日の騰落率,True,業種,証券、商品先物取引業,5d,5営業日,5,2,2,0.012348494231466,0.012348494231466,1.0,サンプル不足,-0.007827837294601611
v7,return_120d,120日モメンタム,120営業日の騰落率,True,業種,輸送用機器,10d,10営業日,1,52,36,-0.0027736705588035323,-0.0034082673150835907,0.4722222222222222,評価可能,-0.08284456316017716
v7,return_120d,120日モメンタム,120営業日の騰落率,True,業種,輸送用機器,10d,10営業日,2,40,26,0.016071313878492866,0.012290853068682599,0.5384615384615384,サンプル不足,-0.08284456316017716
v7,return_120d,120日モメンタム,120営業日の騰落率,True,業種,輸送用機器,10d,10営業日,3,14,7,0.20445288091850417,0.2018779342723005,0.7142857142857143,サンプル不足,-0.08284456316017716
v7,return_120d,120日モメンタム,120営業日の騰落率,True,業種,輸送用機器,10d,10営業日,4,9,3,-0.1480676336377269,-0.13014925373134323,0.0,サンプル不足,-0.08284456316017716
v7,return_120d,120日モメンタム,120営業日の騰落率,True,業種,輸送用機器,10d,10営業日,5,11,6,-0.0856182337189807,-0.1025119115685153,0.0,サンプル不足,-0.08284456316017716
v7,return_120d,120日モメンタム,120営業日の騰落率,True,業種,輸送用機器,1d,1営業日,1,52,52,-0.001503755783327597,-0.0035841307603542427,0.36538461538461536,評価可能,0.009711803976119156
v7,return_120d,120日モメンタム,120営業日の騰落率,True,業種,輸送用機器,1d,1営業日,2,40,39,-0.0016475509496688852,0.0047846889952152,0.5384615384615384,評価可能,0.009711803976119156
v7,return_120d,120日モメンタム,120営業日の騰落率,True,業種,輸送用機器,1d,1営業日,3,14,13,-0.00035724837633878723,-0.006603773584905714,0.38461538461538464,サンプル不足,0.009711803976119156
v7,return_120d,120日モメンタム,120営業日の騰落率,True,業種,輸送用機器,1d,1営業日,4,9,9,0.03743861977799183,0.012422360248447228,0.5555555555555556,サンプル不足,0.009711803976119156
v7,return_120d,120日モメンタム,120営業日の騰落率,True,業種,輸送用機器,1d,1営業日,5,11,10,0.008208048192791558,0.015808416389811675,0.7,サンプル不足,0.009711803976119156
v7,return_120d,120日モメンタム,120営業日の騰落率,True,業種,輸送用機器,3d,3営業日,1,52,49,-0.012656386613026867,-0.005157170923379195,0.42857142857142855,評価可能,-0.03473688912481032
v7,return_120d,120日モメンタム,120営業日の騰落率,True,業種,輸送用機器,3d,3営業日,2,40,39,-0.015115321203290014,-0.0050739957716702255,0.48717948717948717,評価可能,-0.03473688912481032
v7,return_120d,120日モメンタム,120営業日の騰落率,True,業種,輸送用機器,3d,3営業日,3,14,13,-0.0017135219338366532,-0.02288021534320328,0.38461538461538464,サンプル不足,-0.03473688912481032
v7,return_120d,120日モメンタム,120営業日の騰落率,True,業種,輸送用機器,3d,3営業日,4,9,9,0.1184087897371361,0.06481994459833795,0.7777777777777778,サンプル不足,-0.03473688912481032
v7,return_120d,120日モメンタム,120営業日の騰落率,True,業種,輸送用機器,3d,3営業日,5,11,8,-0.047393275737837186,-0.02639127120259198,0.25,サンプル不足,-0.03473688912481032
v7,return_120d,120日モメンタム,120営業日の騰落率,True,業種,輸送用機器,5d,5営業日,1,52,47,-0.006933838363759995,-0.009124087591240837,0.46808510638297873,評価可能,-0.0488523031991202
v7,return_120d,120日モメンタム,120営業日の騰落率,True,業種,輸送用機器,5d,5営業日,2,40,36,-0.019982523731705757,-0.01350359508025735,0.3055555555555556,評価可能,-0.0488523031991202
v7,return_120d,120日モメンタム,120営業日の騰落率,True,業種,輸送用機器,5d,5営業日,3,14,12,0.040598780220196175,0.009936913080400345,0.5833333333333334,サンプル不足,-0.0488523031991202
v7,return_120d,120日モメンタム,120営業日の騰落率,True,業種,輸送用機器,5d,5営業日,4,9,6,0.16826695571919315,0.2025228071306534,0.6666666666666666,サンプル不足,-0.0488523031991202
v7,return_120d,120日モメンタム,120営業日の騰落率,True,業種,輸送用機器,5d,5営業日,5,11,8,-0.05578614156288019,-0.09180484086144462,0.375,サンプル不足,-0.0488523031991202
v7,return_120d,120日モメンタム,120営業日の騰落率,True,業種,金属製品,10d,10営業日,1,7,7,0.03314774584933786,0.0182322631787554,0.7142857142857143,サンプル不足,-0.14017426985427123
v7,return_120d,120日モメンタム,120営業日の騰落率,True,業種,金属製品,10d,10営業日,2,17,13,-0.008343365605102605,-0.0332326283987914,0.23076923076923078,サンプル不足,-0.14017426985427123
v7,return_120d,120日モメンタム,120営業日の騰落率,True,業種,金属製品,10d,10営業日,3,15,13,-0.06650283485513257,-0.0597014925373133,0.15384615384615385,サンプル不足,-0.14017426985427123
v7,return_120d,120日モメンタム,120営業日の騰落率,True,業種,金属製品,10d,10営業日,4,9,8,-0.09375315594159332,-0.12153410811518783,0.25,サンプル不足,-0.14017426985427123
v7,return_120d,120日モメンタム,120営業日の騰落率,True,業種,金属製品,10d,10営業日,5,46,41,-0.10702652400493337,-0.16929221211448853,0.2926829268292683,評価可能,-0.14017426985427123
v7,return_120d,120日モメンタム,120営業日の騰落率,True,業種,金属製品,1d,1営業日,1,7,7,0.002271482943535525,0.0019646365422396,0.5714285714285714,サンプル不足,0.0077329272103538295
v7,return_120d,120日モメンタム,120営業日の騰落率,True,業種,金属製品,1d,1営業日,2,17,17,0.0062775888332634085,0.0006042296072508,0.5294117647058824,サンプル不足,0.0077329272103538295
v7,return_120d,120日モメンタム,120営業日の騰落率,True,業種,金属製品,1d,1営業日,3,15,14,-0.013065027397504342,-0.015424630691198805,0.35714285714285715,サンプル不足,0.0077329272103538295
v7,return_120d,120日モメンタム,120営業日の騰落率,True,業種,金属製品,1d,1営業日,4,9,9,-0.015018094522553807,-0.0273972602739726,0.2222222222222222,サンプル不足,0.0077329272103538295
v7,return_120d,120日モメンタム,120営業日の騰落率,True,業種,金属製品,1d,1営業日,5,46,45,0.010004410153889354,0.0054719562243501,0.5111111111111111,評価可能,0.0077329272103538295
v7,return_120d,120日モメンタム,120営業日の騰落率,True,業種,金属製品,3d,3営業日,1,7,7,0.0006810010023246906,0.0019646365422396,0.5714285714285714,サンプル不足,-0.0018314092062171774
v7,return_120d,120日モメンタム,120営業日の騰落率,True,業種,金属製品,3d,3営業日,2,17,15,0.005078673776232985,-0.0134803921568626,0.26666666666666666,サンプル不足,-0.0018314092062171774
v7,return_120d,120日モメンタム,120営業日の騰落率,True,業種,金属製品,3d,3営業日,3,15,14,-0.007709672801149434,-0.013369366692275331,0.35714285714285715,サンプル不足,-0.0018314092062171774
v7,return_120d,120日モメンタム,120営業日の騰落率,True,業種,金属製品,3d,3営業日,4,9,9,-0.008443124799802268,-0.027940220922677117,0.3333333333333333,サンプル不足,-0.0018314092062171774
v7,return_120d,120日モメンタム,120営業日の騰落率,True,業種,金属製品,3d,3営業日,5,46,43,-0.001150408203892487,-0.01538461538461533,0.3953488372093023,評価可能,-0.0018314092062171774
v7,return_120d,120日モメンタム,120営業日の騰落率,True,業種,金属製品,5d,5営業日,1,7,7,0.021662616694256835,0.0079270709472849,0.8571428571428571,サンプル不足,-0.05536293663251025
v7,return_120d,120日モメンタム,120営業日の騰落率,True,業種,金属製品,5d,5営業日,2,17,15,-0.00032928520550136914,-0.0205479452054794,0.2,サンプル不足,-0.05536293663251025
v7,return_120d,120日モメンタム,120営業日の騰落率,True,業種,金属製品,5d,5営業日,3,15,13,-0.02648378914941279,-0.0064794816414687,0.38461538461538464,サンプル不足,-0.05536293663251025
v7,return_120d,120日モメンタム,120営業日の騰落率,True,業種,金属製品,5d,5営業日,4,9,9,-0.04143775722357598,-0.06009244992295837,0.2222222222222222,サンプル不足,-0.05536293663251025
v7,return_120d,120日モメンタム,120営業日の騰落率,True,業種,金属製品,5d,5営業日,5,46,42,-0.03370031993825341,-0.06252598752598752,0.38095238095238093,評価可能,-0.05536293663251025
v7,return_120d,120日モメンタム,120営業日の騰落率,True,業種,鉄鋼,10d,10営業日,1,25,8,0.06255554142460411,0.0808076640752392,0.875,サンプル不足,-0.06333011781446551
v7,return_120d,120日モメンタム,120営業日の騰落率,True,業種,鉄鋼,10d,10営業日,2,11,4,-0.008181482220679798,-0.01283579663221205,0.5,サンプル不足,-0.06333011781446551
v7,return_120d,120日モメンタム,120営業日の騰落率,True,業種,鉄鋼,10d,10営業日,3,6,4,-0.0033931348024962837,0.01461658728509413,0.5,サンプル不足,-0.06333011781446551
v7,return_120d,120日モメンタム,120営業日の騰落率,True,業種,鉄鋼,10d,10営業日,4,1,0,,,,サンプル不足,-0.06333011781446551
v7,return_120d,120日モメンタム,120営業日の騰落率,True,業種,鉄鋼,10d,10営業日,5,4,4,-0.0007745763898614,0.0,0.25,サンプル不足,-0.06333011781446551
v7,return_120d,120日モメンタム,120営業日の騰落率,True,業種,鉄鋼,1d,1営業日,1,25,23,0.008369209975921056,0.014972090825696727,0.6956521739130435,サンプル不足,-0.008369209975921056
v7,return_120d,120日モメンタム,120営業日の騰落率,True,業種,鉄鋼,1d,1営業日,2,11,11,0.003910675141505898,-0.0040024256213869736,0.36363636363636365,サンプル不足,-0.008369209975921056
v7,return_120d,120日モメンタム,120営業日の騰落率,True,業種,鉄鋼,1d,1営業日,3,6,6,0.025868609692296745,0.01950042207883207,0.6666666666666666,サンプル不足,-0.008369209975921056
v7,return_120d,120日モメンタム,120営業日の騰落率,True,業種,鉄鋼,1d,1営業日,4,1,1,0.02986217457886675,0.02986217457886675,1.0,サンプル不足,-0.008369209975921056
v7,return_120d,120日モメンタム,120営業日の騰落率,True,業種,鉄鋼,1d,1営業日,5,4,4,0.0,0.0,0.0,サンプル不足,-0.008369209975921056
v7,return_120d,120日モメンタム,120営業日の騰落率,True,業種,鉄鋼,3d,3営業日,1,25,20,0.01844972206991507,0.02823215470065088,0.8,サンプル不足,-0.018406471486940818
v7,return_120d,120日モメンタム,120営業日の騰落率,True,業種,鉄鋼,3d,3営業日,2,11,8,0.0025090198895700543,-0.008003108296005992,0.375,サンプル不足,-0.018406471486940818
v7,return_120d,120日モメンタム,120営業日の騰落率,True,業種,鉄鋼,3d,3営業日,3,6,4,0.019455298343965283,0.035008173139143506,0.75,サンプル不足,-0.018406471486940818
v7,return_120d,120日モメンタム,120営業日の騰落率,True,業種,鉄鋼,3d,3営業日,4,1,1,0.006891271056661541,0.006891271056661541,1.0,サンプル不足,-0.018406471486940818
v7,return_120d,120日モメンタム,120営業日の騰落率,True,業種,鉄鋼,3d,3営業日,5,4,4,4.325058297425003e-05,0.0,0.25,サンプル不足,-0.018406471486940818
v7,return_120d,120日モメンタム,120営業日の騰落率,True,業種,鉄鋼,5d,5営業日,1,25,13,0.027499876090525878,0.026409903713892735,0.6923076923076923,サンプル不足,-0.02782181445218783
v7,return_120d,120日モメンタム,120営業日の騰落率,True,業種,鉄鋼,5d,5営業日,2,11,8,0.020926328009105773,0.0013765694101504412,0.5,サンプル不足,-0.02782181445218783
v7,return_120d,120日モメンタム,120営業日の騰落率,True,業種,鉄鋼,5d,5営業日,3,6,4,0.062258081387090075,0.07175635915284795,0.75,サンプル不足,-0.02782181445218783
v7,return_120d,120日モメンタム,120営業日の騰落率,True,業種,鉄鋼,5d,5営業日,4,1,1,0.045176110260336966,0.045176110260336966,1.0,サンプル不足,-0.02782181445218783
v7,return_120d,120日モメンタム,120営業日の騰落率,True,業種,鉄鋼,5d,5営業日,5,4,4,-0.00032193836166195003,-0.0011223344556677,0.25,サンプル不足,-0.02782181445218783
v7,return_120d,120日モメンタム,120営業日の騰落率,True,業種,鉱業,10d,10営業日,1,1,0,,,,サンプル不足,0.0
v7,return_120d,120日モメンタム,120営業日の騰落率,True,業種,鉱業,10d,10営業日,3,1,1,-0.0696623238500399,-0.0696623238500399,0.0,サンプル不足,0.0
v7,return_120d,120日モメンタム,120営業日の騰落率,True,業種,鉱業,1d,1営業日,1,1,1,0.034710743801652955,0.034710743801652955,1.0,サンプル不足,-0.06369239761712753
v7,return_120d,120日モメンタム,120営業日の騰落率,True,業種,鉱業,1d,1営業日,3,1,1,-0.028981653815474573,-0.028981653815474573,0.0,サンプル不足,-0.06369239761712753
v7,return_120d,120日モメンタム,120営業日の騰落率,True,業種,鉱業,3d,3営業日,1,1,1,0.1338842975206611,0.1338842975206611,1.0,サンプル不足,-0.17243787369720986
v7,return_120d,120日モメンタム,120営業日の騰落率,True,業種,鉱業,3d,3営業日,3,1,1,-0.038553576176548754,-0.038553576176548754,0.0,サンプル不足,-0.17243787369720986
v7,return_120d,120日モメンタム,120営業日の騰落率,True,業種,鉱業,5d,5営業日,1,1,1,0.04958677685950419,0.04958677685950419,1.0,サンプル不足,-0.08521559898128028
v7,return_120d,120日モメンタム,120営業日の騰落率,True,業種,鉱業,5d,5営業日,3,1,1,-0.035628822121776094,-0.035628822121776094,0.0,サンプル不足,-0.08521559898128028
v7,return_120d,120日モメンタム,120営業日の騰落率,True,業種,銀行業,10d,10営業日,1,12,10,0.05195396347115104,0.06240681576758811,0.9,サンプル不足,-0.06316586533499514
v7,return_120d,120日モメンタム,120営業日の騰落率,True,業種,銀行業,10d,10営業日,2,44,35,0.04412106533928438,0.04623551237353829,0.8571428571428571,評価可能,-0.06316586533499514
v7,return_120d,120日モメンタム,120営業日の騰落率,True,業種,銀行業,10d,10営業日,3,62,54,0.035183654094104004,0.051331116494362505,0.6851851851851852,評価可能,-0.06316586533499514
v7,return_120d,120日モメンタム,120営業日の騰落率,True,業種,銀行業,10d,10営業日,4,111,96,0.0020243319781178847,-0.0015698203787287146,0.4895833333333333,評価可能,-0.06316586533499514
v7,return_120d,120日モメンタム,120営業日の騰落率,True,業種,銀行業,10d,10営業日,5,44,33,-0.011211901863844107,0.0,0.48484848484848486,評価可能,-0.06316586533499514
v7,return_120d,120日モメンタム,120営業日の騰落率,True,業種,銀行業,1d,1営業日,1,12,12,-0.00316000250296077,0.0031027115519425275,0.5833333333333334,サンプル不足,0.00425978601352113
v7,return_120d,120日モメンタム,120営業日の騰落率,True,業種,銀行業,1d,1営業日,2,44,43,0.0020663893559050082,0.0038233421594224826,0.5581395348837209,評価可能,0.00425978601352113
v7,return_120d,120日モメンタム,120営業日の騰落率,True,業種,銀行業,1d,1営業日,3,62,62,0.0030002342550064886,0.0022020010350181085,0.5806451612903226,評価可能,0.00425978601352113
v7,return_120d,120日モメンタム,120営業日の騰落率,True,業種,銀行業,1d,1営業日,4,111,111,0.0009251064645861317,0.0027956727847331386,0.5675675675675675,評価可能,0.00425978601352113
v7,return_120d,120日モメンタム,120営業日の騰落率,True,業種,銀行業,1d,1営業日,5,44,44,0.0010997835105603598,0.005167438221117204,0.5227272727272727,評価可能,0.00425978601352113
v7,return_120d,120日モメンタム,120営業日の騰落率,True,業種,銀行業,3d,3営業日,1,12,11,0.008001416090475251,0.022667523110499133,0.6363636363636364,サンプル不足,-0.013448826505516917
v7,return_120d,120日モメンタム,120営業日の騰落率,True,業種,銀行業,3d,3営業日,2,44,39,0.0037139601716483198,0.0029810994192764895,0.5641025641025641,評価可能,-0.013448826505516917
v7,return_120d,120日モメンタム,120営業日の騰落率,True,業種,銀行業,3d,3営業日,3,62,59,0.012330900244564976,0.013056379821958508,0.6271186440677966,評価可能,-0.013448826505516917
v7,return_120d,120日モメンタム,120営業日の騰落率,True,業種,銀行業,3d,3営業日,4,111,107,0.002946716095360162,0.004084264832330264,0.5700934579439252,評価可能,-0.013448826505516917
v7,return_120d,120日モメンタム,120営業日の騰落率,True,業種,銀行業,3d,3営業日,5,44,39,-0.005447410415041667,-0.0135938827527613,0.41025641025641024,評価可能,-0.013448826505516917
v7,return_120d,120日モメンタム,120営業日の騰落率,True,業種,銀行業,5d,5営業日,1,12,10,0.014927201804519086,0.02730770355317047,0.7,サンプル不足,-0.022551073362510166
v7,return_120d,120日モメンタム,120営業日の騰落率,True,業種,銀行業,5d,5営業日,2,44,37,0.012603386933110656,0.019464634509322565,0.5945945945945946,評価可能,-0.022551073362510166
v7,return_120d,120日モメンタム,120営業日の騰落率,True,業種,銀行業,5d,5営業日,3,62,57,0.018003066728682408,0.018382352941176405,0.7017543859649122,評価可能,-0.022551073362510166
v7,return_120d,120日モメンタム,120営業日の騰落率,True,業種,銀行業,5d,5営業日,4,111,107,0.005276806394522045,0.01134273451870027,0.5700934579439252,評価可能,-0.022551073362510166
v7,return_120d,120日モメンタム,120営業日の騰落率,True,業種,銀行業,5d,5営業日,5,44,39,-0.00762387155799108,-0.004652827487473199,0.41025641025641024,評価可能,-0.022551073362510166
v7,return_120d,120日モメンタム,120営業日の騰落率,True,業種,陸運業,10d,10営業日,1,10,10,-0.0011466553749817615,0.013091319542225047,0.6,サンプル不足,0.045300990767020856
v7,return_120d,120日モメンタム,120営業日の騰落率,True,業種,陸運業,10d,10営業日,2,5,2,-0.028147250101751883,-0.028147250101751883,0.5,サンプル不足,0.045300990767020856
v7,return_120d,120日モメンタム,120営業日の騰落率,True,業種,陸運業,10d,10営業日,3,6,5,0.007730913831676306,-0.0095588235294117,0.4,サンプル不足,0.045300990767020856
v7,return_120d,120日モメンタム,120営業日の騰落率,True,業種,陸運業,10d,10営業日,4,3,3,0.04415433539203909,0.06000000000000005,0.6666666666666666,サンプル不足,0.045300990767020856
v7,return_120d,120日モメンタム,120営業日の騰落率,True,業種,陸運業,10d,10営業日,5,5,0,,,,サンプル不足,0.045300990767020856
v7,return_120d,120日モメンタム,120営業日の騰落率,True,業種,陸運業,1d,1営業日,1,10,10,0.002832235439267544,0.000994117609812023,0.5,サンプル不足,0.0253237279092657
v7,return_120d,120日モメンタム,120営業日の騰落率,True,業種,陸運業,1d,1営業日,2,5,5,-0.006050262441070192,-0.001281640499839809,0.4,サンプル不足,0.0253237279092657
v7,return_120d,120日モメンタム,120営業日の騰落率,True,業種,陸運業,1d,1営業日,3,6,5,0.008774806252888456,0.005512679162072764,0.8,サンプル不足,0.0253237279092657
v7,return_120d,120日モメンタム,120営業日の騰落率,True,業種,陸運業,1d,1営業日,4,3,3,-0.02004738358241509,-0.019886363636363646,0.3333333333333333,サンプル不足,0.0253237279092657
v7,return_120d,120日モメンタム,120営業日の騰落率,True,業種,陸運業,1d,1営業日,5,5,3,0.028155963348533247,0.024824608742579635,0.6666666666666666,サンプル不足,0.0253237279092657
v7,return_120d,120日モメンタム,120営業日の騰落率,True,業種,陸運業,3d,3営業日,1,10,10,0.0064930235527948955,0.005409993762982896,0.7,サンプル不足,-0.004921584543317993
v7,return_120d,120日モメンタム,120営業日の騰落率,True,業種,陸運業,3d,3営業日,2,5,5,-0.05137562562802078,-0.03428388337071453,0.0,サンプル不足,-0.004921584543317993
v7,return_120d,120日モメンタム,120営業日の騰落率,True,業種,陸運業,3d,3営業日,3,6,5,0.004310626059293686,0.016538037486218293,0.6,サンプル不足,-0.004921584543317993
v7,return_120d,120日モメンタム,120営業日の騰落率,True,業種,陸運業,3d,3営業日,4,3,3,-0.04886286762256838,-0.042613636363636354,0.0,サンプル不足,-0.004921584543317993
v7,return_120d,120日モメンタム,120営業日の騰落率,True,業種,陸運業,3d,3営業日,5,5,2,0.0015714390094769028,0.0015714390094769028,0.5,サンプル不足,-0.004921584543317993
v7,return_120d,120日モメンタム,120営業日の騰落率,True,業種,陸運業,5d,5営業日,1,10,10,0.00154031047375469,0.007358757471033312,0.6,サンプル不足,0.06316813561033828
v7,return_120d,120日モメンタム,120営業日の騰落率,True,業種,陸運業,5d,5営業日,2,5,5,-0.07030618960701875,-0.0960358659745163,0.2,サンプル不足,0.06316813561033828
v7,return_120d,120日モメンタム,120営業日の騰落率,True,業種,陸運業,5d,5営業日,3,6,5,-0.01002216401198627,0.0022058823529411,0.6,サンプル不足,0.06316813561033828
v7,return_120d,120日モメンタム,120営業日の騰落率,True,業種,陸運業,5d,5営業日,4,3,3,-0.01630439189088247,-0.008301886792452806,0.3333333333333333,サンプル不足,0.06316813561033828
v7,return_120d,120日モメンタム,120営業日の騰落率,True,業種,陸運業,5d,5営業日,5,5,2,0.06470844608409297,0.06470844608409297,0.5,サンプル不足,0.06316813561033828
v7,return_120d,120日モメンタム,120営業日の騰落率,True,業種,電気・ガス業,10d,10営業日,1,4,1,0.07013500164636155,0.07013500164636155,1.0,サンプル不足,-0.13124611275747267
v7,return_120d,120日モメンタム,120営業日の騰落率,True,業種,電気・ガス業,10d,10営業日,2,5,4,0.050769220428282205,0.048869357772369004,0.5,サンプル不足,-0.13124611275747267
v7,return_120d,120日モメンタム,120営業日の騰落率,True,業種,電気・ガス業,10d,10営業日,3,6,5,-0.01926669081439198,-0.01928104575163403,0.2,サンプル不足,-0.13124611275747267
v7,return_120d,120日モメンタム,120営業日の騰落率,True,業種,電気・ガス業,10d,10営業日,4,5,5,-0.07672781378264253,-0.08256029684601118,0.0,サンプル不足,-0.13124611275747267
v7,return_120d,120日モメンタム,120営業日の騰落率,True,業種,電気・ガス業,10d,10営業日,5,1,1,-0.061111111111111116,-0.061111111111111116,0.0,サンプル不足,-0.13124611275747267
v7,return_120d,120日モメンタム,120営業日の騰落率,True,業種,電気・ガス業,1d,1営業日,1,4,4,-0.0038997761679478993,-0.01482595049639751,0.25,サンプル不足,-0.010544668276496583
v7,return_120d,120日モメンタム,120営業日の騰落率,True,業種,電気・ガス業,1d,1営業日,2,5,5,0.008042651042536398,0.0006825938566552,0.6,サンプル不足,-0.010544668276496583
v7,return_120d,120日モメンタム,120営業日の騰落率,True,業種,電気・ガス業,1d,1営業日,3,6,6,0.004751686191259137,0.006723899091418684,0.8333333333333334,サンプル不足,-0.010544668276496583
v7,return_120d,120日モメンタム,120営業日の騰落率,True,業種,電気・ガス業,1d,1営業日,4,5,5,-0.013037596370945393,-0.0024737167594310883,0.4,サンプル不足,-0.010544668276496583
v7,return_120d,120日モメンタム,120営業日の騰落率,True,業種,電気・ガス業,1d,1営業日,5,1,1,-0.014444444444444482,-0.014444444444444482,0.0,サンプル不足,-0.010544668276496583
v7,return_120d,120日モメンタム,120営業日の騰落率,True,業種,電気・ガス業,3d,3営業日,1,4,4,-0.011829173453229869,-0.010340519073837928,0.5,サンプル不足,-0.014837493213436748
v7,return_120d,120日モメンタム,120営業日の騰落率,True,業種,電気・ガス業,3d,3営業日,2,5,5,0.023555370929564036,0.026298909557408656,1.0,サンプル不足,-0.014837493213436748
v7,return_120d,120日モメンタム,120営業日の騰落率,True,業種,電気・ガス業,3d,3営業日,3,6,6,0.019866259358887525,0.018704039969959618,0.8333333333333334,サンプル不足,-0.014837493213436748
v7,return_120d,120日モメンタム,120営業日の騰落率,True,業種,電気・ガス業,3d,3営業日,4,5,5,-0.02435510446175453,-0.034912718204488824,0.2,サンプル不足,-0.014837493213436748
v7,return_120d,120日モメンタム,120営業日の騰落率,True,業種,電気・ガス業,3d,3営業日,5,1,1,-0.026666666666666616,-0.026666666666666616,0.0,サンプル不足,-0.014837493213436748
v7,return_120d,120日モメンタム,120営業日の騰落率,True,業種,電気・ガス業,5d,5営業日,1,4,4,-0.006594027852875939,-0.005634705847789523,0.5,サンプル不足,-0.025628194369346324
v7,return_120d,120日モメンタム,120営業日の騰落率,True,業種,電気・ガス業,5d,5営業日,2,5,5,0.04046690170919639,0.03463758819756246,1.0,サンプル不足,-0.025628194369346324
v7,return_120d,120日モメンタム,120営業日の騰落率,True,業種,電気・ガス業,5d,5営業日,3,6,6,0.030508681245731622,0.036650472181262383,0.8333333333333334,サンプル不足,-0.025628194369346324
v7,return_120d,120日モメンタム,120営業日の騰落率,True,業種,電気・ガス業,5d,5営業日,4,5,5,-0.043980762467927106,-0.04570413436692511,0.2,サンプル不足,-0.025628194369346324
v7,return_120d,120日モメンタム,120営業日の騰落率,True,業種,電気・ガス業,5d,5営業日,5,1,1,-0.03222222222222226,-0.03222222222222226,0.0,サンプル不足,-0.025628194369346324
v7,return_120d,120日モメンタム,120営業日の騰落率,True,業種,電気機器,10d,10営業日,1,41,23,-0.01381872825928177,-0.009472259810554773,0.2608695652173913,サンプル不足,-0.11036332607579882
v7,return_120d,120日モメンタム,120営業日の騰落率,True,業種,電気機器,10d,10営業日,2,45,27,-0.049860329257932406,-0.040592044572119734,0.2222222222222222,サンプル不足,-0.11036332607579882
v7,return_120d,120日モメンタム,120営業日の騰落率,True,業種,電気機器,10d,10営業日,3,73,64,-0.07224561835197718,-0.06715320295146496,0.15625,評価可能,-0.11036332607579882
v7,return_120d,120日モメンタム,120営業日の騰落率,True,業種,電気機器,10d,10営業日,4,146,124,-0.07509483856946092,-0.08047628397790013,0.23387096774193547,評価可能,-0.11036332607579882
v7,return_120d,120日モメンタム,120営業日の騰落率,True,業種,電気機器,10d,10営業日,5,219,193,-0.12418205433508059,-0.1265276779295471,0.17098445595854922,評価可能,-0.11036332607579882
v7,return_120d,120日モメンタム,120営業日の騰落率,True,業種,電気機器,1d,1営業日,1,41,40,-0.007406485086663051,-0.0007383966244725593,0.475,評価可能,-0.00015439116275944246
v7,return_120d,120日モメンタム,120営業日の騰落率,True,業種,電気機器,1d,1営業日,2,45,42,-0.002979470590188777,0.010369487872547527,0.6190476190476191,評価可能,-0.00015439116275944246
v7,return_120d,120日モメンタム,120営業日の騰落率,True,業種,電気機器,1d,1営業日,3,73,73,-0.016580868253553753,-0.02111111111111108,0.2602739726027397,評価可能,-0.00015439116275944246
v7,return_120d,120日モメンタム,120営業日の騰落率,True,業種,電気機器,1d,1営業日,4,146,142,-0.006135795100012487,-0.01061926302696764,0.3732394366197183,評価可能,-0.00015439116275944246
v7,return_120d,120日モメンタム,120営業日の騰落率,True,業種,電気機器,1d,1営業日,5,219,218,-0.007560876249422493,-0.007725423196177139,0.44036697247706424,評価可能,-0.00015439116275944246
v7,return_120d,120日モメンタム,120営業日の騰落率,True,業種,電気機器,3d,3営業日,1,41,37,-0.01828085155469385,-0.011081081081081079,0.35135135135135137,評価可能,-0.015532738377763592
v7,return_120d,120日モメンタム,120営業日の騰落率,True,業種,電気機器,3d,3営業日,2,45,40,0.004143887039464912,0.012881178294752873,0.625,評価可能,-0.015532738377763592
v7,return_120d,120日モメンタム,120営業日の騰落率,True,業種,電気機器,3d,3営業日,3,73,69,-0.027772057267453024,-0.03591352859135288,0.3333333333333333,評価可能,-0.015532738377763592
v7,return_120d,120日モメンタム,120営業日の騰落率,True,業種,電気機器,3d,3営業日,4,146,137,-0.024394891630893267,-0.023427331887201697,0.3357664233576642,評価可能,-0.015532738377763592
v7,return_120d,120日モメンタム,120営業日の騰落率,True,業種,電気機器,3d,3営業日,5,219,212,-0.03381358993245744,-0.03626217532467535,0.2971698113207547,評価可能,-0.015532738377763592
v7,return_120d,120日モメンタム,120営業日の騰落率,True,業種,電気機器,5d,5営業日,1,41,35,-0.0110245050124795,-0.005928853754940677,0.45714285714285713,評価可能,-0.04178271405839606
v7,return_120d,120日モメンタム,120営業日の騰落率,True,業種,電気機器,5d,5営業日,2,45,34,-0.01214998591993051,-0.012845073865285661,0.4117647058823529,評価可能,-0.04178271405839606
v7,return_120d,120日モメンタム,120営業日の騰落率,True,業種,電気機器,5d,5営業日,3,73,68,-0.04727205308460804,-0.04983775758589537,0.23529411764705882,評価可能,-0.04178271405839606
v7,return_120d,120日モメンタム,120営業日の騰落率,True,業種,電気機器,5d,5営業日,4,146,128,-0.0391202768589996,-0.035795871667109236,0.2578125,評価可能,-0.04178271405839606
v7,return_120d,120日モメンタム,120営業日の騰落率,True,業種,電気機器,5d,5営業日,5,219,201,-0.05280721907087556,-0.04724324324324325,0.26865671641791045,評価可能,-0.04178271405839606
v7,return_120d,120日モメンタム,120営業日の騰落率,True,業種,非鉄金属,10d,10営業日,1,1,0,,,,サンプル不足,-0.07883864485130046
v7,return_120d,120日モメンタム,120営業日の騰落率,True,業種,非鉄金属,10d,10営業日,2,2,2,-0.10331990318486378,-0.10331990318486378,0.0,サンプル不足,-0.07883864485130046
v7,return_120d,120日モメンタム,120営業日の騰落率,True,業種,非鉄金属,10d,10営業日,3,3,0,,,,サンプル不足,-0.07883864485130046
v7,return_120d,120日モメンタム,120営業日の騰落率,True,業種,非鉄金属,10d,10営業日,4,11,11,-0.19309057607839905,-0.2241365621278285,0.0,サンプル不足,-0.07883864485130046
v7,return_120d,120日モメンタム,120営業日の騰落率,True,業種,非鉄金属,10d,10営業日,5,17,16,-0.18215854803616424,-0.17275627288599227,0.0,サンプル不足,-0.07883864485130046
v7,return_120d,120日モメンタム,120営業日の騰落率,True,業種,非鉄金属,1d,1営業日,1,1,0,,,,サンプル不足,-0.002681391502509966
v7,return_120d,120日モメンタム,120営業日の騰落率,True,業種,非鉄金属,1d,1営業日,2,2,2,-0.0065564213819769845,-0.0065564213819769845,0.5,サンプル不足,-0.002681391502509966
v7,return_120d,120日モメンタム,120営業日の騰落率,True,業種,非鉄金属,1d,1営業日,3,3,3,0.006155071847060101,0.0003526093088856985,0.6666666666666666,サンプル不足,-0.002681391502509966
v7,return_120d,120日モメンタム,120営業日の騰落率,True,業種,非鉄金属,1d,1営業日,4,11,11,-0.009922329499459058,-0.000746547219111604,0.45454545454545453,サンプル不足,-0.002681391502509966
v7,return_120d,120日モメンタム,120営業日の騰落率,True,業種,非鉄金属,1d,1営業日,5,17,17,-0.00923781288448695,-0.019795918367346954,0.29411764705882354,サンプル不足,-0.002681391502509966
v7,return_120d,120日モメンタム,120営業日の騰落率,True,業種,非鉄金属,3d,3営業日,1,1,0,,,,サンプル不足,-0.041997917953274344
v7,return_120d,120日モメンタム,120営業日の騰落率,True,業種,非鉄金属,3d,3営業日,2,2,2,-0.02364665426960655,-0.02364665426960655,0.5,サンプル不足,-0.041997917953274344
v7,return_120d,120日モメンタム,120営業日の騰落率,True,業種,非鉄金属,3d,3営業日,3,3,3,0.023301735427146714,0.04249291784702547,0.6666666666666666,サンプル不足,-0.041997917953274344
v7,return_120d,120日モメンタム,120営業日の騰落率,True,業種,非鉄金属,3d,3営業日,4,11,11,-0.057763273822569475,-0.06779661016949157,0.18181818181818182,サンプル不足,-0.041997917953274344
v7,return_120d,120日モメンタム,120営業日の騰落率,True,業種,非鉄金属,3d,3営業日,5,17,17,-0.06564457222288089,-0.07335822534592573,0.058823529411764705,サンプル不足,-0.041997917953274344
v7,return_120d,120日モメンタム,120営業日の騰落率,True,業種,非鉄金属,5d,5営業日,1,1,0,,,,サンプル不足,-0.03978455878931213
v7,return_120d,120日モメンタム,120営業日の騰落率,True,業種,非鉄金属,5d,5営業日,2,2,2,-0.05409139880161751,-0.05409139880161751,0.0,サンプル不足,-0.03978455878931213
v7,return_120d,120日モメンタム,120営業日の騰落率,True,業種,非鉄金属,5d,5営業日,3,3,1,0.05782792665726366,0.05782792665726366,1.0,サンプル不足,-0.03978455878931213
v7,return_120d,120日モメンタム,120営業日の騰落率,True,業種,非鉄金属,5d,5営業日,4,11,11,-0.09843524596115306,-0.07714240456201493,0.09090909090909091,サンプル不足,-0.03978455878931213
v7,return_120d,120日モメンタム,120営業日の騰落率,True,業種,非鉄金属,5d,5営業日,5,17,16,-0.09387595759092963,-0.09522655520899265,0.0625,サンプル不足,-0.03978455878931213
v7,return_120d,120日モメンタム,120営業日の騰落率,True,業種,食料品,10d,10営業日,1,23,19,0.01949476205553691,0.0219512195121951,0.7368421052631579,サンプル不足,-0.13635105365598665
v7,return_120d,120日モメンタム,120営業日の騰落率,True,業種,食料品,10d,10営業日,2,31,24,0.012590815776164188,0.01547405647106026,0.5416666666666666,サンプル不足,-0.13635105365598665
v7,return_120d,120日モメンタム,120営業日の騰落率,True,業種,食料品,10d,10営業日,3,33,25,0.02731657175786726,0.028402366863905293,0.56,サンプル不足,-0.13635105365598665
v7,return_120d,120日モメンタム,120営業日の騰落率,True,業種,食料品,10d,10営業日,4,28,17,-0.021456291932939645,-0.013688584698117845,0.4117647058823529,サンプル不足,-0.13635105365598665
v7,return_120d,120日モメンタム,120営業日の騰落率,True,業種,食料品,10d,10営業日,5,8,5,-0.11685629160044975,-0.11271102284011913,0.0,サンプル不足,-0.13635105365598665
v7,return_120d,120日モメンタム,120営業日の騰落率,True,業種,食料品,1d,1営業日,1,23,23,-0.007747358849257877,-0.0009216589861751334,0.43478260869565216,サンプル不足,0.004031405956718104
v7,return_120d,120日モメンタム,120営業日の騰落率,True,業種,食料品,1d,1営業日,2,31,30,-0.0019189764233408008,-0.0025284121489517752,0.43333333333333335,評価可能,0.004031405956718104
v7,return_120d,120日モメンタム,120営業日の騰落率,True,業種,食料品,1d,1営業日,3,33,33,0.0062147620738431,0.0005184033177811909,0.5151515151515151,評価可能,0.004031405956718104
v7,return_120d,120日モメンタム,120営業日の騰落率,True,業種,食料品,1d,1営業日,4,28,28,-0.003475199047437788,-0.0030406923591699275,0.42857142857142855,サンプル不足,0.004031405956718104
v7,return_120d,120日モメンタム,120営業日の騰落率,True,業種,食料品,1d,1営業日,5,8,8,-0.003715952892539773,0.005317017072012042,0.625,サンプル不足,0.004031405956718104
v7,return_120d,120日モメンタム,120営業日の騰落率,True,業種,食料品,3d,3営業日,1,23,22,0.009275249495884085,0.010176397012838862,0.5454545454545454,サンプル不足,-0.038480748843029225
v7,return_120d,120日モメンタム,120営業日の騰落率,True,業種,食料品,3d,3営業日,2,31,30,-0.004941668226017219,-0.006521962330484854,0.4666666666666667,評価可能,-0.038480748843029225
v7,return_120d,120日モメンタム,120営業日の騰落率,True,業種,食料品,3d,3営業日,3,33,31,-0.0029931824636796806,0.005291005291005346,0.5483870967741935,評価可能,-0.038480748843029225
v7,return_120d,120日モメンタム,120営業日の騰落率,True,業種,食料品,3d,3営業日,4,28,25,-0.010443193176897085,-0.013603238866396805,0.36,サンプル不足,-0.038480748843029225
v7,return_120d,120日モメンタム,120営業日の騰落率,True,業種,食料品,3d,3営業日,5,8,8,-0.029205499347145142,-0.040079093127566856,0.125,サンプル不足,-0.038480748843029225
v7,return_120d,120日モメンタム,120営業日の騰落率,True,業種,食料品,5d,5営業日,1,23,21,0.015981056362618457,0.010409889394925154,0.8095238095238095,サンプル不足,-0.057046080693510776
v7,return_120d,120日モメンタム,120営業日の騰落率,True,業種,食料品,5d,5営業日,2,31,28,-0.0017752553944123137,-0.001369025791468108,0.5,サンプル不足,-0.057046080693510776
v7,return_120d,120日モメンタム,120営業日の騰落率,True,業種,食料品,5d,5営業日,3,33,31,0.011770220071162758,0.0075669383003491575,0.5806451612903226,評価可能,-0.057046080693510776
v7,return_120d,120日モメンタム,120営業日の騰落率,True,業種,食料品,5d,5営業日,4,28,25,-0.009433931103822495,-0.003784162578836736,0.48,サンプル不足,-0.057046080693510776
v7,return_120d,120日モメンタム,120営業日の騰落率,True,業種,食料品,5d,5営業日,5,8,8,-0.04106502433089232,-0.04954319114309347,0.125,サンプル不足,-0.057046080693510776
v7,return_20d,20日モメンタム,20営業日の騰落率,True,全体,全体,10d,10営業日,1,740,538,-0.006262647503380455,0.006055236465843805,0.5483271375464684,評価可能,-0.05344429791737616
v7,return_20d,20日モメンタム,20営業日の騰落率,True,全体,全体,10d,10営業日,2,740,540,-0.004349909771187654,-0.004046622205966854,0.4759259259259259,評価可能,-0.05344429791737616
v7,return_20d,20日モメンタム,20営業日の騰落率,True,全体,全体,10d,10営業日,3,740,540,-0.015306972291159324,-0.007824381845138426,0.4444444444444444,評価可能,-0.05344429791737616
v7,return_20d,20日モメンタム,20営業日の騰落率,True,全体,全体,10d,10営業日,4,740,540,-0.033103883784779534,-0.027006114705731624,0.37037037037037035,評価可能,-0.05344429791737616
v7,return_20d,20日モメンタム,20営業日の騰落率,True,全体,全体,10d,10営業日,5,740,540,-0.059706945420756614,-0.056693434412875665,0.31666666666666665,評価可能,-0.05344429791737616
v7,return_20d,20日モメンタム,20営業日の騰落率,True,全体,全体,1d,1営業日,1,740,720,-0.00014020698047274355,0.0,0.49027777777777776,評価可能,-0.0009988286300534129
v7,return_20d,20日モメンタム,20営業日の騰落率,True,全体,全体,1d,1営業日,2,740,720,-0.0030296172802896587,-0.001120828538550056,0.4625,評価可能,-0.0009988286300534129
v7,return_20d,20日モメンタム,20営業日の騰落率,True,全体,全体,1d,1営業日,3,740,720,-0.0010373855034707922,-0.0014579643292514616,0.45,評価可能,-0.0009988286300534129
v7,return_20d,20日モメンタム,20営業日の騰落率,True,全体,全体,1d,1営業日,4,740,720,-0.0011669430510661686,-0.0021014039166592233,0.45416666666666666,評価可能,-0.0009988286300534129
v7,return_20d,20日モメンタム,20営業日の騰落率,True,全体,全体,1d,1営業日,5,740,720,-0.0011390356105261564,-0.0047295487020719285,0.44583333333333336,評価可能,-0.0009988286300534129
v7,return_20d,20日モメンタム,20営業日の騰落率,True,全体,全体,3d,3営業日,1,740,679,-0.0010123821869332075,0.0007651109410864443,0.508100147275405,評価可能,-0.013577320710231808
v7,return_20d,20日モメンタム,20営業日の騰落率,True,全体,全体,3d,3営業日,2,740,679,-0.004106957730119129,-0.003177292946409671,0.45066273932253315,評価可能,-0.013577320710231808
v7,return_20d,20日モメンタム,20営業日の騰落率,True,全体,全体,3d,3営業日,3,740,680,-0.005386595304606688,-0.0053960897925106055,0.45441176470588235,評価可能,-0.013577320710231808
v7,return_20d,20日モメンタム,20営業日の騰落率,True,全体,全体,3d,3営業日,4,740,680,-0.0117263801308538,-0.011898886015711773,0.4088235294117647,評価可能,-0.013577320710231808
v7,return_20d,20日モメンタム,20営業日の騰落率,True,全体,全体,3d,3営業日,5,740,680,-0.014589702897165015,-0.01738791323486033,0.38088235294117645,評価可能,-0.013577320710231808
v7,return_20d,20日モメンタム,20営業日の騰落率,True,全体,全体,5d,5営業日,1,740,639,-0.0030138306840170226,0.0,0.49295774647887325,評価可能,-0.021154229298690434
v7,return_20d,20日モメンタム,20営業日の騰落率,True,全体,全体,5d,5営業日,2,740,640,-0.0019107160089467633,-0.002394657667201482,0.471875,評価可能,-0.021154229298690434
v7,return_20d,20日モメンタム,20営業日の騰落率,True,全体,全体,5d,5営業日,3,740,640,-0.010166893562195722,-0.006156113603672297,0.4484375,評価可能,-0.021154229298690434
v7,return_20d,20日モメンタム,20営業日の騰落率,True,全体,全体,5d,5営業日,4,740,639,-0.0187293530248891,-0.0162412993039443,0.39123630672926446,評価可能,-0.021154229298690434
v7,return_20d,20日モメンタム,20営業日の騰落率,True,全体,全体,5d,5営業日,5,740,640,-0.024168059982707456,-0.028337741071153832,0.39375,評価可能,-0.021154229298690434
v7,return_20d,20日モメンタム,20営業日の騰落率,True,業種,その他製品,10d,10営業日,1,8,5,-0.08270378227168355,-0.06447534766118834,0.2,サンプル不足,0.03008472877844849
v7,return_20d,20日モメンタム,20営業日の騰落率,True,業種,その他製品,10d,10営業日,2,12,6,0.02718323573232603,0.022661398986036696,0.6666666666666666,サンプル不足,0.03008472877844849
v7,return_20d,20日モメンタム,20営業日の騰落率,True,業種,その他製品,10d,10営業日,3,18,10,0.03439187056880161,0.007640366064803383,0.5,サンプル不足,0.03008472877844849
v7,return_20d,20日モメンタム,20営業日の騰落率,True,業種,その他製品,10d,10営業日,4,12,7,0.05119980541239356,0.0676470588235294,0.7142857142857143,サンプル不足,0.03008472877844849
v7,return_20d,20日モメンタム,20営業日の騰落率,True,業種,その他製品,10d,10営業日,5,21,17,-0.05261905349323506,-0.0362116991643454,0.29411764705882354,サンプル不足,0.03008472877844849
v7,return_20d,20日モメンタム,20営業日の騰落率,True,業種,その他製品,1d,1営業日,1,8,7,-0.013892890769166508,0.0,0.42857142857142855,サンプル不足,0.03881159530832923
v7,return_20d,20日モメンタム,20営業日の騰落率,True,業種,その他製品,1d,1営業日,2,12,11,0.0006142040198852016,0.004680187207488196,0.5454545454545454,サンプル不足,0.03881159530832923
v7,return_20d,20日モメンタム,20営業日の騰落率,True,業種,その他製品,1d,1営業日,3,18,16,0.0066707947417389574,0.003401360544217691,0.5,サンプル不足,0.03881159530832923
v7,return_20d,20日モメンタム,20営業日の騰落率,True,業種,その他製品,1d,1営業日,4,12,11,0.017348656918665824,0.0091012514220705,0.5454545454545454,サンプル不足,0.03881159530832923
v7,return_20d,20日モメンタム,20営業日の騰落率,True,業種,その他製品,1d,1営業日,5,21,20,0.024918704539162718,0.027652948846158654,0.65,サンプル不足,0.03881159530832923
v7,return_20d,20日モメンタム,20営業日の騰落率,True,業種,その他製品,3d,3営業日,1,8,7,-0.03461839658585808,-0.030341340075853318,0.14285714285714285,サンプル不足,0.011437736618491047
v7,return_20d,20日モメンタム,20営業日の騰落率,True,業種,その他製品,3d,3営業日,2,12,8,-0.02252004576717925,-0.006787810347935019,0.375,サンプル不足,0.011437736618491047
v7,return_20d,20日モメンタム,20営業日の騰落率,True,業種,その他製品,3d,3営業日,3,18,14,0.007727289024139193,-0.00480219171817865,0.35714285714285715,サンプル不足,0.011437736618491047
v7,return_20d,20日モメンタム,20営業日の騰落率,True,業種,その他製品,3d,3営業日,4,12,9,0.05874141477940915,-0.022917164000954893,0.4444444444444444,サンプル不足,0.011437736618491047
v7,return_20d,20日モメンタム,20営業日の騰落率,True,業種,その他製品,3d,3営業日,5,21,18,-0.023180659967367033,-0.016434863763629258,0.4444444444444444,サンプル不足,0.011437736618491047
v7,return_20d,20日モメンタム,20営業日の騰落率,True,業種,その他製品,5d,5営業日,1,8,7,-0.04790010780092559,-0.04804045512010113,0.0,サンプル不足,0.007992703837720723
v7,return_20d,20日モメンタム,20営業日の騰落率,True,業種,その他製品,5d,5営業日,2,12,6,-0.005261460615517725,-3.545487124018143e-05,0.5,サンプル不足,0.007992703837720723
v7,return_20d,20日モメンタム,20営業日の騰落率,True,業種,その他製品,5d,5営業日,3,18,13,-0.005190637959412481,0.00992555831265518,0.5384615384615384,サンプル不足,0.007992703837720723
v7,return_20d,20日モメンタム,20営業日の騰落率,True,業種,その他製品,5d,5営業日,4,12,9,0.062460089459333186,0.0352941176470589,0.6666666666666666,サンプル不足,0.007992703837720723
v7,return_20d,20日モメンタム,20営業日の騰落率,True,業種,その他製品,5d,5営業日,5,21,18,-0.039907403963204864,-0.05763446536861186,0.2777777777777778,サンプル不足,0.007992703837720723
v7,return_20d,20日モメンタム,20営業日の騰落率,True,業種,その他金融業,10d,10営業日,1,14,8,0.00654340678182086,0.008490799367733781,0.625,サンプル不足,-0.42192802216643616
v7,return_20d,20日モメンタム,20営業日の騰落率,True,業種,その他金融業,10d,10営業日,2,15,10,0.006642327892853595,0.016118645513179097,0.6,サンプル不足,-0.42192802216643616
v7,return_20d,20日モメンタム,20営業日の騰落率,True,業種,その他金融業,10d,10営業日,3,5,1,-0.014265831593597733,-0.014265831593597733,0.0,サンプル不足,-0.42192802216643616
v7,return_20d,20日モメンタム,20営業日の騰落率,True,業種,その他金融業,10d,10営業日,4,2,2,-0.0494622705814041,-0.0494622705814041,0.0,サンプル不足,-0.42192802216643616
v7,return_20d,20日モメンタム,20営業日の騰落率,True,業種,その他金融業,10d,10営業日,5,1,1,-0.4153846153846153,-0.4153846153846153,0.0,サンプル不足,-0.42192802216643616
v7,return_20d,20日モメンタム,20営業日の騰落率,True,業種,その他金融業,1d,1営業日,1,14,14,0.00016763225451035417,-0.0021134593993326067,0.42857142857142855,サンプル不足,-0.23093686302374106
v7,return_20d,20日モメンタム,20営業日の騰落率,True,業種,その他金融業,1d,1営業日,2,15,15,0.006207295077651586,0.003101256008683606,0.6,サンプル不足,-0.23093686302374106
v7,return_20d,20日モメンタム,20営業日の騰落率,True,業種,その他金融業,1d,1営業日,3,5,5,-0.011549288448055384,-0.011741026501174145,0.4,サンプル不足,-0.23093686302374106
v7,return_20d,20日モメンタム,20営業日の騰落率,True,業種,その他金融業,1d,1営業日,4,2,2,0.011583482702616249,0.011583482702616249,0.5,サンプル不足,-0.23093686302374106
v7,return_20d,20日モメンタム,20営業日の騰落率,True,業種,その他金融業,1d,1営業日,5,1,1,-0.2307692307692307,-0.2307692307692307,0.0,サンプル不足,-0.23093686302374106
v7,return_20d,20日モメンタム,20営業日の騰落率,True,業種,その他金融業,3d,3営業日,1,14,14,0.005857234174891622,0.0007812499999999556,0.5,サンプル不足,-0.40585723417489167
v7,return_20d,20日モメンタム,20営業日の騰落率,True,業種,その他金融業,3d,3営業日,2,15,14,-0.0035001337032652797,-0.0018203188263468673,0.42857142857142855,サンプル不足,-0.40585723417489167
v7,return_20d,20日モメンタム,20営業日の騰落率,True,業種,その他金融業,3d,3営業日,3,5,4,-0.012537877829970512,-0.009385920454509866,0.5,サンプル不足,-0.40585723417489167
v7,return_20d,20日モメンタム,20営業日の騰落率,True,業種,その他金融業,3d,3営業日,4,2,2,0.026061784184527804,0.026061784184527804,0.5,サンプル不足,-0.40585723417489167
v7,return_20d,20日モメンタム,20営業日の騰落率,True,業種,その他金融業,3d,3営業日,5,1,1,-0.4,-0.4,0.0,サンプル不足,-0.40585723417489167
v7,return_20d,20日モメンタム,20営業日の騰落率,True,業種,その他金融業,5d,5営業日,1,14,14,0.003250423134420128,-0.0005883737349964835,0.42857142857142855,サンプル不足,-0.3878658077498047
v7,return_20d,20日モメンタム,20営業日の騰落率,True,業種,その他金融業,5d,5営業日,2,15,13,-0.0018137714349634694,-0.0011473152822395472,0.46153846153846156,サンプル不足,-0.3878658077498047
v7,return_20d,20日モメンタム,20営業日の騰落率,True,業種,その他金融業,5d,5営業日,3,5,3,-0.001296919613716881,-0.017990495587236977,0.3333333333333333,サンプル不足,-0.3878658077498047
v7,return_20d,20日モメンタム,20営業日の騰落率,True,業種,その他金融業,5d,5営業日,4,2,2,0.017918002575042252,0.017918002575042252,1.0,サンプル不足,-0.3878658077498047
v7,return_20d,20日モメンタム,20営業日の騰落率,True,業種,その他金融業,5d,5営業日,5,1,1,-0.3846153846153846,-0.3846153846153846,0.0,サンプル不足,-0.3878658077498047
v7,return_20d,20日モメンタム,20営業日の騰落率,True,業種,ガラス・土石製品,10d,10営業日,1,4,3,-0.1080133447113374,-0.14802275189599134,0.3333333333333333,サンプル不足,-0.0825791819714982
v7,return_20d,20日モメンタム,20営業日の騰落率,True,業種,ガラス・土石製品,10d,10営業日,2,5,3,-0.06904287252053663,-0.0726072607260726,0.0,サンプル不足,-0.0825791819714982
v7,return_20d,20日モメンタム,20営業日の騰落率,True,業種,ガラス・土石製品,10d,10営業日,3,4,3,-0.05396368961266377,-0.0382775119617224,0.3333333333333333,サンプル不足,-0.0825791819714982
v7,return_20d,20日モメンタム,20営業日の騰落率,True,業種,ガラス・土石製品,10d,10営業日,4,5,5,-0.029389044348926596,0.0062857142857142,0.6,サンプル不足,-0.0825791819714982
v7,return_20d,20日モメンタム,20営業日の騰落率,True,業種,ガラス・土石製品,10d,10営業日,5,5,5,-0.1905925266828356,-0.1304347826086956,0.0,サンプル不足,-0.0825791819714982
v7,return_20d,20日モメンタム,20営業日の騰落率,True,業種,ガラス・土石製品,1d,1営業日,1,4,4,-0.01196488151048549,-0.01175922374578453,0.25,サンプル不足,-0.07967495641352312
v7,return_20d,20日モメンタム,20営業日の騰落率,True,業種,ガラス・土石製品,1d,1営業日,2,5,5,-0.03715861492448764,-0.0287907869481766,0.0,サンプル不足,-0.07967495641352312
v7,return_20d,20日モメンタム,20営業日の騰落率,True,業種,ガラス・土石製品,1d,1営業日,3,4,4,-0.00952194478764126,-0.02473025248448977,0.25,サンプル不足,-0.07967495641352312
v7,return_20d,20日モメンタム,20営業日の騰落率,True,業種,ガラス・土石製品,1d,1営業日,4,5,5,0.02074207745684576,0.0154285714285713,1.0,サンプル不足,-0.07967495641352312
v7,return_20d,20日モメンタム,20営業日の騰落率,True,業種,ガラス・土石製品,1d,1営業日,5,5,5,-0.09163983792400862,-0.1141304347826086,0.0,サンプル不足,-0.07967495641352312
v7,return_20d,20日モメンタム,20営業日の騰落率,True,業種,ガラス・土石製品,3d,3営業日,1,4,3,-0.037873382767993194,-0.07529794149512459,0.3333333333333333,サンプル不足,-0.10802370041632252
v7,return_20d,20日モメンタム,20営業日の騰落率,True,業種,ガラス・土石製品,3d,3営業日,2,5,4,-0.07176335891202845,-0.0718819482716026,0.0,サンプル不足,-0.10802370041632252
v7,return_20d,20日モメンタム,20営業日の騰落率,True,業種,ガラス・土石製品,3d,3営業日,3,4,4,-0.009095822246480853,-0.02985976789168277,0.25,サンプル不足,-0.10802370041632252
v7,return_20d,20日モメンタム,20営業日の騰落率,True,業種,ガラス・土石製品,3d,3営業日,4,5,5,-0.011129658592537377,-0.005376344086021501,0.4,サンプル不足,-0.10802370041632252
v7,return_20d,20日モメンタム,20営業日の騰落率,True,業種,ガラス・土石製品,3d,3営業日,5,5,5,-0.1458970831843157,-0.1299435028248587,0.0,サンプル不足,-0.10802370041632252
v7,return_20d,20日モメンタム,20営業日の騰落率,True,業種,ガラス・土石製品,5d,5営業日,1,4,3,-0.10333465142254589,-0.125,0.3333333333333333,サンプル不足,-0.017087680024612487
v7,return_20d,20日モメンタム,20営業日の騰落率,True,業種,ガラス・土石製品,5d,5営業日,2,5,3,-0.08900099011644454,-0.1039755351681956,0.0,サンプル不足,-0.017087680024612487
v7,return_20d,20日モメンタム,20営業日の騰落率,True,業種,ガラス・土石製品,5d,5営業日,3,4,4,-0.013024726378767693,-0.01575884222160821,0.25,サンプル不足,-0.017087680024612487
v7,return_20d,20日モメンタム,20営業日の騰落率,True,業種,ガラス・土石製品,5d,5営業日,4,5,5,-3.771641097529629e-05,-0.0102857142857142,0.4,サンプル不足,-0.017087680024612487
v7,return_20d,20日モメンタム,20営業日の騰落率,True,業種,ガラス・土石製品,5d,5営業日,5,5,5,-0.12042233144715837,-0.125,0.2,サンプル不足,-0.017087680024612487
v7,return_20d,20日モメンタム,20営業日の騰落率,True,業種,ゴム製品,10d,10営業日,1,10,9,0.06013085454310913,0.047698280643372115,1.0,サンプル不足,-0.24857306559838543
v7,return_20d,20日モメンタム,20営業日の騰落率,True,業種,ゴム製品,10d,10営業日,2,7,3,0.1066350254928868,0.11975116640746508,1.0,サンプル不足,-0.24857306559838543
v7,return_20d,20日モメンタム,20営業日の騰落率,True,業種,ゴム製品,10d,10営業日,3,9,4,0.07937485742053155,0.0570980785701235,1.0,サンプル不足,-0.24857306559838543
v7,return_20d,20日モメンタム,20営業日の騰落率,True,業種,ゴム製品,10d,10営業日,4,8,4,-0.057250196108858176,-0.0668775917264597,0.25,サンプル不足,-0.24857306559838543
v7,return_20d,20日モメンタム,20営業日の騰落率,True,業種,ゴム製品,10d,10営業日,5,1,1,-0.1884422110552763,-0.1884422110552763,0.0,サンプル不足,-0.24857306559838543
v7,return_20d,20日モメンタム,20営業日の騰落率,True,業種,ゴム製品,1d,1営業日,1,10,10,0.01003311698028686,0.006766961026874685,0.7,サンプル不足,-0.10299794110088986
v7,return_20d,20日モメンタム,20営業日の騰落率,True,業種,ゴム製品,1d,1営業日,2,7,7,0.017819302328139077,0.017602040816326436,0.8571428571428571,サンプル不足,-0.10299794110088986
v7,return_20d,20日モメンタム,20営業日の騰落率,True,業種,ゴム製品,1d,1営業日,3,9,8,0.0007768763198445841,-0.00556499450142614,0.25,サンプル不足,-0.10299794110088986
v7,return_20d,20日モメンタム,20営業日の騰落率,True,業種,ゴム製品,1d,1営業日,4,8,7,-0.0013885216660420089,-0.005837092066861227,0.2857142857142857,サンプル不足,-0.10299794110088986
v7,return_20d,20日モメンタム,20営業日の騰落率,True,業種,ゴム製品,1d,1営業日,5,1,1,-0.092964824120603,-0.092964824120603,0.0,サンプル不足,-0.10299794110088986
v7,return_20d,20日モメンタム,20営業日の騰落率,True,業種,ゴム製品,3d,3営業日,1,10,9,0.013999722136053334,0.022399999999999975,0.6666666666666666,サンプル不足,-0.09188916937223413
v7,return_20d,20日モメンタム,20営業日の騰落率,True,業種,ゴム製品,3d,3営業日,2,7,5,0.04407974580113072,0.04976671850699854,0.8,サンプル不足,-0.09188916937223413
v7,return_20d,20日モメンタム,20営業日の騰落率,True,業種,ゴム製品,3d,3営業日,3,9,7,0.006992453368689763,0.019161982626469065,0.7142857142857143,サンプル不足,-0.09188916937223413
v7,return_20d,20日モメンタム,20営業日の騰落率,True,業種,ゴム製品,3d,3営業日,4,8,6,-0.002262408886263607,0.005608844668707284,0.5,サンプル不足,-0.09188916937223413
v7,return_20d,20日モメンタム,20営業日の騰落率,True,業種,ゴム製品,3d,3営業日,5,1,1,-0.0778894472361808,-0.0778894472361808,0.0,サンプル不足,-0.09188916937223413
v7,return_20d,20日モメンタム,20営業日の騰落率,True,業種,ゴム製品,5d,5営業日,1,10,9,0.03013792830237431,0.03321575543797772,0.8888888888888888,サンプル不足,-0.07913290317674611
v7,return_20d,20日モメンタム,20営業日の騰落率,True,業種,ゴム製品,5d,5営業日,2,7,4,0.023766451718078563,0.012544655512381375,1.0,サンプル不足,-0.07913290317674611
v7,return_20d,20日モメンタム,20営業日の騰落率,True,業種,ゴム製品,5d,5営業日,3,9,7,0.038435207328418354,0.03459372485921164,0.8571428571428571,サンプル不足,-0.07913290317674611
v7,return_20d,20日モメンタム,20営業日の騰落率,True,業種,ゴム製品,5d,5営業日,4,8,6,-0.0009359272599868315,0.02197733252378059,0.5,サンプル不足,-0.07913290317674611
v7,return_20d,20日モメンタム,20営業日の騰落率,True,業種,ゴム製品,5d,5営業日,5,1,1,-0.0489949748743718,-0.0489949748743718,0.0,サンプル不足,-0.07913290317674611
v7,return_20d,20日モメンタム,20営業日の騰落率,True,業種,サービス業,10d,10営業日,1,59,36,0.035996550217348,0.033566511214745735,0.8888888888888888,評価可能,-0.09564703274975586
v7,return_20d,20日モメンタム,20営業日の騰落率,True,業種,サービス業,10d,10営業日,2,60,45,0.029530028911213622,0.0074156470152020315,0.5555555555555556,評価可能,-0.09564703274975586
v7,return_20d,20日モメンタム,20営業日の騰落率,True,業種,サービス業,10d,10営業日,3,76,50,0.024614363335531762,0.022293779580797812,0.64,評価可能,-0.09564703274975586
v7,return_20d,20日モメンタム,20営業日の騰落率,True,業種,サービス業,10d,10営業日,4,89,73,0.012299182797336085,0.020051413881748026,0.589041095890411,評価可能,-0.09564703274975586
v7,return_20d,20日モメンタム,20営業日の騰落率,True,業種,サービス業,10d,10営業日,5,63,51,-0.05965048253240786,-0.030523759972251097,0.3333333333333333,評価可能,-0.09564703274975586
v7,return_20d,20日モメンタム,20営業日の騰落率,True,業種,サービス業,1d,1営業日,1,59,55,0.008391183562973664,0.0011570317187459267,0.5454545454545454,評価可能,-0.0038769250887651964
v7,return_20d,20日モメンタム,20営業日の騰落率,True,業種,サービス業,1d,1営業日,2,60,57,-0.0013793003952081162,-0.003030303030303,0.43859649122807015,評価可能,-0.0038769250887651964
v7,return_20d,20日モメンタム,20営業日の騰落率,True,業種,サービス業,1d,1営業日,3,76,75,0.0021726071870194516,0.0003843197540354115,0.5066666666666667,評価可能,-0.0038769250887651964
v7,return_20d,20日モメンタム,20営業日の騰落率,True,業種,サービス業,1d,1営業日,4,89,88,0.0043890469207326175,0.002179843475620391,0.5113636363636364,評価可能,-0.0038769250887651964
v7,return_20d,20日モメンタム,20営業日の騰落率,True,業種,サービス業,1d,1営業日,5,63,61,0.004514258474208468,0.0033370411568409,0.5245901639344263,評価可能,-0.0038769250887651964
v7,return_20d,20日モメンタム,20営業日の騰落率,True,業種,サービス業,3d,3営業日,1,59,50,0.007359754011520022,0.006479266347687362,0.6,評価可能,-0.021781573819240608
v7,return_20d,20日モメンタム,20営業日の騰落率,True,業種,サービス業,3d,3営業日,2,60,53,0.012056878294304284,-0.003718854536511551,0.4339622641509434,評価可能,-0.021781573819240608
v7,return_20d,20日モメンタム,20営業日の騰落率,True,業種,サービス業,3d,3営業日,3,76,71,0.009897922402771027,0.009294320137693601,0.5774647887323944,評価可能,-0.021781573819240608
v7,return_20d,20日モメンタム,20営業日の騰落率,True,業種,サービス業,3d,3営業日,4,89,85,0.0017383409525622386,0.0,0.49411764705882355,評価可能,-0.021781573819240608
v7,return_20d,20日モメンタム,20営業日の騰落率,True,業種,サービス業,3d,3営業日,5,63,60,-0.014421819807720586,-0.010375750924214399,0.4,評価可能,-0.021781573819240608
v7,return_20d,20日モメンタム,20営業日の騰落率,True,業種,サービス業,5d,5営業日,1,59,48,0.006571295618216791,0.0036427514729326926,0.6041666666666666,評価可能,-0.039674774254777515
v7,return_20d,20日モメンタム,20営業日の騰落率,True,業種,サービス業,5d,5営業日,2,60,52,0.020441897236975728,-0.0067285046991568676,0.4423076923076923,評価可能,-0.039674774254777515
v7,return_20d,20日モメンタム,20営業日の騰落率,True,業種,サービス業,5d,5営業日,3,76,65,0.003994153569007726,0.0030511060259343914,0.5076923076923077,評価可能,-0.039674774254777515
v7,return_20d,20日モメンタム,20営業日の騰落率,True,業種,サービス業,5d,5営業日,4,89,81,0.003085645724281343,0.0036429872495447,0.5061728395061729,評価可能,-0.039674774254777515
v7,return_20d,20日モメンタム,20営業日の騰落率,True,業種,サービス業,5d,5営業日,5,63,60,-0.033103478636560726,-0.029970475001300595,0.4166666666666667,評価可能,-0.039674774254777515
v7,return_20d,20日モメンタム,20営業日の騰落率,True,業種,パルプ・紙,10d,10営業日,1,2,0,,,,サンプル不足,-0.169646107790019
v7,return_20d,20日モメンタム,20営業日の騰落率,True,業種,パルプ・紙,10d,10営業日,2,4,2,-0.0036191434728728954,-0.0036191434728728954,0.5,サンプル不足,-0.169646107790019
v7,return_20d,20日モメンタム,20営業日の騰落率,True,業種,パルプ・紙,10d,10営業日,3,2,1,0.005292194571255848,0.005292194571255848,1.0,サンプル不足,-0.169646107790019
v7,return_20d,20日モメンタム,20営業日の騰落率,True,業種,パルプ・紙,10d,10営業日,4,6,4,-0.07342481578132037,-0.05732721167375815,0.25,サンプル不足,-0.169646107790019
v7,return_20d,20日モメンタム,20営業日の騰落率,True,業種,パルプ・紙,10d,10営業日,5,3,3,-0.1732652512628919,-0.14150943396226412,0.0,サンプル不足,-0.169646107790019
v7,return_20d,20日モメンタム,20営業日の騰落率,True,業種,パルプ・紙,1d,1営業日,1,2,2,-0.008719217104515342,-0.008719217104515342,0.5,サンプル不足,-0.013764345544033284
v7,return_20d,20日モメンタム,20営業日の騰落率,True,業種,パルプ・紙,1d,1営業日,2,4,4,-0.024379793975865968,-0.01777865293761144,0.0,サンプル不足,-0.013764345544033284
v7,return_20d,20日モメンタム,20営業日の騰落率,True,業種,パルプ・紙,1d,1営業日,3,2,2,-0.0067635866599641825,-0.0067635866599641825,0.0,サンプル不足,-0.013764345544033284
v7,return_20d,20日モメンタム,20営業日の騰落率,True,業種,パルプ・紙,1d,1営業日,4,6,6,-0.02653697808772093,-0.02668352213853148,0.3333333333333333,サンプル不足,-0.013764345544033284
v7,return_20d,20日モメンタム,20営業日の騰落率,True,業種,パルプ・紙,1d,1営業日,5,3,3,-0.022483562648548627,-0.0268456375838925,0.3333333333333333,サンプル不足,-0.013764345544033284
v7,return_20d,20日モメンタム,20営業日の騰落率,True,業種,パルプ・紙,3d,3営業日,1,2,1,-0.012522361359570633,-0.012522361359570633,0.0,サンプル不足,-0.06120262848196582
v7,return_20d,20日モメンタム,20営業日の騰落率,True,業種,パルプ・紙,3d,3営業日,2,4,4,-0.006707544207602516,0.002919754300458488,0.5,サンプル不足,-0.06120262848196582
v7,return_20d,20日モメンタム,20営業日の騰落率,True,業種,パルプ・紙,3d,3営業日,3,2,2,-0.007690225193622113,-0.007690225193622113,0.5,サンプル不足,-0.06120262848196582
v7,return_20d,20日モメンタム,20営業日の騰落率,True,業種,パルプ・紙,3d,3営業日,4,6,6,-0.042380120986144555,-0.044122089930316466,0.3333333333333333,サンプル不足,-0.06120262848196582
v7,return_20d,20日モメンタム,20営業日の騰落率,True,業種,パルプ・紙,3d,3営業日,5,3,3,-0.07372498984153646,-0.0690316395014382,0.0,サンプル不足,-0.06120262848196582
v7,return_20d,20日モメンタム,20営業日の騰落率,True,業種,パルプ・紙,5d,5営業日,1,2,1,0.0017889087656528524,0.0017889087656528524,1.0,サンプル不足,-0.07147440051198713
v7,return_20d,20日モメンタム,20営業日の騰落率,True,業種,パルプ・紙,5d,5営業日,2,4,3,-0.008184527685803003,-0.0007988271331537122,0.3333333333333333,サンプル不足,-0.07147440051198713
v7,return_20d,20日モメンタム,20営業日の騰落率,True,業種,パルプ・紙,5d,5営業日,3,2,2,0.016984895281612622,0.016984895281612622,1.0,サンプル不足,-0.07147440051198713
v7,return_20d,20日モメンタム,20営業日の騰落率,True,業種,パルプ・紙,5d,5営業日,4,6,4,-0.061797815319948095,-0.036500395217032966,0.5,サンプル不足,-0.07147440051198713
v7,return_20d,20日モメンタム,20営業日の騰落率,True,業種,パルプ・紙,5d,5営業日,5,3,3,-0.06968549174633427,-0.09056603773584904,0.0,サンプル不足,-0.07147440051198713
v7,return_20d,20日モメンタム,20営業日の騰落率,True,業種,不動産業,10d,10営業日,1,6,2,0.04093243085540898,0.04093243085540898,1.0,サンプル不足,-0.08670141214839867
v7,return_20d,20日モメンタム,20営業日の騰落率,True,業種,不動産業,10d,10営業日,2,9,7,-0.02886303424730066,-0.0170575692963752,0.14285714285714285,サンプル不足,-0.08670141214839867
v7,return_20d,20日モメンタム,20営業日の騰落率,True,業種,不動産業,10d,10営業日,3,7,4,-0.021640261412261,-0.0230095841823258,0.25,サンプル不足,-0.08670141214839867
v7,return_20d,20日モメンタム,20営業日の騰落率,True,業種,不動産業,10d,10営業日,4,6,6,0.049074264282911145,0.08514492753623193,0.6666666666666666,サンプル不足,-0.08670141214839867
v7,return_20d,20日モメンタム,20営業日の騰落率,True,業種,不動産業,10d,10営業日,5,27,16,-0.045768981292989695,-0.06014747492068934,0.375,サンプル不足,-0.08670141214839867
v7,return_20d,20日モメンタム,20営業日の騰落率,True,業種,不動産業,1d,1営業日,1,6,5,-0.015406739220203029,-0.02168021680216803,0.2,サンプル不足,0.019166996459803572
v7,return_20d,20日モメンタム,20営業日の騰落率,True,業種,不動産業,1d,1営業日,2,9,9,-0.027490966184792576,-0.0093209054593874,0.1111111111111111,サンプル不足,0.019166996459803572
v7,return_20d,20日モメンタム,20営業日の騰落率,True,業種,不動産業,1d,1営業日,3,7,7,-0.034720140885834395,-0.0174603174603175,0.14285714285714285,サンプル不足,0.019166996459803572
v7,return_20d,20日モメンタム,20営業日の騰落率,True,業種,不動産業,1d,1営業日,4,6,6,0.002107153648666945,0.00764020163831125,0.6666666666666666,サンプル不足,0.019166996459803572
v7,return_20d,20日モメンタム,20営業日の騰落率,True,業種,不動産業,1d,1営業日,5,27,26,0.0037602572396005433,-0.00022271714922050823,0.38461538461538464,サンプル不足,0.019166996459803572
v7,return_20d,20日モメンタム,20営業日の騰落率,True,業種,不動産業,3d,3営業日,1,6,4,-0.004000367562888852,-0.0020034583723853583,0.5,サンプル不足,-0.022026635556734373
v7,return_20d,20日モメンタム,20営業日の騰落率,True,業種,不動産業,3d,3営業日,2,9,9,-0.03414182275474852,-0.0158887785501489,0.1111111111111111,サンプル不足,-0.022026635556734373
v7,return_20d,20日モメンタム,20営業日の騰落率,True,業種,不動産業,3d,3営業日,3,7,7,-0.030396573426803627,-0.0142857142857142,0.14285714285714285,サンプル不足,-0.022026635556734373
v7,return_20d,20日モメンタム,20営業日の騰落率,True,業種,不動産業,3d,3営業日,4,6,6,0.015068989135896396,0.005434782608695676,0.5,サンプル不足,-0.022026635556734373
v7,return_20d,20日モメンタム,20営業日の騰落率,True,業種,不動産業,3d,3営業日,5,27,26,-0.026027003119623224,-0.01681550793989456,0.2692307692307692,サンプル不足,-0.022026635556734373
v7,return_20d,20日モメンタム,20営業日の騰落率,True,業種,不動産業,5d,5営業日,1,6,4,0.005192636617817126,0.008345412642012039,0.75,サンプル不足,-0.0340281538566159
v7,return_20d,20日モメンタム,20営業日の騰落率,True,業種,不動産業,5d,5営業日,2,9,9,-0.028570423131248492,-0.0139026812313803,0.2222222222222222,サンプル不足,-0.0340281538566159
v7,return_20d,20日モメンタム,20営業日の騰落率,True,業種,不動産業,5d,5営業日,3,7,5,-0.037775024839351946,-0.0301587301587301,0.2,サンプル不足,-0.0340281538566159
v7,return_20d,20日モメンタム,20営業日の騰落率,True,業種,不動産業,5d,5営業日,4,6,6,0.060000162572007104,0.04498792270531404,0.6666666666666666,サンプル不足,-0.0340281538566159
v7,return_20d,20日モメンタム,20営業日の騰落率,True,業種,不動産業,5d,5営業日,5,27,21,-0.028835517238798777,-0.01594202898550723,0.23809523809523808,サンプル不足,-0.0340281538566159
v7,return_20d,20日モメンタム,20営業日の騰落率,True,業種,保険業,10d,10営業日,1,38,30,0.03941057760966012,0.04102772532717003,0.9333333333333333,評価可能,-0.06902913462708499
v7,return_20d,20日モメンタム,20営業日の騰落率,True,業種,保険業,10d,10営業日,2,24,16,0.0029477800554435565,0.0046003651191135475,0.5625,サンプル不足,-0.06902913462708499
v7,return_20d,20日モメンタム,20営業日の騰落率,True,業種,保険業,10d,10営業日,3,21,17,-0.0015547976092288437,-0.0006393276766542,0.47058823529411764,サンプル不足,-0.06902913462708499
v7,return_20d,20日モメンタム,20営業日の騰落率,True,業種,保険業,10d,10営業日,4,7,4,-0.029618557017424857,-0.03061653574468809,0.0,サンプル不足,-0.06902913462708499
v7,return_20d,20日モメンタム,20営業日の騰落率,True,業種,保険業,1d,1営業日,1,38,38,-0.0018975226960388108,0.001169464942681997,0.5263157894736842,評価可能,0.0010014226748088536
v7,return_20d,20日モメンタム,20営業日の騰落率,True,業種,保険業,1d,1営業日,2,24,24,0.004074573559646841,0.00607935229268175,0.5833333333333334,サンプル不足,0.0010014226748088536
v7,return_20d,20日モメンタム,20営業日の騰落率,True,業種,保険業,1d,1営業日,3,21,21,-0.0027624600888138885,-0.001091835496785154,0.47619047619047616,サンプル不足,0.0010014226748088536
v7,return_20d,20日モメンタム,20営業日の騰落率,True,業種,保険業,1d,1営業日,4,7,7,-0.0008961000212299572,0.0021829728120659198,0.5714285714285714,サンプル不足,0.0010014226748088536
v7,return_20d,20日モメンタム,20営業日の騰落率,True,業種,保険業,3d,3営業日,1,38,36,0.00776092447116527,0.007024099563712194,0.5833333333333334,評価可能,-0.015047138353221256
v7,return_20d,20日モメンタム,20営業日の騰落率,True,業種,保険業,3d,3営業日,2,24,24,0.0017800453173183507,0.0010439394199656116,0.5833333333333334,サンプル不足,-0.015047138353221256
v7,return_20d,20日モメンタム,20営業日の騰落率,True,業種,保険業,3d,3営業日,3,21,21,-0.012641147648191702,-0.00815271425730757,0.42857142857142855,サンプル不足,-0.015047138353221256
v7,return_20d,20日モメンタム,20営業日の騰落率,True,業種,保険業,3d,3営業日,4,7,7,-0.007286213882055985,-0.022821988489779677,0.42857142857142855,サンプル不足,-0.015047138353221256
v7,return_20d,20日モメンタム,20営業日の騰落率,True,業種,保険業,5d,5営業日,1,38,34,0.017653807855525405,0.016937178122019003,0.6764705882352942,評価可能,-0.0312656127825655
v7,return_20d,20日モメンタム,20営業日の騰落率,True,業種,保険業,5d,5営業日,2,24,23,-0.004691126994511898,-0.0018822264049476178,0.43478260869565216,サンプル不足,-0.0312656127825655
v7,return_20d,20日モメンタム,20営業日の騰落率,True,業種,保険業,5d,5営業日,3,21,21,-0.012763584295294027,-0.018487858719646755,0.38095238095238093,サンプル不足,-0.0312656127825655
v7,return_20d,20日モメンタム,20営業日の騰落率,True,業種,保険業,5d,5営業日,4,7,7,-0.013611804927040092,-0.01502843216896832,0.2857142857142857,サンプル不足,-0.0312656127825655
v7,return_20d,20日モメンタム,20営業日の騰落率,True,業種,倉庫・運輸関連業,10d,10営業日,1,1,0,,,,サンプル不足,0.028475374047274928
v7,return_20d,20日モメンタム,20営業日の騰落率,True,業種,倉庫・運輸関連業,10d,10営業日,2,6,4,-0.01323158485068279,-0.012929302155644862,0.25,サンプル不足,0.028475374047274928
v7,return_20d,20日モメンタム,20営業日の騰落率,True,業種,倉庫・運輸関連業,10d,10営業日,3,4,4,0.06000587028624384,0.02301005538481093,0.75,サンプル不足,0.028475374047274928
v7,return_20d,20日モメンタム,20営業日の騰落率,True,業種,倉庫・運輸関連業,10d,10営業日,4,4,4,0.016635559201110525,-0.012232469740164828,0.25,サンプル不足,0.028475374047274928
v7,return_20d,20日モメンタム,20営業日の騰落率,True,業種,倉庫・運輸関連業,10d,10営業日,5,4,4,0.015243789196592139,0.002410342352630934,0.5,サンプル不足,0.028475374047274928
v7,return_20d,20日モメンタム,20営業日の騰落率,True,業種,倉庫・運輸関連業,1d,1営業日,1,1,1,-0.016786570743405282,-0.016786570743405282,0.0,サンプル不足,-0.020097993083027232
v7,return_20d,20日モメンタム,20営業日の騰落率,True,業種,倉庫・運輸関連業,1d,1営業日,2,6,6,-0.0060179439620410835,-0.0029114906832298226,0.16666666666666666,サンプル不足,-0.020097993083027232
v7,return_20d,20日モメンタム,20営業日の騰落率,True,業種,倉庫・運輸関連業,1d,1営業日,3,4,4,0.011449915868279438,0.019980724409630814,0.75,サンプル不足,-0.020097993083027232
v7,return_20d,20日モメンタム,20営業日の騰落率,True,業種,倉庫・運輸関連業,1d,1営業日,4,4,4,-0.007945092513535378,-0.007201248939022874,0.0,サンプル不足,-0.020097993083027232
v7,return_20d,20日モメンタム,20営業日の騰落率,True,業種,倉庫・運輸関連業,1d,1営業日,5,4,4,-0.036884563826432515,-0.013287935664589579,0.5,サンプル不足,-0.020097993083027232
v7,return_20d,20日モメンタム,20営業日の騰落率,True,業種,倉庫・運輸関連業,3d,3営業日,1,1,0,,,,サンプル不足,-0.03078662109193337
v7,return_20d,20日モメンタム,20営業日の騰落率,True,業種,倉庫・運輸関連業,3d,3営業日,2,6,5,0.009004733920672336,0.0,0.4,サンプル不足,-0.03078662109193337
v7,return_20d,20日モメンタム,20営業日の騰落率,True,業種,倉庫・運輸関連業,3d,3営業日,3,4,4,0.009547151674166563,0.004623475222305291,0.75,サンプル不足,-0.03078662109193337
v7,return_20d,20日モメンタム,20営業日の騰落率,True,業種,倉庫・運輸関連業,3d,3営業日,4,4,4,-0.010153623231776134,-0.009526769889360964,0.0,サンプル不足,-0.03078662109193337
v7,return_20d,20日モメンタム,20営業日の騰落率,True,業種,倉庫・運輸関連業,3d,3営業日,5,4,4,-0.021781887171261033,0.009580664673924821,0.5,サンプル不足,-0.03078662109193337
v7,return_20d,20日モメンタム,20営業日の騰落率,True,業種,倉庫・運輸関連業,5d,5営業日,1,1,0,,,,サンプル不足,0.009661941644006137
v7,return_20d,20日モメンタム,20営業日の騰落率,True,業種,倉庫・運輸関連業,5d,5営業日,2,6,5,-0.005489341468287559,-0.016885553470919357,0.2,サンプル不足,0.009661941644006137
v7,return_20d,20日モメンタム,20営業日の騰落率,True,業種,倉庫・運輸関連業,5d,5営業日,3,4,4,0.015580221683202007,0.01594125251653455,0.75,サンプル不足,0.009661941644006137
v7,return_20d,20日モメンタム,20営業日の騰落率,True,業種,倉庫・運輸関連業,5d,5営業日,4,4,4,-0.012788629719036243,-0.018586735868150205,0.25,サンプル不足,0.009661941644006137
v7,return_20d,20日モメンタム,20営業日の騰落率,True,業種,倉庫・運輸関連業,5d,5営業日,5,4,4,0.004172600175718577,0.06350519058104143,0.75,サンプル不足,0.009661941644006137
v7,return_20d,20日モメンタム,20営業日の騰落率,True,業種,化学,10d,10営業日,1,81,67,-0.01958334560632974,0.002808988764045006,0.5074626865671642,評価可能,-0.1042071430371357
v7,return_20d,20日モメンタム,20営業日の騰落率,True,業種,化学,10d,10営業日,2,57,37,-0.008948801684923102,0.0058072009291521,0.5405405405405406,評価可能,-0.1042071430371357
v7,return_20d,20日モメンタム,20営業日の騰落率,True,業種,化学,10d,10営業日,3,49,35,-0.03616520136716799,-0.026459143968871612,0.34285714285714286,評価可能,-0.1042071430371357
v7,return_20d,20日モメンタム,20営業日の騰落率,True,業種,化学,10d,10営業日,4,36,19,-0.05511185344868633,-0.027881040892193343,0.21052631578947367,サンプル不足,-0.1042071430371357
v7,return_20d,20日モメンタム,20営業日の騰落率,True,業種,化学,10d,10営業日,5,45,28,-0.12379048864346544,-0.10850653440403084,0.14285714285714285,サンプル不足,-0.1042071430371357
v7,return_20d,20日モメンタム,20営業日の騰落率,True,業種,化学,1d,1営業日,1,81,79,-0.0031297298466059467,-0.002526103065005003,0.4177215189873418,評価可能,0.0037073212639416953
v7,return_20d,20日モメンタム,20営業日の騰落率,True,業種,化学,1d,1営業日,2,57,50,-0.007569369509346502,-0.006273642220790965,0.42,評価可能,0.0037073212639416953
v7,return_20d,20日モメンタム,20営業日の騰落率,True,業種,化学,1d,1営業日,3,49,47,-0.006250522256667396,-0.0032467532467532756,0.425531914893617,評価可能,0.0037073212639416953
v7,return_20d,20日モメンタム,20営業日の騰落率,True,業種,化学,1d,1営業日,4,36,34,-0.006287072449910114,-0.008935048672723933,0.29411764705882354,評価可能,0.0037073212639416953
v7,return_20d,20日モメンタム,20営業日の騰落率,True,業種,化学,1d,1営業日,5,45,43,0.0005775914173357487,-0.00753453327752196,0.4418604651162791,評価可能,0.0037073212639416953
v7,return_20d,20日モメンタム,20営業日の騰落率,True,業種,化学,3d,3営業日,1,81,76,0.0003354974912869085,-0.0026104274972529318,0.4605263157894737,評価可能,-0.019499723017061096
v7,return_20d,20日モメンタム,20営業日の騰落率,True,業種,化学,3d,3営業日,2,57,48,-0.012163898214748725,-0.006242802231495204,0.3958333333333333,評価可能,-0.019499723017061096
v7,return_20d,20日モメンタム,20営業日の騰落率,True,業種,化学,3d,3営業日,3,49,42,-0.027257654376632582,-0.02530918050114428,0.30952380952380953,評価可能,-0.019499723017061096
v7,return_20d,20日モメンタム,20営業日の騰落率,True,業種,化学,3d,3営業日,4,36,28,-0.019152915991343982,-0.018874416318505727,0.32142857142857145,サンプル不足,-0.019499723017061096
v7,return_20d,20日モメンタム,20営業日の騰落率,True,業種,化学,3d,3営業日,5,45,36,-0.019164225525774188,-0.024914054670972074,0.3888888888888889,評価可能,-0.019499723017061096
v7,return_20d,20日モメンタム,20営業日の騰落率,True,業種,化学,5d,5営業日,1,81,75,-0.011833309534027014,-0.0079268292682926,0.38666666666666666,評価可能,-0.013160797182651816
v7,return_20d,20日モメンタム,20営業日の騰落率,True,業種,化学,5d,5営業日,2,57,44,0.00042098841739491373,0.0037134377053266165,0.5227272727272727,評価可能,-0.013160797182651816
v7,return_20d,20日モメンタム,20営業日の騰落率,True,業種,化学,5d,5営業日,3,49,37,-0.03618618169886206,-0.0247333787156796,0.32432432432432434,評価可能,-0.013160797182651816
v7,return_20d,20日モメンタム,20営業日の騰落率,True,業種,化学,5d,5営業日,4,36,24,-0.02965264394964684,-0.029125475095517883,0.3333333333333333,サンプル不足,-0.013160797182651816
v7,return_20d,20日モメンタム,20営業日の騰落率,True,業種,化学,5d,5営業日,5,45,34,-0.02499410671667883,-0.0183974969633582,0.4411764705882353,評価可能,-0.013160797182651816
v7,return_20d,20日モメンタム,20営業日の騰落率,True,業種,医薬品,10d,10営業日,1,5,1,-0.016967315592069987,-0.016967315592069987,0.0,サンプル不足,-0.1664471041117973
v7,return_20d,20日モメンタム,20営業日の騰落率,True,業種,医薬品,10d,10営業日,2,13,10,0.003190629130501854,-0.00611700584492636,0.5,サンプル不足,-0.1664471041117973
v7,return_20d,20日モメンタム,20営業日の騰落率,True,業種,医薬品,10d,10営業日,3,7,4,-0.021275459720955125,-0.03078176430781765,0.25,サンプル不足,-0.1664471041117973
v7,return_20d,20日モメンタム,20営業日の騰落率,True,業種,医薬品,10d,10営業日,4,3,2,0.005429531982659483,0.005429531982659483,0.5,サンプル不足,-0.1664471041117973
v7,return_20d,20日モメンタム,20営業日の騰落率,True,業種,医薬品,10d,10営業日,5,7,6,-0.1834144197038673,-0.16504273504273498,0.16666666666666666,サンプル不足,-0.1664471041117973
v7,return_20d,20日モメンタム,20営業日の騰落率,True,業種,医薬品,1d,1営業日,1,5,5,-0.005055344002926421,-0.019045891529112957,0.4,サンプル不足,-0.09358834685212546
v7,return_20d,20日モメンタム,20営業日の騰落率,True,業種,医薬品,1d,1営業日,2,13,13,-0.006909279518161466,-0.007224898110411271,0.3076923076923077,サンプル不足,-0.09358834685212546
v7,return_20d,20日モメンタム,20営業日の騰落率,True,業種,医薬品,1d,1営業日,3,7,7,-0.019160848603141125,-0.008465417867435154,0.14285714285714285,サンプル不足,-0.09358834685212546
v7,return_20d,20日モメンタム,20営業日の騰落率,True,業種,医薬品,1d,1営業日,4,3,3,0.005117725298959729,0.007191011235955003,0.6666666666666666,サンプル不足,-0.09358834685212546
v7,return_20d,20日モメンタム,20営業日の騰落率,True,業種,医薬品,1d,1営業日,5,7,7,-0.09864369085505188,-0.0703517587939698,0.14285714285714285,サンプル不足,-0.09358834685212546
v7,return_20d,20日モメンタム,20営業日の騰落率,True,業種,医薬品,3d,3営業日,1,5,5,-0.016363403810942055,-0.04425902412479599,0.4,サンプル不足,-0.11678866384779013
v7,return_20d,20日モメンタム,20営業日の騰落率,True,業種,医薬品,3d,3営業日,2,13,13,-0.022413680513496355,-0.013153019636902519,0.23076923076923078,サンプル不足,-0.11678866384779013
v7,return_20d,20日モメンタム,20営業日の騰落率,True,業種,医薬品,3d,3営業日,3,7,5,-0.011065279114802973,0.016741674167416676,0.8,サンプル不足,-0.11678866384779013
v7,return_20d,20日モメンタム,20営業日の騰落率,True,業種,医薬品,3d,3営業日,4,3,3,-0.024976837107305527,-0.0157480314960629,0.3333333333333333,サンプル不足,-0.11678866384779013
v7,return_20d,20日モメンタム,20営業日の騰落率,True,業種,医薬品,3d,3営業日,5,7,6,-0.1331520676587322,-0.07130395567581495,0.16666666666666666,サンプル不足,-0.11678866384779013
v7,return_20d,20日モメンタム,20営業日の騰落率,True,業種,医薬品,5d,5営業日,1,5,5,-0.016799749112711603,0.0006558810668999548,0.6,サンプル不足,-0.1495987494981587
v7,return_20d,20日モメンタム,20営業日の騰落率,True,業種,医薬品,5d,5営業日,2,13,13,-0.03368636183051695,-0.03349282296650713,0.15384615384615385,サンプル不足,-0.1495987494981587
v7,return_20d,20日モメンタム,20営業日の騰落率,True,業種,医薬品,5d,5営業日,3,7,5,0.025301888298441776,0.05273722627737221,0.8,サンプル不足,-0.1495987494981587
v7,return_20d,20日モメンタム,20営業日の騰落率,True,業種,医薬品,5d,5営業日,4,3,3,-0.03634992832298916,-0.0616797900262466,0.3333333333333333,サンプル不足,-0.1495987494981587
v7,return_20d,20日モメンタム,20営業日の騰落率,True,業種,医薬品,5d,5営業日,5,7,6,-0.1663984986108703,-0.10103401623502126,0.0,サンプル不足,-0.1495987494981587
v7,return_20d,20日モメンタム,20営業日の騰落率,True,業種,卸売業,10d,10営業日,1,28,17,-0.015897676708273006,-0.007172131147541,0.47058823529411764,サンプル不足,0.019876783234110938
v7,return_20d,20日モメンタム,20営業日の騰落率,True,業種,卸売業,10d,10営業日,2,34,19,-0.0050851405379987915,-0.009039010466222686,0.3684210526315789,サンプル不足,0.019876783234110938
v7,return_20d,20日モメンタム,20営業日の騰落率,True,業種,卸売業,10d,10営業日,3,30,19,0.003304201957965918,-0.0070011668611434,0.3157894736842105,サンプル不足,0.019876783234110938
v7,return_20d,20日モメンタム,20営業日の騰落率,True,業種,卸売業,10d,10営業日,4,55,29,-0.006186997382917836,0.0,0.4827586206896552,サンプル不足,0.019876783234110938
v7,return_20d,20日モメンタム,20営業日の騰落率,True,業種,卸売業,10d,10営業日,5,49,25,0.003979106525837932,0.02565236620964173,0.6,サンプル不足,0.019876783234110938
v7,return_20d,20日モメンタム,20営業日の騰落率,True,業種,卸売業,1d,1営業日,1,28,27,0.004392077405497601,0.00040683482506098656,0.5185185185185185,サンプル不足,0.006173128089414466
v7,return_20d,20日モメンタム,20営業日の騰落率,True,業種,卸売業,1d,1営業日,2,34,32,-0.003734803285438108,-0.005877707755910974,0.34375,評価可能,0.006173128089414466
v7,return_20d,20日モメンタム,20営業日の騰落率,True,業種,卸売業,1d,1営業日,3,30,29,0.011565517747015622,0.011914217633042012,0.5517241379310345,サンプル不足,0.006173128089414466
v7,return_20d,20日モメンタム,20営業日の騰落率,True,業種,卸売業,1d,1営業日,4,55,49,0.006196265904105176,0.0020942408376962707,0.5510204081632653,評価可能,0.006173128089414466
v7,return_20d,20日モメンタム,20営業日の騰落率,True,業種,卸売業,1d,1営業日,5,49,47,0.010565205494912067,-0.001064395955295394,0.48936170212765956,評価可能,0.006173128089414466
v7,return_20d,20日モメンタム,20営業日の騰落率,True,業種,卸売業,3d,3営業日,1,28,26,0.0029937956092103216,0.00022851919561239775,0.5,サンプル不足,0.013680077516974667
v7,return_20d,20日モメンタム,20営業日の騰落率,True,業種,卸売業,3d,3営業日,2,34,29,0.004710672785971498,-0.0012135922330097,0.4827586206896552,サンプル不足,0.013680077516974667
v7,return_20d,20日モメンタム,20営業日の騰落率,True,業種,卸売業,3d,3営業日,3,30,24,0.012705256088009861,-0.0071530156694027,0.4166666666666667,サンプル不足,0.013680077516974667
v7,return_20d,20日モメンタム,20営業日の騰落率,True,業種,卸売業,3d,3営業日,4,55,45,-0.016193999202483277,-0.011363636363636354,0.4222222222222222,評価可能,0.013680077516974667
v7,return_20d,20日モメンタム,20営業日の騰落率,True,業種,卸売業,3d,3営業日,5,49,42,0.01667387312618499,-0.00182050068131262,0.5,評価可能,0.013680077516974667
v7,return_20d,20日モメンタム,20営業日の騰落率,True,業種,卸売業,5d,5営業日,1,28,25,0.013822477276531742,0.0,0.48,サンプル不足,-0.0005333394475319254
v7,return_20d,20日モメンタム,20営業日の騰落率,True,業種,卸売業,5d,5営業日,2,34,24,0.005578088985643275,0.0027783924045540554,0.5,サンプル不足,-0.0005333394475319254
v7,return_20d,20日モメンタム,20営業日の騰落率,True,業種,卸売業,5d,5営業日,3,30,21,-0.0031109803427836584,-0.0137614678899082,0.3333333333333333,サンプル不足,-0.0005333394475319254
v7,return_20d,20日モメンタム,20営業日の騰落率,True,業種,卸売業,5d,5営業日,4,55,37,-0.01637466041563829,-0.0143061516452074,0.40540540540540543,評価可能,-0.0005333394475319254
v7,return_20d,20日モメンタム,20営業日の騰落率,True,業種,卸売業,5d,5営業日,5,49,36,0.013289137828999816,0.008157081450013592,0.5555555555555556,評価可能,-0.0005333394475319254
v7,return_20d,20日モメンタム,20営業日の騰落率,True,業種,小売業,10d,10営業日,1,33,30,0.017026641668539802,0.0052771169988788495,0.5666666666666667,評価可能,-0.001255166089918807
v7,return_20d,20日モメンタム,20営業日の騰落率,True,業種,小売業,10d,10営業日,2,44,31,0.008782679090073239,-0.004567307692307732,0.4838709677419355,評価可能,-0.001255166089918807
v7,return_20d,20日モメンタム,20営業日の騰落率,True,業種,小売業,10d,10営業日,3,55,38,0.02201958473018686,0.01231651786778587,0.5526315789473685,評価可能,-0.001255166089918807
v7,return_20d,20日モメンタム,20営業日の騰落率,True,業種,小売業,10d,10営業日,4,45,35,0.0018340315501147802,0.01700921332388372,0.5714285714285714,評価可能,-0.001255166089918807
v7,return_20d,20日モメンタム,20営業日の騰落率,True,業種,小売業,10d,10営業日,5,46,33,0.015771475578620995,0.0229132569558101,0.5454545454545454,評価可能,-0.001255166089918807
v7,return_20d,20日モメンタム,20営業日の騰落率,True,業種,小売業,1d,1営業日,1,33,33,0.005015554293473805,0.00441891278850548,0.5757575757575758,評価可能,0.0008022451869071929
v7,return_20d,20日モメンタム,20営業日の騰落率,True,業種,小売業,1d,1営業日,2,44,44,-0.0005640811785966894,-0.0028204774828258783,0.45454545454545453,評価可能,0.0008022451869071929
v7,return_20d,20日モメンタム,20営業日の騰落率,True,業種,小売業,1d,1営業日,3,55,53,0.0037432633432255428,-0.0010515247108306,0.39622641509433965,評価可能,0.0008022451869071929
v7,return_20d,20日モメンタム,20営業日の騰落率,True,業種,小売業,1d,1営業日,4,45,43,-0.00805206950930712,-0.00648298217179899,0.37209302325581395,評価可能,0.0008022451869071929
v7,return_20d,20日モメンタム,20営業日の騰落率,True,業種,小売業,1d,1営業日,5,46,46,0.005817799480380998,-0.0028340738559342734,0.45652173913043476,評価可能,0.0008022451869071929
v7,return_20d,20日モメンタム,20営業日の騰落率,True,業種,小売業,3d,3営業日,1,33,32,0.015570435348826971,0.01662623328742094,0.65625,評価可能,0.002820074012909249
v7,return_20d,20日モメンタム,20営業日の騰落率,True,業種,小売業,3d,3営業日,2,44,43,-0.0032344807480658906,-0.007337986458639034,0.4418604651162791,評価可能,0.002820074012909249
v7,return_20d,20日モメンタム,20営業日の騰落率,True,業種,小売業,3d,3営業日,3,55,50,-0.0017424190494334463,-0.005896828737823673,0.38,評価可能,0.002820074012909249
v7,return_20d,20日モメンタム,20営業日の騰落率,True,業種,小売業,3d,3営業日,4,45,43,-0.0026760866847514403,-0.0097697138869504,0.4418604651162791,評価可能,0.002820074012909249
v7,return_20d,20日モメンタム,20営業日の騰落率,True,業種,小売業,3d,3営業日,5,46,44,0.01839050936173622,0.013313992501161387,0.6136363636363636,評価可能,0.002820074012909249
v7,return_20d,20日モメンタム,20営業日の騰落率,True,業種,小売業,5d,5営業日,1,33,32,0.015637592972384925,0.0111764863814827,0.59375,評価可能,0.003969734228760558
v7,return_20d,20日モメンタム,20営業日の騰落率,True,業種,小売業,5d,5営業日,2,44,40,-0.0037938177754418857,-0.0066035860251585365,0.45,評価可能,0.003969734228760558
v7,return_20d,20日モメンタム,20営業日の騰落率,True,業種,小売業,5d,5営業日,3,55,49,0.00847381440595587,0.0029211295034079487,0.5306122448979592,評価可能,0.003969734228760558
v7,return_20d,20日モメンタム,20営業日の騰落率,True,業種,小売業,5d,5営業日,4,45,42,-0.01121202064354282,-0.004555947154722858,0.42857142857142855,評価可能,0.003969734228760558
v7,return_20d,20日モメンタム,20営業日の騰落率,True,業種,小売業,5d,5営業日,5,46,43,0.019607327201145483,0.012679032636769172,0.5581395348837209,評価可能,0.003969734228760558
v7,return_20d,20日モメンタム,20営業日の騰落率,True,業種,建設業,10d,10営業日,1,9,5,-0.1815276713535058,-0.19825195512071403,0.0,サンプル不足,0.08973686000836867
v7,return_20d,20日モメンタム,20営業日の騰落率,True,業種,建設業,10d,10営業日,2,13,10,-0.02016070800747097,-0.02470570553835917,0.3,サンプル不足,0.08973686000836867
v7,return_20d,20日モメンタム,20営業日の騰落率,True,業種,建設業,10d,10営業日,3,13,10,-0.005417697703706566,-0.007776981843463015,0.4,サンプル不足,0.08973686000836867
v7,return_20d,20日モメンタム,20営業日の騰落率,True,業種,建設業,10d,10営業日,4,15,12,-0.051429633743972386,-0.04924712849964104,0.25,サンプル不足,0.08973686000836867
v7,return_20d,20日モメンタム,20営業日の騰落率,True,業種,建設業,10d,10営業日,5,9,8,-0.09179081134513714,-0.0842491842491842,0.0,サンプル不足,0.08973686000836867
v7,return_20d,20日モメンタム,20営業日の騰落率,True,業種,建設業,1d,1営業日,1,9,9,-0.0031672759048168545,-0.0028368794326241176,0.3333333333333333,サンプル不足,-0.03853183354476458
v7,return_20d,20日モメンタム,20営業日の騰落率,True,業種,建設業,1d,1営業日,2,13,13,-0.028806280700052388,-0.0070175438596491,0.23076923076923078,サンプル不足,-0.03853183354476458
v7,return_20d,20日モメンタム,20営業日の騰落率,True,業種,建設業,1d,1営業日,3,13,13,-0.008203864180665581,-0.005479452054794498,0.15384615384615385,サンプル不足,-0.03853183354476458
v7,return_20d,20日モメンタム,20営業日の騰落率,True,業種,建設業,1d,1営業日,4,15,14,-0.013691653195969041,-0.016551747816694995,0.35714285714285715,サンプル不足,-0.03853183354476458
v7,return_20d,20日モメンタム,20営業日の騰落率,True,業種,建設業,1d,1営業日,5,9,9,-0.04169910944958144,-0.0356261022927689,0.0,サンプル不足,-0.03853183354476458
v7,return_20d,20日モメンタム,20営業日の騰落率,True,業種,建設業,3d,3営業日,1,9,9,-0.06259824406316364,-0.03700188725278308,0.3333333333333333,サンプル不足,0.02528037530193366
v7,return_20d,20日モメンタム,20営業日の騰落率,True,業種,建設業,3d,3営業日,2,13,11,-0.022186913570055318,-0.0211946050096338,0.2727272727272727,サンプル不足,0.02528037530193366
v7,return_20d,20日モメンタム,20営業日の騰落率,True,業種,建設業,3d,3営業日,3,13,13,-0.003634890136604281,0.003616636528029016,0.6153846153846154,サンプル不足,0.02528037530193366
v7,return_20d,20日モメンタム,20営業日の騰落率,True,業種,建設業,3d,3営業日,4,15,12,-0.024262672821701494,-0.03122509895529165,0.3333333333333333,サンプル不足,0.02528037530193366
v7,return_20d,20日モメンタム,20営業日の騰落率,True,業種,建設業,3d,3営業日,5,9,9,-0.03731786876122998,-0.0493827160493827,0.2222222222222222,サンプル不足,0.02528037530193366
v7,return_20d,20日モメンタム,20営業日の騰落率,True,業種,建設業,5d,5営業日,1,9,8,-0.0845075877304408,-0.07240772685357816,0.125,サンプル不足,0.055361893908477275
v7,return_20d,20日モメンタム,20営業日の騰落率,True,業種,建設業,5d,5営業日,2,13,10,-0.012101978703130758,-0.006852853366395184,0.4,サンプル不足,0.055361893908477275
v7,return_20d,20日モメンタム,20営業日の騰落率,True,業種,建設業,5d,5営業日,3,13,12,-0.008642908672524893,-0.012182351341473732,0.4166666666666667,サンプル不足,0.055361893908477275
v7,return_20d,20日モメンタム,20営業日の騰落率,True,業種,建設業,5d,5営業日,4,15,12,-0.0370979043000443,-0.03597868541030195,0.25,サンプル不足,0.055361893908477275
v7,return_20d,20日モメンタム,20営業日の騰落率,True,業種,建設業,5d,5営業日,5,9,9,-0.029145693821963525,-0.018342151675485,0.2222222222222222,サンプル不足,0.055361893908477275
v7,return_20d,20日モメンタム,20営業日の騰落率,True,業種,情報・通信業,10d,10営業日,1,71,51,0.024409372153754744,0.012922465208747624,0.6078431372549019,評価可能,-0.03803534490267249
v7,return_20d,20日モメンタム,20営業日の騰落率,True,業種,情報・通信業,10d,10営業日,2,69,52,0.011170800698633679,0.007773088093588449,0.5961538461538461,評価可能,-0.03803534490267249
v7,return_20d,20日モメンタム,20営業日の騰落率,True,業種,情報・通信業,10d,10営業日,3,77,54,0.023008327386000827,0.020449523042460616,0.5925925925925926,評価可能,-0.03803534490267249
v7,return_20d,20日モメンタム,20営業日の騰落率,True,業種,情報・通信業,10d,10営業日,4,116,84,0.024387035977243073,0.018886644926999208,0.5476190476190477,評価可能,-0.03803534490267249
v7,return_20d,20日モメンタム,20営業日の騰落率,True,業種,情報・通信業,10d,10営業日,5,206,135,-0.013625972748917746,-0.013740458015267132,0.4222222222222222,評価可能,-0.03803534490267249
v7,return_20d,20日モメンタム,20営業日の騰落率,True,業種,情報・通信業,1d,1営業日,1,71,69,-0.003465474975078778,0.0014285714285713347,0.5217391304347826,評価可能,0.003292440242165631
v7,return_20d,20日モメンタム,20営業日の騰落率,True,業種,情報・通信業,1d,1営業日,2,69,69,-0.006353784987498996,-0.004705882352941226,0.391304347826087,評価可能,0.003292440242165631
v7,return_20d,20日モメンタム,20営業日の騰落率,True,業種,情報・通信業,1d,1営業日,3,77,73,0.0024532683309147797,-0.0061475409836065,0.4246575342465753,評価可能,0.003292440242165631
v7,return_20d,20日モメンタム,20営業日の騰落率,True,業種,情報・通信業,1d,1営業日,4,116,116,0.007559780365657319,0.0005415162454873723,0.5,評価可能,0.003292440242165631
v7,return_20d,20日モメンタム,20営業日の騰落率,True,業種,情報・通信業,1d,1営業日,5,206,200,-0.00017303473291314708,-0.007205839087620902,0.415,評価可能,0.003292440242165631
v7,return_20d,20日モメンタム,20営業日の騰落率,True,業種,情報・通信業,3d,3営業日,1,71,64,-0.0031006967385254734,0.0014010947588354117,0.546875,評価可能,-0.003650181282381095
v7,return_20d,20日モメンタム,20営業日の騰落率,True,業種,情報・通信業,3d,3営業日,2,69,66,0.00339060942311757,-0.0012341509519542826,0.45454545454545453,評価可能,-0.003650181282381095
v7,return_20d,20日モメンタム,20営業日の騰落率,True,業種,情報・通信業,3d,3営業日,3,77,71,0.005105898325883742,0.0006739784067739674,0.5070422535211268,評価可能,-0.003650181282381095
v7,return_20d,20日モメンタム,20営業日の騰落率,True,業種,情報・通信業,3d,3営業日,4,116,111,0.003080284420961298,0.002620850320326218,0.5135135135135135,評価可能,-0.003650181282381095
v7,return_20d,20日モメンタム,20営業日の騰落率,True,業種,情報・通信業,3d,3営業日,5,206,189,-0.006750878020906568,-0.01611957796014063,0.3862433862433862,評価可能,-0.003650181282381095
v7,return_20d,20日モメンタム,20営業日の騰落率,True,業種,情報・通信業,5d,5営業日,1,71,60,0.008057713108114905,0.006625341078037247,0.5666666666666667,評価可能,-0.0208662145191936
v7,return_20d,20日モメンタム,20営業日の騰落率,True,業種,情報・通信業,5d,5営業日,2,69,63,0.006329094080429982,-0.0009803921568627,0.47619047619047616,評価可能,-0.0208662145191936
v7,return_20d,20日モメンタム,20営業日の騰落率,True,業種,情報・通信業,5d,5営業日,3,77,67,0.0029836491212595615,0.0020408163265306367,0.5223880597014925,評価可能,-0.0208662145191936
v7,return_20d,20日モメンタム,20営業日の騰落率,True,業種,情報・通信業,5d,5営業日,4,116,106,0.00857209387598156,-0.005271901741780105,0.4528301886792453,評価可能,-0.0208662145191936
v7,return_20d,20日モメンタム,20営業日の騰落率,True,業種,情報・通信業,5d,5営業日,5,206,170,-0.012808501411078692,-0.01784526414678295,0.4176470588235294,評価可能,-0.0208662145191936
v7,return_20d,20日モメンタム,20営業日の騰落率,True,業種,機械,10d,10営業日,1,33,21,-0.05011086765548186,-0.0247058823529411,0.23809523809523808,サンプル不足,-0.0583908273563253
v7,return_20d,20日モメンタム,20営業日の騰落率,True,業種,機械,10d,10営業日,2,32,24,-0.0754959750342013,-0.08206888782680544,0.16666666666666666,サンプル不足,-0.0583908273563253
v7,return_20d,20日モメンタム,20営業日の騰落率,True,業種,機械,10d,10営業日,3,43,37,-0.0696115579723873,-0.0625,0.13513513513513514,評価可能,-0.0583908273563253
v7,return_20d,20日モメンタム,20営業日の騰落率,True,業種,機械,10d,10営業日,4,50,41,-0.08291821638330892,-0.0797011207970112,0.07317073170731707,評価可能,-0.0583908273563253
v7,return_20d,20日モメンタム,20営業日の騰落率,True,業種,機械,10d,10営業日,5,47,37,-0.10850169501180716,-0.1076115485564304,0.2702702702702703,評価可能,-0.0583908273563253
v7,return_20d,20日モメンタム,20営業日の騰落率,True,業種,機械,1d,1営業日,1,33,31,0.0011347735403072704,0.0,0.45161290322580644,評価可能,-0.003134131304825475
v7,return_20d,20日モメンタム,20営業日の騰落率,True,業種,機械,1d,1営業日,2,32,31,-0.011351388581383673,-0.015174506828528056,0.45161290322580644,評価可能,-0.003134131304825475
v7,return_20d,20日モメンタム,20営業日の騰落率,True,業種,機械,1d,1営業日,3,43,43,-0.0046154457349087494,-0.010204081632653073,0.3488372093023256,評価可能,-0.003134131304825475
v7,return_20d,20日モメンタム,20営業日の騰落率,True,業種,機械,1d,1営業日,4,50,48,-0.015066121635352684,-0.01050785202129062,0.375,評価可能,-0.003134131304825475
v7,return_20d,20日モメンタム,20営業日の騰落率,True,業種,機械,1d,1営業日,5,47,46,-0.0019993577645182046,-0.004437525574452767,0.4782608695652174,評価可能,-0.003134131304825475
v7,return_20d,20日モメンタム,20営業日の騰落率,True,業種,機械,3d,3営業日,1,33,28,-0.03010124713224302,-0.02347486422701811,0.14285714285714285,サンプル不足,0.0016849784322078738
v7,return_20d,20日モメンタム,20営業日の騰落率,True,業種,機械,3d,3営業日,2,32,29,-0.021811625073081112,-0.0184864240323512,0.3448275862068966,サンプル不足,0.0016849784322078738
v7,return_20d,20日モメンタム,20営業日の騰落率,True,業種,機械,3d,3営業日,3,43,41,-0.02211392869893866,-0.026889892160526063,0.3170731707317073,評価可能,0.0016849784322078738
v7,return_20d,20日モメンタム,20営業日の騰落率,True,業種,機械,3d,3営業日,4,50,43,-0.0287617683746786,-0.04013157894736841,0.23255813953488372,評価可能,0.0016849784322078738
v7,return_20d,20日モメンタム,20営業日の騰落率,True,業種,機械,3d,3営業日,5,47,46,-0.028416268700035146,-0.014003276009534315,0.43478260869565216,評価可能,0.0016849784322078738
v7,return_20d,20日モメンタム,20営業日の騰落率,True,業種,機械,5d,5営業日,1,33,22,-0.040001706330803556,-0.023626724578436398,0.22727272727272727,サンプル不足,-0.023810344987964215
v7,return_20d,20日モメンタム,20営業日の騰落率,True,業種,機械,5d,5営業日,2,32,28,-0.032134741247273474,-0.03359101428446826,0.32142857142857145,サンプル不足,-0.023810344987964215
v7,return_20d,20日モメンタム,20営業日の騰落率,True,業種,機械,5d,5営業日,3,43,40,-0.045746648315003524,-0.05119566852158215,0.175,評価可能,-0.023810344987964215
v7,return_20d,20日モメンタム,20営業日の騰落率,True,業種,機械,5d,5営業日,4,50,43,-0.060678934630573084,-0.06604238541153273,0.20930232558139536,評価可能,-0.023810344987964215
v7,return_20d,20日モメンタム,20営業日の騰落率,True,業種,機械,5d,5営業日,5,47,44,-0.06381205131876777,-0.055697261994383955,0.3409090909090909,評価可能,-0.023810344987964215
v7,return_20d,20日モメンタム,20営業日の騰落率,True,業種,海運業,10d,10営業日,2,8,4,0.047945073665894095,0.027211023999042405,0.75,サンプル不足,0.04452804461367585
v7,return_20d,20日モメンタム,20営業日の騰落率,True,業種,海運業,10d,10営業日,3,8,6,0.03591898536109309,0.037966890551920596,1.0,サンプル不足,0.04452804461367585
v7,return_20d,20日モメンタム,20営業日の騰落率,True,業種,海運業,10d,10営業日,4,3,0,,,,サンプル不足,0.04452804461367585
v7,return_20d,20日モメンタム,20営業日の騰落率,True,業種,海運業,10d,10営業日,5,3,1,0.09247311827956994,0.09247311827956994,1.0,サンプル不足,0.04452804461367585
v7,return_20d,20日モメンタム,20営業日の騰落率,True,業種,海運業,1d,1営業日,2,8,7,0.01133396290321371,0.00840630472854631,0.8571428571428571,サンプル不足,0.021244405959373762
v7,return_20d,20日モメンタム,20営業日の騰落率,True,業種,海運業,1d,1営業日,3,8,8,0.0032224851642823904,0.011130291322302033,0.75,サンプル不足,0.021244405959373762
v7,return_20d,20日モメンタム,20営業日の騰落率,True,業種,海運業,1d,1営業日,4,3,3,0.0019396742846384447,0.006315789473684275,0.6666666666666666,サンプル不足,0.021244405959373762
v7,return_20d,20日モメンタム,20営業日の騰落率,True,業種,海運業,1d,1営業日,5,3,3,0.03257836886258747,0.006451612903225712,0.6666666666666666,サンプル不足,0.021244405959373762
v7,return_20d,20日モメンタム,20営業日の騰落率,True,業種,海運業,3d,3営業日,2,8,5,0.019936586027834834,0.009139784946236462,1.0,サンプル不足,0.01623308861115588
v7,return_20d,20日モメンタム,20営業日の騰落率,True,業種,海運業,3d,3営業日,3,8,8,0.024011699364738348,0.021935158743166427,0.875,サンプル不足,0.01623308861115588
v7,return_20d,20日モメンタム,20営業日の騰落率,True,業種,海運業,3d,3営業日,4,3,3,-0.004720392659421073,0.012253596164091718,0.6666666666666666,サンプル不足,0.01623308861115588
v7,return_20d,20日モメンタム,20営業日の騰落率,True,業種,海運業,3d,3営業日,5,3,3,0.03616967463899071,0.011290322580645107,1.0,サンプル不足,0.01623308861115588
v7,return_20d,20日モメンタム,20営業日の騰落率,True,業種,海運業,5d,5営業日,2,8,4,0.01627509855386261,0.02253447038692935,0.75,サンプル不足,0.04647258522242731
v7,return_20d,20日モメンタム,20営業日の騰落率,True,業種,海運業,5d,5営業日,3,8,6,0.03475916619192021,0.03701457663367835,1.0,サンプル不足,0.04647258522242731
v7,return_20d,20日モメンタム,20営業日の騰落率,True,業種,海運業,5d,5営業日,4,3,2,0.009312639617156893,0.009312639617156893,1.0,サンプル不足,0.04647258522242731
v7,return_20d,20日モメンタム,20営業日の騰落率,True,業種,海運業,5d,5営業日,5,3,2,0.06274768377628992,0.06274768377628992,1.0,サンプル不足,0.04647258522242731
v7,return_20d,20日モメンタム,20営業日の騰落率,True,業種,石油・石炭製品,10d,10営業日,1,1,1,-0.1058122205663188,-0.1058122205663188,0.0,サンプル不足,0.0316742895318361
v7,return_20d,20日モメンタム,20営業日の騰落率,True,業種,石油・石炭製品,10d,10営業日,2,4,4,0.01650456214560301,0.006487328288509453,0.5,サンプル不足,0.0316742895318361
v7,return_20d,20日モメンタム,20営業日の騰落率,True,業種,石油・石炭製品,10d,10営業日,3,2,1,-0.0037593984962406,-0.0037593984962406,0.0,サンプル不足,0.0316742895318361
v7,return_20d,20日モメンタム,20営業日の騰落率,True,業種,石油・石炭製品,10d,10営業日,5,1,1,-0.0741379310344827,-0.0741379310344827,0.0,サンプル不足,0.0316742895318361
v7,return_20d,20日モメンタム,20営業日の騰落率,True,業種,石油・石炭製品,1d,1営業日,1,1,1,-0.1418777943368107,-0.1418777943368107,0.0,サンプル不足,0.05911917364715549
v7,return_20d,20日モメンタム,20営業日の騰落率,True,業種,石油・石炭製品,1d,1営業日,2,4,4,-0.014268334336459118,-0.013669102880464579,0.25,サンプル不足,0.05911917364715549
v7,return_20d,20日モメンタム,20営業日の騰落率,True,業種,石油・石炭製品,1d,1営業日,3,2,2,-0.002749281395579421,-0.002749281395579421,0.5,サンプル不足,0.05911917364715549
v7,return_20d,20日モメンタム,20営業日の騰落率,True,業種,石油・石炭製品,1d,1営業日,5,1,1,-0.0827586206896552,-0.0827586206896552,0.0,サンプル不足,0.05911917364715549
v7,return_20d,20日モメンタム,20営業日の騰落率,True,業種,石油・石炭製品,3d,3営業日,1,1,1,-0.1302533532041728,-0.1302533532041728,0.0,サンプル不足,0.0651671463076211
v7,return_20d,20日モメンタム,20営業日の騰落率,True,業種,石油・石炭製品,3d,3営業日,2,4,4,-0.0201549065803144,-0.020019748840295448,0.0,サンプル不足,0.0651671463076211
v7,return_20d,20日モメンタム,20営業日の騰落率,True,業種,石油・石炭製品,3d,3営業日,3,2,2,-0.03179842261019782,-0.03179842261019782,0.0,サンプル不足,0.0651671463076211
v7,return_20d,20日モメンタム,20営業日の騰落率,True,業種,石油・石炭製品,3d,3営業日,5,1,1,-0.0650862068965517,-0.0650862068965517,0.0,サンプル不足,0.0651671463076211
v7,return_20d,20日モメンタム,20営業日の騰落率,True,業種,石油・石炭製品,5d,5営業日,1,1,1,-0.138301043219076,-0.138301043219076,0.0,サンプル不足,0.03442173287424849
v7,return_20d,20日モメンタム,20営業日の騰落率,True,業種,石油・石炭製品,5d,5営業日,2,4,4,-0.026531826869559953,-0.02077750752360147,0.25,サンプル不足,0.03442173287424849
v7,return_20d,20日モメンタム,20営業日の騰落率,True,業種,石油・石炭製品,5d,5営業日,3,2,2,0.021444147090891104,0.021444147090891104,1.0,サンプル不足,0.03442173287424849
v7,return_20d,20日モメンタム,20営業日の騰落率,True,業種,石油・石炭製品,5d,5営業日,5,1,1,-0.1038793103448275,-0.1038793103448275,0.0,サンプル不足,0.03442173287424849
v7,return_20d,20日モメンタム,20営業日の騰落率,True,業種,空運業,10d,10営業日,1,2,1,0.06007684247293055,0.06007684247293055,1.0,サンプル不足,-0.09461686239986511
v7,return_20d,20日モメンタム,20営業日の騰落率,True,業種,空運業,10d,10営業日,3,2,2,-0.047422874024187545,-0.047422874024187545,0.0,サンプル不足,-0.09461686239986511
v7,return_20d,20日モメンタム,20営業日の騰落率,True,業種,空運業,10d,10営業日,4,1,1,-0.03454001992693456,-0.03454001992693456,0.0,サンプル不足,-0.09461686239986511
v7,return_20d,20日モメンタム,20営業日の騰落率,True,業種,空運業,1d,1営業日,1,2,2,-0.008312415621556546,-0.008312415621556546,0.0,サンプル不足,0.021264923094157007
v7,return_20d,20日モメンタム,20営業日の騰落率,True,業種,空運業,1d,1営業日,3,2,2,0.006514634399886199,0.006514634399886199,0.5,サンプル不足,0.021264923094157007
v7,return_20d,20日モメンタム,20営業日の騰落率,True,業種,空運業,1d,1営業日,4,1,1,0.01295250747260046,0.01295250747260046,1.0,サンプル不足,0.021264923094157007
v7,return_20d,20日モメンタム,20営業日の騰落率,True,業種,空運業,3d,3営業日,1,2,2,0.0039948869169613155,0.0039948869169613155,0.5,サンプル不足,0.024567052638003906
v7,return_20d,20日モメンタム,20営業日の騰落率,True,業種,空運業,3d,3営業日,3,2,2,-0.007817201922157457,-0.007817201922157457,0.5,サンプル不足,0.024567052638003906
v7,return_20d,20日モメンタム,20営業日の騰落率,True,業種,空運業,3d,3営業日,4,1,1,0.02856193955496522,0.02856193955496522,1.0,サンプル不足,0.024567052638003906
v7,return_20d,20日モメンタム,20営業日の騰落率,True,業種,空運業,5d,5営業日,1,2,2,0.034053137468443406,0.034053137468443406,1.0,サンプル不足,-0.043186315814507825
v7,return_20d,20日モメンタム,20営業日の騰落率,True,業種,空運業,5d,5営業日,3,2,2,-0.03641645058331566,-0.03641645058331566,0.0,サンプル不足,-0.043186315814507825
v7,return_20d,20日モメンタム,20営業日の騰落率,True,業種,空運業,5d,5営業日,4,1,1,-0.009133178346064419,-0.009133178346064419,0.0,サンプル不足,-0.043186315814507825
v7,return_20d,20日モメンタム,20営業日の騰落率,True,業種,精密機器,10d,10営業日,1,13,5,-0.03792223880034636,-0.03519417475728159,0.0,サンプル不足,-0.06685349700975934
v7,return_20d,20日モメンタム,20営業日の騰落率,True,業種,精密機器,10d,10営業日,2,10,5,-0.07354106980760561,-0.09745762711864403,0.2,サンプル不足,-0.06685349700975934
v7,return_20d,20日モメンタム,20営業日の騰落率,True,業種,精密機器,10d,10営業日,3,12,9,0.0095926702736424,-0.05137751303052862,0.3333333333333333,サンプル不足,-0.06685349700975934
v7,return_20d,20日モメンタム,20営業日の騰落率,True,業種,精密機器,10d,10営業日,4,9,6,-0.09057754492116332,-0.08936799467429318,0.16666666666666666,サンプル不足,-0.06685349700975934
v7,return_20d,20日モメンタム,20営業日の騰落率,True,業種,精密機器,10d,10営業日,5,18,13,-0.1047757358101057,-0.12311901504787959,0.15384615384615385,サンプル不足,-0.06685349700975934
v7,return_20d,20日モメンタム,20営業日の騰落率,True,業種,精密機器,1d,1営業日,1,13,11,0.02107290710997015,0.022727272727272707,0.7272727272727273,サンプル不足,-0.003952369896185685
v7,return_20d,20日モメンタム,20営業日の騰落率,True,業種,精密機器,1d,1営業日,2,10,10,-0.004571610514024421,-0.007346399022969796,0.3,サンプル不足,-0.003952369896185685
v7,return_20d,20日モメンタム,20営業日の騰落率,True,業種,精密機器,1d,1営業日,3,12,10,-0.0015568267758156007,0.00023888076269179548,0.5,サンプル不足,-0.003952369896185685
v7,return_20d,20日モメンタム,20営業日の騰落率,True,業種,精密機器,1d,1営業日,4,9,9,0.005378915155920732,0.0,0.4444444444444444,サンプル不足,-0.003952369896185685
v7,return_20d,20日モメンタム,20営業日の騰落率,True,業種,精密機器,1d,1営業日,5,18,17,0.017120537213784464,0.002789400278939924,0.5294117647058824,サンプル不足,-0.003952369896185685
v7,return_20d,20日モメンタム,20営業日の騰落率,True,業種,精密機器,3d,3営業日,1,13,10,0.03623105171009673,0.005601838839361828,0.5,サンプル不足,-0.028004939296322917
v7,return_20d,20日モメンタム,20営業日の騰落率,True,業種,精密機器,3d,3営業日,2,10,10,-0.015104514666228652,-0.011316695352839912,0.3,サンプル不足,-0.028004939296322917
v7,return_20d,20日モメンタム,20営業日の騰落率,True,業種,精密機器,3d,3営業日,3,12,10,-0.010347408155612692,-0.00803106794794628,0.3,サンプル不足,-0.028004939296322917
v7,return_20d,20日モメンタム,20営業日の騰落率,True,業種,精密機器,3d,3営業日,4,9,9,-0.010093029502807308,-0.0253036437246964,0.4444444444444444,サンプル不足,-0.028004939296322917
v7,return_20d,20日モメンタム,20営業日の騰落率,True,業種,精密機器,3d,3営業日,5,18,16,0.008226112413773815,-0.004532775453277571,0.4375,サンプル不足,-0.028004939296322917
v7,return_20d,20日モメンタム,20営業日の騰落率,True,業種,精密機器,5d,5営業日,1,13,8,0.05075725593513748,0.02537751116029341,0.625,サンプル不足,-0.043616037413121256
v7,return_20d,20日モメンタム,20営業日の騰落率,True,業種,精密機器,5d,5営業日,2,10,8,-0.01787954869990921,-0.003227194492254684,0.5,サンプル不足,-0.043616037413121256
v7,return_20d,20日モメンタム,20営業日の騰落率,True,業種,精密機器,5d,5営業日,3,12,10,0.0012386898117431877,-0.008595314694045786,0.4,サンプル不足,-0.043616037413121256
v7,return_20d,20日モメンタム,20営業日の騰落率,True,業種,精密機器,5d,5営業日,4,9,7,-0.02945131811912733,-0.04757085020242913,0.2857142857142857,サンプル不足,-0.043616037413121256
v7,return_20d,20日モメンタム,20営業日の騰落率,True,業種,精密機器,5d,5営業日,5,18,15,0.0071412185220162275,0.01083333333333325,0.6,サンプル不足,-0.043616037413121256
v7,return_20d,20日モメンタム,20営業日の騰落率,True,業種,繊維製品,10d,10営業日,1,3,3,-0.03049025105384585,-0.05088757396449706,0.3333333333333333,サンプル不足,0.03284004562115507
v7,return_20d,20日モメンタム,20営業日の騰落率,True,業種,繊維製品,10d,10営業日,2,3,2,-0.002111945006458809,-0.002111945006458809,0.5,サンプル不足,0.03284004562115507
v7,return_20d,20日モメンタム,20営業日の騰落率,True,業種,繊維製品,10d,10営業日,3,6,3,0.04440123219892644,0.020606060606060517,1.0,サンプル不足,0.03284004562115507
v7,return_20d,20日モメンタム,20営業日の騰落率,True,業種,繊維製品,10d,10営業日,4,6,5,0.00234979456730922,-0.0284822473663675,0.4,サンプル不足,0.03284004562115507
v7,return_20d,20日モメンタム,20営業日の騰落率,True,業種,繊維製品,1d,1営業日,1,3,3,-0.0029833393313972462,-0.00591715976331364,0.3333333333333333,サンプル不足,0.016370565693048237
v7,return_20d,20日モメンタム,20営業日の騰落率,True,業種,繊維製品,1d,1営業日,2,3,3,-0.016646845221172626,-0.023268112109994687,0.0,サンプル不足,0.016370565693048237
v7,return_20d,20日モメンタム,20営業日の騰落率,True,業種,繊維製品,1d,1営業日,3,6,5,0.019522070717636474,0.004449388209121219,0.8,サンプル不足,0.016370565693048237
v7,return_20d,20日モメンタム,20営業日の騰落率,True,業種,繊維製品,1d,1営業日,4,6,6,0.01338722636165099,0.012534330822760231,0.8333333333333334,サンプル不足,0.016370565693048237
v7,return_20d,20日モメンタム,20営業日の騰落率,True,業種,繊維製品,3d,3営業日,1,3,3,-8.480983347708183e-05,0.022485207100591653,0.6666666666666666,サンプル不足,0.019102183472141966
v7,return_20d,20日モメンタム,20営業日の騰落率,True,業種,繊維製品,3d,3営業日,2,3,3,-0.016122152326003808,-0.014806980433633044,0.0,サンプル不足,0.019102183472141966
v7,return_20d,20日モメンタム,20営業日の騰落率,True,業種,繊維製品,3d,3営業日,3,6,4,0.028461305708548965,0.029930839392213367,0.75,サンプル不足,0.019102183472141966
v7,return_20d,20日モメンタム,20営業日の騰落率,True,業種,繊維製品,3d,3営業日,4,6,5,0.019017373638664885,0.01255707762557079,0.8,サンプル不足,0.019102183472141966
v7,return_20d,20日モメンタム,20営業日の騰落率,True,業種,繊維製品,5d,5営業日,1,3,3,-0.017548521546998354,0.00591715976331364,0.6666666666666666,サンプル不足,0.02915621041198098
v7,return_20d,20日モメンタム,20営業日の騰落率,True,業種,繊維製品,5d,5営業日,2,3,3,0.0057564326119895455,0.0081154192966637,0.6666666666666666,サンプル不足,0.02915621041198098
v7,return_20d,20日モメンタム,20営業日の騰落率,True,業種,繊維製品,5d,5営業日,3,6,4,0.026985982899446294,0.03233587678044032,0.75,サンプル不足,0.02915621041198098
v7,return_20d,20日モメンタム,20営業日の騰落率,True,業種,繊維製品,5d,5営業日,4,6,5,0.011607688864982623,0.0014285714285713,0.6,サンプル不足,0.02915621041198098
v7,return_20d,20日モメンタム,20営業日の騰落率,True,業種,証券、商品先物取引業,10d,10営業日,1,13,4,0.06847190798636743,0.06597764695964936,1.0,サンプル不足,-0.07583557824638153
v7,return_20d,20日モメンタム,20営業日の騰落率,True,業種,証券、商品先物取引業,10d,10営業日,2,30,25,0.05257101084956558,0.05281918340894354,0.8,サンプル不足,-0.07583557824638153
v7,return_20d,20日モメンタム,20営業日の騰落率,True,業種,証券、商品先物取引業,10d,10営業日,3,29,27,0.03625448800689293,0.0405055087491899,0.7037037037037037,サンプル不足,-0.07583557824638153
v7,return_20d,20日モメンタム,20営業日の騰落率,True,業種,証券、商品先物取引業,10d,10営業日,4,17,14,-0.0035195984479758314,-0.022446059541810948,0.35714285714285715,サンプル不足,-0.07583557824638153
v7,return_20d,20日モメンタム,20営業日の騰落率,True,業種,証券、商品先物取引業,10d,10営業日,5,4,4,-0.0073636702600141,-0.006069970813187751,0.5,サンプル不足,-0.07583557824638153
v7,return_20d,20日モメンタム,20営業日の騰落率,True,業種,証券、商品先物取引業,1d,1営業日,1,13,13,0.004343525723937909,-0.0021676300578035,0.46153846153846156,サンプル不足,0.022546428421102944
v7,return_20d,20日モメンタム,20営業日の騰落率,True,業種,証券、商品先物取引業,1d,1営業日,2,30,30,0.008498613521366149,0.008794860254294434,0.7,評価可能,0.022546428421102944
v7,return_20d,20日モメンタム,20営業日の騰落率,True,業種,証券、商品先物取引業,1d,1営業日,3,29,29,0.00202420325218422,0.00440667296191366,0.6551724137931034,サンプル不足,0.022546428421102944
v7,return_20d,20日モメンタム,20営業日の騰落率,True,業種,証券、商品先物取引業,1d,1営業日,4,17,17,-0.002664822882115861,-0.005971197752019708,0.4117647058823529,サンプル不足,0.022546428421102944
v7,return_20d,20日モメンタム,20営業日の騰落率,True,業種,証券、商品先物取引業,1d,1営業日,5,4,4,0.02688995414504085,0.021746113501808148,1.0,サンプル不足,0.022546428421102944
v7,return_20d,20日モメンタム,20営業日の騰落率,True,業種,証券、商品先物取引業,3d,3営業日,1,13,13,0.01425487284111104,0.02273666804464658,0.6153846153846154,サンプル不足,-0.009898493949933689
v7,return_20d,20日モメンタム,20営業日の騰落率,True,業種,証券、商品先物取引業,3d,3営業日,2,30,29,0.010033114157951963,0.004743833017077703,0.5517241379310345,サンプル不足,-0.009898493949933689
v7,return_20d,20日モメンタム,20営業日の騰落率,True,業種,証券、商品先物取引業,3d,3営業日,3,29,29,0.017124074725553367,0.008509297195083532,0.7241379310344828,サンプル不足,-0.009898493949933689
v7,return_20d,20日モメンタム,20営業日の騰落率,True,業種,証券、商品先物取引業,3d,3営業日,4,17,17,0.0028973926119593234,-0.001312335958005284,0.47058823529411764,サンプル不足,-0.009898493949933689
v7,return_20d,20日モメンタム,20営業日の騰落率,True,業種,証券、商品先物取引業,3d,3営業日,5,4,4,0.004356378891177351,0.0019792480103677512,0.5,サンプル不足,-0.009898493949933689
v7,return_20d,20日モメンタム,20営業日の騰落率,True,業種,証券、商品先物取引業,5d,5営業日,1,13,9,0.022223374557255128,0.02763157894736845,0.7777777777777778,サンプル不足,-0.0044027389624029765
v7,return_20d,20日モメンタム,20営業日の騰落率,True,業種,証券、商品先物取引業,5d,5営業日,2,30,29,0.026877326704371395,0.03148213654050225,0.7241379310344828,サンプル不足,-0.0044027389624029765
v7,return_20d,20日モメンタム,20営業日の騰落率,True,業種,証券、商品先物取引業,5d,5営業日,3,29,29,0.018749026114862313,0.02241134751773055,0.6896551724137931,サンプル不足,-0.0044027389624029765
v7,return_20d,20日モメンタム,20営業日の騰落率,True,業種,証券、商品先物取引業,5d,5営業日,4,17,17,-0.008285304900290648,-0.01432291666666663,0.29411764705882354,サンプル不足,-0.0044027389624029765
v7,return_20d,20日モメンタム,20営業日の騰落率,True,業種,証券、商品先物取引業,5d,5営業日,5,4,4,0.01782063559485215,0.0162151528776978,0.75,サンプル不足,-0.0044027389624029765
v7,return_20d,20日モメンタム,20営業日の騰落率,True,業種,輸送用機器,10d,10営業日,1,33,24,0.06276411834613717,0.028316169347629927,0.7083333333333334,サンプル不足,-0.1457913185580369
v7,return_20d,20日モメンタム,20営業日の騰落率,True,業種,輸送用機器,10d,10営業日,2,34,20,0.028390336901571257,0.009004423275006612,0.55,サンプル不足,-0.1457913185580369
v7,return_20d,20日モメンタム,20営業日の騰落率,True,業種,輸送用機器,10d,10営業日,3,32,20,-0.014837856165062358,-0.012812287352969732,0.35,サンプル不足,-0.1457913185580369
v7,return_20d,20日モメンタム,20営業日の騰落率,True,業種,輸送用機器,10d,10営業日,4,13,5,-0.047776753840804244,-0.04301982285955297,0.0,サンプル不足,-0.1457913185580369
v7,return_20d,20日モメンタム,20営業日の騰落率,True,業種,輸送用機器,10d,10営業日,5,14,9,-0.08302720021189972,-0.11154552241049587,0.1111111111111111,サンプル不足,-0.1457913185580369
v7,return_20d,20日モメンタム,20営業日の騰落率,True,業種,輸送用機器,1d,1営業日,1,33,32,0.0005959524561068947,0.002037178507766746,0.5,評価可能,0.025131938573524745
v7,return_20d,20日モメンタム,20営業日の騰落率,True,業種,輸送用機器,1d,1営業日,2,34,33,0.003909468583602767,-0.0012925463162429818,0.3939393939393939,評価可能,0.025131938573524745
v7,return_20d,20日モメンタム,20営業日の騰落率,True,業種,輸送用機器,1d,1営業日,3,32,32,0.0009447211644217667,-0.004242788801211039,0.4375,評価可能,0.025131938573524745
v7,return_20d,20日モメンタム,20営業日の騰落率,True,業種,輸送用機器,1d,1営業日,4,13,13,-0.01852635071028489,-0.02203856749311295,0.38461538461538464,サンプル不足,0.025131938573524745
v7,return_20d,20日モメンタム,20営業日の騰落率,True,業種,輸送用機器,1d,1営業日,5,14,13,0.02572789102963164,0.02392220360022379,0.6923076923076923,サンプル不足,0.025131938573524745
v7,return_20d,20日モメンタム,20営業日の騰落率,True,業種,輸送用機器,3d,3営業日,1,33,31,0.0003427445003982986,0.013750954927425507,0.6129032258064516,評価可能,0.00843000288208586
v7,return_20d,20日モメンタム,20営業日の騰落率,True,業種,輸送用機器,3d,3営業日,2,34,31,0.005939761597844085,0.0003208213025345241,0.5161290322580645,評価可能,0.00843000288208586
v7,return_20d,20日モメンタム,20営業日の騰落率,True,業種,輸送用機器,3d,3営業日,3,32,32,-0.010716388813129817,-0.015877488892545644,0.375,評価可能,0.00843000288208586
v7,return_20d,20日モメンタム,20営業日の騰落率,True,業種,輸送用機器,3d,3営業日,4,13,13,-0.03797975558520476,-0.03181818181818186,0.15384615384615385,サンプル不足,0.00843000288208586
v7,return_20d,20日モメンタム,20営業日の騰落率,True,業種,輸送用機器,3d,3営業日,5,14,11,0.008772747382484158,-0.005646527385657851,0.45454545454545453,サンプル不足,0.00843000288208586
v7,return_20d,20日モメンタム,20営業日の騰落率,True,業種,輸送用機器,5d,5営業日,1,33,28,0.005765525881931819,0.007740359826585164,0.5357142857142857,サンプル不足,-0.03742688752401532
v7,return_20d,20日モメンタム,20営業日の騰落率,True,業種,輸送用機器,5d,5営業日,2,34,30,0.03020227168877733,0.0038256718285155644,0.5333333333333333,評価可能,-0.03742688752401532
v7,return_20d,20日モメンタム,20営業日の騰落率,True,業種,輸送用機器,5d,5営業日,3,32,31,-0.005146617289133091,-0.02490060682151074,0.2903225806451613,評価可能,-0.03742688752401532
v7,return_20d,20日モメンタム,20営業日の騰落率,True,業種,輸送用機器,5d,5営業日,4,13,11,-0.05616079796356263,-0.06451612903225812,0.2727272727272727,サンプル不足,-0.03742688752401532
v7,return_20d,20日モメンタム,20営業日の騰落率,True,業種,輸送用機器,5d,5営業日,5,14,9,-0.0316613616420835,-0.04074658319846847,0.4444444444444444,サンプル不足,-0.03742688752401532
v7,return_20d,20日モメンタム,20営業日の騰落率,True,業種,金属製品,10d,10営業日,1,10,8,0.09760500184094435,0.04503474938130712,0.875,サンプル不足,-0.2641712513376294
v7,return_20d,20日モメンタム,20営業日の騰落率,True,業種,金属製品,10d,10営業日,2,22,20,-0.02931140817006035,-0.03405093437374192,0.3,サンプル不足,-0.2641712513376294
v7,return_20d,20日モメンタム,20営業日の騰落率,True,業種,金属製品,10d,10営業日,3,13,11,0.0003534650319283811,-0.0078817733990147,0.45454545454545453,サンプル不足,-0.2641712513376294
v7,return_20d,20日モメンタム,20営業日の騰落率,True,業種,金属製品,10d,10営業日,4,24,19,-0.10947311029104344,-0.08939014202172102,0.2631578947368421,サンプル不足,-0.2641712513376294
v7,return_20d,20日モメンタム,20営業日の騰落率,True,業種,金属製品,10d,10営業日,5,25,24,-0.16656624949668508,-0.15457515976385477,0.041666666666666664,サンプル不足,-0.2641712513376294
v7,return_20d,20日モメンタム,20営業日の騰落率,True,業種,金属製品,1d,1営業日,1,10,10,0.046277899119888055,0.0266533249023812,0.8,サンプル不足,-0.049849266380041155
v7,return_20d,20日モメンタム,20営業日の騰落率,True,業種,金属製品,1d,1営業日,2,22,22,-0.01559552528064167,-0.0112734520170233,0.4090909090909091,サンプル不足,-0.049849266380041155
v7,return_20d,20日モメンタム,20営業日の騰落率,True,業種,金属製品,1d,1営業日,3,13,13,0.017796233420844507,-0.0040424456796361,0.46153846153846156,サンプル不足,-0.049849266380041155
v7,return_20d,20日モメンタム,20営業日の騰落率,True,業種,金属製品,1d,1営業日,4,24,23,-0.0004596105141245851,0.0,0.4782608695652174,サンプル不足,-0.049849266380041155
v7,return_20d,20日モメンタム,20営業日の騰落率,True,業種,金属製品,1d,1営業日,5,25,24,-0.0035713672601531,-0.010771482324504311,0.375,サンプル不足,-0.049849266380041155
v7,return_20d,20日モメンタム,20営業日の騰落率,True,業種,金属製品,3d,3営業日,1,10,9,0.11052185854209312,0.10089186176142695,0.8888888888888888,サンプル不足,-0.10786836961477499
v7,return_20d,20日モメンタム,20営業日の騰落率,True,業種,金属製品,3d,3営業日,2,22,21,-0.029461029769452952,-0.0227272727272727,0.19047619047619047,サンプル不足,-0.10786836961477499
v7,return_20d,20日モメンタム,20営業日の騰落率,True,業種,金属製品,3d,3営業日,3,13,13,0.0477384809532753,-0.0088669950738916,0.46153846153846156,サンプル不足,-0.10786836961477499
v7,return_20d,20日モメンタム,20営業日の騰落率,True,業種,金属製品,3d,3営業日,4,24,21,-0.05774966999478391,-0.038635572572224164,0.2857142857142857,サンプル不足,-0.10786836961477499
v7,return_20d,20日モメンタム,20営業日の騰落率,True,業種,金属製品,3d,3営業日,5,25,24,0.0026534889273181397,-0.0140259963353183,0.375,サンプル不足,-0.10786836961477499
v7,return_20d,20日モメンタム,20営業日の騰落率,True,業種,金属製品,5d,5営業日,1,10,9,0.09763898552073419,0.09698996655518388,0.8888888888888888,サンプル不足,-0.14608749946923436
v7,return_20d,20日モメンタム,20営業日の騰落率,True,業種,金属製品,5d,5営業日,2,22,20,-0.030863863215533867,-0.025121237248102897,0.25,サンプル不足,-0.14608749946923436
v7,return_20d,20日モメンタム,20営業日の騰落率,True,業種,金属製品,5d,5営業日,3,13,13,0.03634787730566894,-0.0122549019607842,0.3076923076923077,サンプル不足,-0.14608749946923436
v7,return_20d,20日モメンタム,20営業日の騰落率,True,業種,金属製品,5d,5営業日,4,24,20,-0.07785875740847695,-0.0650479430727316,0.35,サンプル不足,-0.14608749946923436
v7,return_20d,20日モメンタム,20営業日の騰落率,True,業種,金属製品,5d,5営業日,5,25,24,-0.04844851394850017,-0.06458849410285795,0.3333333333333333,サンプル不足,-0.14608749946923436
v7,return_20d,20日モメンタム,20営業日の騰落率,True,業種,鉄鋼,10d,10営業日,1,10,9,0.007039595074893112,0.0010940919037198,0.5555555555555556,サンプル不足,-0.03664928994158219
v7,return_20d,20日モメンタム,20営業日の騰落率,True,業種,鉄鋼,10d,10営業日,2,6,4,0.041502762215488126,0.04547097396003651,0.5,サンプル不足,-0.03664928994158219
v7,return_20d,20日モメンタム,20営業日の騰落率,True,業種,鉄鋼,10d,10営業日,3,11,4,0.04644355555987133,0.05257889620626166,0.75,サンプル不足,-0.03664928994158219
v7,return_20d,20日モメンタム,20営業日の騰落率,True,業種,鉄鋼,10d,10営業日,4,12,1,0.09512532070258528,0.09512532070258528,1.0,サンプル不足,-0.03664928994158219
v7,return_20d,20日モメンタム,20営業日の騰落率,True,業種,鉄鋼,10d,10営業日,5,8,2,-0.029609694866689074,-0.029609694866689074,0.5,サンプル不足,-0.03664928994158219
v7,return_20d,20日モメンタム,20営業日の騰落率,True,業種,鉄鋼,1d,1営業日,1,10,10,0.020255408750814323,0.0003341333364330623,0.5,サンプル不足,-0.002425454091744862
v7,return_20d,20日モメンタム,20営業日の騰落率,True,業種,鉄鋼,1d,1営業日,2,6,6,0.009308156599714089,0.01135442587984354,0.8333333333333334,サンプル不足,-0.002425454091744862
v7,return_20d,20日モメンタム,20営業日の騰落率,True,業種,鉄鋼,1d,1営業日,3,11,10,-0.004629439167269476,0.007322455924162363,0.6,サンプル不足,-0.002425454091744862
v7,return_20d,20日モメンタム,20営業日の騰落率,True,業種,鉄鋼,1d,1営業日,4,12,11,0.005984983275373426,-0.0015455950540957941,0.45454545454545453,サンプル不足,-0.002425454091744862
v7,return_20d,20日モメンタム,20営業日の騰落率,True,業種,鉄鋼,1d,1営業日,5,8,8,0.01782995465906946,0.008240191724785684,0.5,サンプル不足,-0.002425454091744862
v7,return_20d,20日モメンタム,20営業日の騰落率,True,業種,鉄鋼,3d,3営業日,1,10,10,0.019322816454215123,0.0013046986171726,0.6,サンプル不足,-0.03691907897595275
v7,return_20d,20日モメンタム,20営業日の騰落率,True,業種,鉄鋼,3d,3営業日,2,6,5,0.029359678436188492,0.014174913078363272,0.8,サンプル不足,-0.03691907897595275
v7,return_20d,20日モメンタム,20営業日の騰落率,True,業種,鉄鋼,3d,3営業日,3,11,7,0.004597455499069252,0.033813747228381485,0.7142857142857143,サンプル不足,-0.03691907897595275
v7,return_20d,20日モメンタム,20営業日の騰落率,True,業種,鉄鋼,3d,3営業日,4,12,9,0.02303565524368097,0.01908396946564883,0.7777777777777778,サンプル不足,-0.03691907897595275
v7,return_20d,20日モメンタム,20営業日の騰落率,True,業種,鉄鋼,3d,3営業日,5,8,6,-0.017596262521737627,-0.01396999364433471,0.3333333333333333,サンプル不足,-0.03691907897595275
v7,return_20d,20日モメンタム,20営業日の騰落率,True,業種,鉄鋼,5d,5営業日,1,10,10,0.029453784649037817,0.0030972167962969996,0.6,サンプル不足,-0.02538385204468997
v7,return_20d,20日モメンタム,20営業日の騰落率,True,業種,鉄鋼,5d,5営業日,2,6,4,0.05540856221483541,0.059523741851163936,0.75,サンプル不足,-0.02538385204468997
v7,return_20d,20日モメンタム,20営業日の騰落率,True,業種,鉄鋼,5d,5営業日,3,11,4,0.004976850045934298,0.005157393149553047,0.5,サンプル不足,-0.02538385204468997
v7,return_20d,20日モメンタム,20営業日の騰落率,True,業種,鉄鋼,5d,5営業日,4,12,6,0.04288843407536467,0.014458433751096789,0.6666666666666666,サンプル不足,-0.02538385204468997
v7,return_20d,20日モメンタム,20営業日の騰落率,True,業種,鉄鋼,5d,5営業日,5,8,6,0.004069932604347848,0.011686822351960002,0.5,サンプル不足,-0.02538385204468997
v7,return_20d,20日モメンタム,20営業日の騰落率,True,業種,鉱業,10d,10営業日,3,1,1,-0.0696623238500399,-0.0696623238500399,0.0,サンプル不足,0.0
v7,return_20d,20日モメンタム,20営業日の騰落率,True,業種,鉱業,10d,10営業日,5,1,0,,,,サンプル不足,0.0
v7,return_20d,20日モメンタム,20営業日の騰落率,True,業種,鉱業,1d,1営業日,3,1,1,-0.028981653815474573,-0.028981653815474573,0.0,サンプル不足,0.06369239761712753
v7,return_20d,20日モメンタム,20営業日の騰落率,True,業種,鉱業,1d,1営業日,5,1,1,0.034710743801652955,0.034710743801652955,1.0,サンプル不足,0.06369239761712753
v7,return_20d,20日モメンタム,20営業日の騰落率,True,業種,鉱業,3d,3営業日,3,1,1,-0.038553576176548754,-0.038553576176548754,0.0,サンプル不足,0.17243787369720986
v7,return_20d,20日モメンタム,20営業日の騰落率,True,業種,鉱業,3d,3営業日,5,1,1,0.1338842975206611,0.1338842975206611,1.0,サンプル不足,0.17243787369720986
v7,return_20d,20日モメンタム,20営業日の騰落率,True,業種,鉱業,5d,5営業日,3,1,1,-0.035628822121776094,-0.035628822121776094,0.0,サンプル不足,0.08521559898128028
v7,return_20d,20日モメンタム,20営業日の騰落率,True,業種,鉱業,5d,5営業日,5,1,1,0.04958677685950419,0.04958677685950419,1.0,サンプル不足,0.08521559898128028
v7,return_20d,20日モメンタム,20営業日の騰落率,True,業種,銀行業,10d,10営業日,1,85,67,0.025719999874965677,0.0246067985794014,0.6567164179104478,評価可能,-0.03614878232999558
v7,return_20d,20日モメンタム,20営業日の騰落率,True,業種,銀行業,10d,10営業日,2,88,80,0.023282735134644583,0.022986349248219518,0.625,評価可能,-0.03614878232999558
v7,return_20d,20日モメンタム,20営業日の騰落率,True,業種,銀行業,10d,10営業日,3,66,50,0.0027126912151163116,0.01649308553607609,0.58,評価可能,-0.03614878232999558
v7,return_20d,20日モメンタム,20営業日の騰落率,True,業種,銀行業,10d,10営業日,4,27,24,0.005814394378986208,0.0015704750687083324,0.5,サンプル不足,-0.03614878232999558
v7,return_20d,20日モメンタム,20営業日の騰落率,True,業種,銀行業,10d,10営業日,5,7,7,-0.010428782455029904,0.01764705882352935,0.5714285714285714,サンプル不足,-0.03614878232999558
v7,return_20d,20日モメンタム,20営業日の騰落率,True,業種,銀行業,1d,1営業日,1,85,85,0.0003589794899995551,0.0039048200122024923,0.5647058823529412,評価可能,0.01889189523371423
v7,return_20d,20日モメンタム,20営業日の騰落率,True,業種,銀行業,1d,1営業日,2,88,87,0.001095705587397539,0.0026392961876833265,0.5977011494252874,評価可能,0.01889189523371423
v7,return_20d,20日モメンタム,20営業日の騰落率,True,業種,銀行業,1d,1営業日,3,66,66,-0.0011374298577663828,-0.0004849225163049975,0.45454545454545453,評価可能,0.01889189523371423
v7,return_20d,20日モメンタム,20営業日の騰落率,True,業種,銀行業,1d,1営業日,4,27,27,0.0075000419594645,0.01132686084142387,0.6666666666666666,サンプル不足,0.01889189523371423
v7,return_20d,20日モメンタム,20営業日の騰落率,True,業種,銀行業,1d,1営業日,5,7,7,0.019250874723713784,0.02073732718894017,0.7142857142857143,サンプル不足,0.01889189523371423
v7,return_20d,20日モメンタム,20営業日の騰落率,True,業種,銀行業,3d,3営業日,1,85,79,0.010386213258279136,0.01054502369668242,0.6455696202531646,評価可能,-0.011009969716912465
v7,return_20d,20日モメンタム,20営業日の騰落率,True,業種,銀行業,3d,3営業日,2,88,83,0.0002532940591452519,0.0023529411764706687,0.5421686746987951,評価可能,-0.011009969716912465
v7,return_20d,20日モメンタム,20営業日の騰落率,True,業種,銀行業,3d,3営業日,3,66,61,0.0012439655651892184,0.0004576659038901809,0.5245901639344263,評価可能,-0.011009969716912465
v7,return_20d,20日モメンタム,20営業日の騰落率,True,業種,銀行業,3d,3営業日,4,27,25,0.006007315822261661,-0.0018001800180017513,0.48,サンプル不足,-0.011009969716912465
v7,return_20d,20日モメンタム,20営業日の騰落率,True,業種,銀行業,3d,3営業日,5,7,7,-0.0006237564586333288,-0.00035790980672867345,0.42857142857142855,サンプル不足,-0.011009969716912465
v7,return_20d,20日モメンタム,20営業日の騰落率,True,業種,銀行業,5d,5営業日,1,85,76,0.014459533742628308,0.017943074535049508,0.618421052631579,評価可能,-0.02745130332783705
v7,return_20d,20日モメンタム,20営業日の騰落率,True,業種,銀行業,5d,5営業日,2,88,83,0.005004081226768111,0.015071049232094236,0.6024096385542169,評価可能,-0.02745130332783705
v7,return_20d,20日モメンタム,20営業日の騰落率,True,業種,銀行業,5d,5営業日,3,66,59,0.0049842796597662185,0.008970525416488684,0.559322033898305,評価可能,-0.02745130332783705
v7,return_20d,20日モメンタム,20営業日の騰落率,True,業種,銀行業,5d,5営業日,4,27,25,0.007666640498645543,0.0039668229354490325,0.56,サンプル不足,-0.02745130332783705
v7,return_20d,20日モメンタム,20営業日の騰落率,True,業種,銀行業,5d,5営業日,5,7,7,-0.012991769585208741,-0.004652827487473199,0.2857142857142857,サンプル不足,-0.02745130332783705
v7,return_20d,20日モメンタム,20営業日の騰落率,True,業種,陸運業,10d,10営業日,1,5,3,-0.012402988001263382,-0.016538037486218293,0.3333333333333333,サンプル不足,0.2550166243648998
v7,return_20d,20日モメンタム,20営業日の騰落率,True,業種,陸運業,10d,10営業日,2,6,5,-0.06224921343953046,-0.0627027027027027,0.0,サンプル不足,0.2550166243648998
v7,return_20d,20日モメンタム,20営業日の騰落率,True,業種,陸運業,10d,10営業日,3,10,8,0.030986020934209966,0.036276701438216,0.875,サンプル不足,0.2550166243648998
v7,return_20d,20日モメンタム,20営業日の騰落率,True,業種,陸運業,10d,10営業日,4,4,3,-0.012896750418232092,0.01116173120728936,0.6666666666666666,サンプル不足,0.2550166243648998
v7,return_20d,20日モメンタム,20営業日の騰落率,True,業種,陸運業,10d,10営業日,5,4,1,0.24261363636363642,0.24261363636363642,1.0,サンプル不足,0.2550166243648998
v7,return_20d,20日モメンタム,20営業日の騰落率,True,業種,陸運業,1d,1営業日,1,5,4,0.0007915820159543063,0.004454452788583585,0.75,サンプル不足,0.029128309209927223
v7,return_20d,20日モメンタム,20営業日の騰落率,True,業種,陸運業,1d,1営業日,2,6,6,0.004964715554506824,0.003099887495981973,0.6666666666666666,サンプル不足,0.029128309209927223
v7,return_20d,20日モメンタム,20営業日の騰落率,True,業種,陸運業,1d,1営業日,3,10,9,-0.0022998616400585203,-0.0034762456546929,0.2222222222222222,サンプル不足,0.029128309209927223
v7,return_20d,20日モメンタム,20営業日の騰落率,True,業種,陸運業,1d,1営業日,4,4,4,-0.008936181889463712,0.008170450156126052,0.75,サンプル不足,0.029128309209927223
v7,return_20d,20日モメンタム,20営業日の騰落率,True,業種,陸運業,1d,1営業日,5,4,3,0.02991989122588153,0.024824608742579635,0.6666666666666666,サンプル不足,0.029128309209927223
v7,return_20d,20日モメンタム,20営業日の騰落率,True,業種,陸運業,3d,3営業日,1,5,4,0.0004926886055498392,0.006004867799712932,0.5,サンプル不足,-0.0066888753788412626
v7,return_20d,20日モメンタム,20営業日の騰落率,True,業種,陸運業,3d,3営業日,2,6,6,-0.014512289069042178,-0.013817104776008846,0.3333333333333333,サンプル不足,-0.0066888753788412626
v7,return_20d,20日モメンタム,20営業日の騰落率,True,業種,陸運業,3d,3営業日,3,10,9,-0.01056040930874385,0.0015045135406217547,0.5555555555555556,サンプル不足,-0.0066888753788412626
v7,return_20d,20日モメンタム,20営業日の騰落率,True,業種,陸運業,3d,3営業日,4,4,4,-0.030325362461776667,-0.002189425971185488,0.25,サンプル不足,-0.0066888753788412626
v7,return_20d,20日モメンタム,20営業日の騰落率,True,業種,陸運業,3d,3営業日,5,4,2,-0.006196186773291423,-0.006196186773291423,0.5,サンプル不足,-0.0066888753788412626
v7,return_20d,20日モメンタム,20営業日の騰落率,True,業種,陸運業,5d,5営業日,1,5,4,-0.043629622084018584,-0.038646106948594564,0.0,サンプル不足,0.16017419967318594
v7,return_20d,20日モメンタム,20営業日の騰落率,True,業種,陸運業,5d,5営業日,2,6,6,-0.021261766969868312,-0.0091673290937997,0.5,サンプル不足,0.16017419967318594
v7,return_20d,20日モメンタム,20営業日の騰落率,True,業種,陸運業,5d,5営業日,3,10,9,-0.0149887976152442,-0.012350597609561698,0.4444444444444444,サンプル不足,0.16017419967318594
v7,return_20d,20日モメンタム,20営業日の騰落率,True,業種,陸運業,5d,5営業日,4,4,4,-0.025458958336948084,0.00627431136075951,0.75,サンプル不足,0.16017419967318594
v7,return_20d,20日モメンタム,20営業日の騰落率,True,業種,陸運業,5d,5営業日,5,4,2,0.11654457758916736,0.11654457758916736,1.0,サンプル不足,0.16017419967318594
v7,return_20d,20日モメンタム,20営業日の騰落率,True,業種,電気・ガス業,10d,10営業日,1,4,4,0.0700669220906744,0.0874647610971534,0.75,サンプル不足,-0.1460107082107071
v7,return_20d,20日モメンタム,20営業日の騰落率,True,業種,電気・ガス業,10d,10営業日,2,7,5,-0.022825518214405167,-0.01928104575163403,0.2,サンプル不足,-0.1460107082107071
v7,return_20d,20日モメンタム,20営業日の騰落率,True,業種,電気・ガス業,10d,10営業日,3,5,4,-0.05154512241684173,-0.04547491470808179,0.0,サンプル不足,-0.1460107082107071
v7,return_20d,20日モメンタム,20営業日の騰落率,True,業種,電気・ガス業,10d,10営業日,4,4,3,-0.07594378612003272,-0.08256029684601118,0.0,サンプル不足,-0.1460107082107071
v7,return_20d,20日モメンタム,20営業日の騰落率,True,業種,電気・ガス業,10d,10営業日,5,1,0,,,,サンプル不足,-0.1460107082107071
v7,return_20d,20日モメンタム,20営業日の騰落率,True,業種,電気・ガス業,1d,1営業日,1,4,4,0.008608165137233684,0.0033559394778539253,0.75,サンプル不足,0.03313756541305095
v7,return_20d,20日モメンタム,20営業日の騰落率,True,業種,電気・ガス業,1d,1営業日,2,7,7,-0.005677086877494335,-0.003207184092366866,0.42857142857142855,サンプル不足,0.03313756541305095
v7,return_20d,20日モメンタム,20営業日の騰落率,True,業種,電気・ガス業,1d,1営業日,3,5,5,-0.007232828911011025,0.005256241787122251,0.6,サンプル不足,0.03313756541305095
v7,return_20d,20日モメンタム,20営業日の騰落率,True,業種,電気・ガス業,1d,1営業日,4,4,4,-0.006695699253107534,-0.008459080601937785,0.25,サンプル不足,0.03313756541305095
v7,return_20d,20日モメンタム,20営業日の騰落率,True,業種,電気・ガス業,1d,1営業日,5,1,1,0.04174573055028463,0.04174573055028463,1.0,サンプル不足,0.03313756541305095
v7,return_20d,20日モメンタム,20営業日の騰落率,True,業種,電気・ガス業,3d,3営業日,1,4,4,0.021717862943528454,0.020496364533089895,1.0,サンプル不足,-0.015076496719619581
v7,return_20d,20日モメンタム,20営業日の騰落率,True,業種,電気・ガス業,3d,3営業日,2,7,7,0.0038866200574299314,0.006361323155216203,0.5714285714285714,サンプル不足,-0.015076496719619581
v7,return_20d,20日モメンタム,20営業日の騰落率,True,業種,電気・ガス業,3d,3営業日,3,5,5,0.0110431317361686,0.016383112791430454,0.8,サンプル不足,-0.015076496719619581
v7,return_20d,20日モメンタム,20営業日の騰落率,True,業種,電気・ガス業,3d,3営業日,4,4,4,-0.03367982226702215,-0.026994535519125673,0.0,サンプル不足,-0.015076496719619581
v7,return_20d,20日モメンタム,20営業日の騰落率,True,業種,電気・ガス業,3d,3営業日,5,1,1,0.006641366223908873,0.006641366223908873,1.0,サンプル不足,-0.015076496719619581
v7,return_20d,20日モメンタム,20営業日の騰落率,True,業種,電気・ガス業,5d,5営業日,1,4,4,0.04199392905532505,0.03882094988679674,1.0,サンプル不足,-0.027762430004091718
v7,return_20d,20日モメンタム,20営業日の騰落率,True,業種,電気・ガス業,5d,5営業日,2,7,7,0.010220016427976542,0.022052586938083207,0.5714285714285714,サンプル不足,-0.027762430004091718
v7,return_20d,20日モメンタム,20営業日の騰落率,True,業種,電気・ガス業,5d,5営業日,3,5,5,0.004640967102235183,0.023099538009239806,0.8,サンプル不足,-0.027762430004091718
v7,return_20d,20日モメンタム,20営業日の騰落率,True,業種,電気・ガス業,5d,5営業日,4,4,4,-0.042516928933133774,-0.036259902183646775,0.0,サンプル不足,-0.027762430004091718
v7,return_20d,20日モメンタム,20営業日の騰落率,True,業種,電気・ガス業,5d,5営業日,5,1,1,0.014231499051233332,0.014231499051233332,1.0,サンプル不足,-0.027762430004091718
v7,return_20d,20日モメンタム,20営業日の騰落率,True,業種,電気機器,10d,10営業日,1,118,97,-0.08020657344351803,-0.06072727272727274,0.2268041237113402,評価可能,-0.0016541224519407288
v7,return_20d,20日モメンタム,20営業日の騰落率,True,業種,電気機器,10d,10営業日,2,83,59,-0.08777985153438549,-0.06085526315789469,0.1694915254237288,評価可能,-0.0016541224519407288
v7,return_20d,20日モメンタム,20営業日の騰落率,True,業種,電気機器,10d,10営業日,3,84,70,-0.12063482133699455,-0.10447997669228715,0.14285714285714285,評価可能,-0.0016541224519407288
v7,return_20d,20日モメンタム,20営業日の騰落率,True,業種,電気機器,10d,10営業日,4,128,103,-0.09527571208020875,-0.0809760646565123,0.18446601941747573,評価可能,-0.0016541224519407288
v7,return_20d,20日モメンタム,20営業日の騰落率,True,業種,電気機器,10d,10営業日,5,111,102,-0.08186069589545876,-0.0921414231221499,0.22549019607843138,評価可能,-0.0016541224519407288
v7,return_20d,20日モメンタム,20営業日の騰落率,True,業種,電気機器,1d,1営業日,1,118,116,-0.007064873695613836,-0.007276236090330845,0.41379310344827586,評価可能,-0.005421256146641133
v7,return_20d,20日モメンタム,20営業日の騰落率,True,業種,電気機器,1d,1営業日,2,83,80,-0.005373176271440163,-0.009905605154267083,0.4125,評価可能,-0.005421256146641133
v7,return_20d,20日モメンタム,20営業日の騰落率,True,業種,電気機器,1d,1営業日,3,84,82,-0.010879653077687679,-0.004419031636393345,0.45121951219512196,評価可能,-0.005421256146641133
v7,return_20d,20日モメンタム,20営業日の騰落率,True,業種,電気機器,1d,1営業日,4,128,126,-0.0049514528735923975,-0.006175199036872248,0.40476190476190477,評価可能,-0.005421256146641133
v7,return_20d,20日モメンタム,20営業日の騰落率,True,業種,電気機器,1d,1営業日,5,111,111,-0.01248612984225497,-0.022471910112359605,0.3963963963963964,評価可能,-0.005421256146641133
v7,return_20d,20日モメンタム,20営業日の騰落率,True,業種,電気機器,3d,3営業日,1,118,112,-0.017414236680115894,-0.017714078695324098,0.39285714285714285,評価可能,-0.01616577772560191
v7,return_20d,20日モメンタム,20営業日の騰落率,True,業種,電気機器,3d,3営業日,2,83,75,-0.016766514740267437,-0.007638315441783616,0.48,評価可能,-0.01616577772560191
v7,return_20d,20日モメンタム,20営業日の騰落率,True,業種,電気機器,3d,3営業日,3,84,80,-0.036798582247445866,-0.026513053996084036,0.2875,評価可能,-0.01616577772560191
v7,return_20d,20日モメンタム,20営業日の騰落率,True,業種,電気機器,3d,3営業日,4,128,122,-0.026444573573917184,-0.031015833563472317,0.3442622950819672,評価可能,-0.01616577772560191
v7,return_20d,20日モメンタム,20営業日の騰落率,True,業種,電気機器,3d,3営業日,5,111,106,-0.033580014405717805,-0.04155006026082869,0.2358490566037736,評価可能,-0.01616577772560191
v7,return_20d,20日モメンタム,20営業日の騰落率,True,業種,電気機器,5d,5営業日,1,118,102,-0.035709385801562285,-0.02980670562660992,0.27450980392156865,評価可能,0.0009476880080740782
v7,return_20d,20日モメンタム,20営業日の騰落率,True,業種,電気機器,5d,5営業日,2,83,67,-0.03821026327765344,-0.0314769975786924,0.29850746268656714,評価可能,0.0009476880080740782
v7,return_20d,20日モメンタム,20営業日の騰落率,True,業種,電気機器,5d,5営業日,3,84,75,-0.06306834003061977,-0.0534739905420152,0.28,評価可能,0.0009476880080740782
v7,return_20d,20日モメンタム,20営業日の騰落率,True,業種,電気機器,5d,5営業日,4,128,117,-0.04318422662983612,-0.03490259740259738,0.2905982905982906,評価可能,0.0009476880080740782
v7,return_20d,20日モメンタム,20営業日の騰落率,True,業種,電気機器,5d,5営業日,5,111,105,-0.03476169779348821,-0.05665591893136801,0.2857142857142857,評価可能,0.0009476880080740782
v7,return_20d,20日モメンタム,20営業日の騰落率,True,業種,非鉄金属,10d,10営業日,1,5,5,-0.24341869742583952,-0.25020408163265306,0.0,サンプル不足,0.06351136714875583
v7,return_20d,20日モメンタム,20営業日の騰落率,True,業種,非鉄金属,10d,10営業日,2,4,3,-0.13878178760602625,-0.11852459016393446,0.0,サンプル不足,0.06351136714875583
v7,return_20d,20日モメンタム,20営業日の騰落率,True,業種,非鉄金属,10d,10営業日,3,7,7,-0.14877624243683166,-0.13945649884137346,0.0,サンプル不足,0.06351136714875583
v7,return_20d,20日モメンタム,20営業日の騰落率,True,業種,非鉄金属,10d,10営業日,4,14,11,-0.18459803399767233,-0.2054824088063889,0.0,サンプル不足,0.06351136714875583
v7,return_20d,20日モメンタム,20営業日の騰落率,True,業種,非鉄金属,10d,10営業日,5,4,3,-0.1799073302770837,-0.16000652422117112,0.0,サンプル不足,0.06351136714875583
v7,return_20d,20日モメンタム,20営業日の騰落率,True,業種,非鉄金属,1d,1営業日,1,5,5,-0.02360272026984578,-0.019795918367346954,0.4,サンプル不足,0.008206799459628544
v7,return_20d,20日モメンタム,20営業日の騰落率,True,業種,非鉄金属,1d,1営業日,2,4,4,0.04064344106108056,0.0433113160960904,0.75,サンプル不足,0.008206799459628544
v7,return_20d,20日モメンタム,20営業日の騰落率,True,業種,非鉄金属,1d,1営業日,3,7,7,0.007087540740886038,0.0011123470522802492,0.5714285714285714,サンプル不足,0.008206799459628544
v7,return_20d,20日モメンタム,20営業日の騰落率,True,業種,非鉄金属,1d,1営業日,4,14,14,-0.0220586611716961,-0.019678993551034862,0.21428571428571427,サンプル不足,0.008206799459628544
v7,return_20d,20日モメンタム,20営業日の騰落率,True,業種,非鉄金属,1d,1営業日,5,4,3,-0.015395920810217234,-0.04012396020225084,0.3333333333333333,サンプル不足,0.008206799459628544
v7,return_20d,20日モメンタム,20営業日の騰落率,True,業種,非鉄金属,3d,3営業日,1,5,5,-0.08379142014394947,-0.0759183673469388,0.0,サンプル不足,-0.009098083110364974
v7,return_20d,20日モメンタム,20営業日の騰落率,True,業種,非鉄金属,3d,3営業日,2,4,4,0.047847863111478955,0.057721705368195986,0.75,サンプル不足,-0.009098083110364974
v7,return_20d,20日モメンタム,20営業日の騰落率,True,業種,非鉄金属,3d,3営業日,3,7,7,-0.04902957743025075,-0.08101613456917267,0.2857142857142857,サンプル不足,-0.009098083110364974
v7,return_20d,20日モメンタム,20営業日の騰落率,True,業種,非鉄金属,3d,3営業日,4,14,14,-0.06280718871760589,-0.06948266161043926,0.07142857142857142,サンプル不足,-0.009098083110364974
v7,return_20d,20日モメンタム,20営業日の騰落率,True,業種,非鉄金属,3d,3営業日,5,4,3,-0.09288950325431444,-0.08785046728971968,0.0,サンプル不足,-0.009098083110364974
v7,return_20d,20日モメンタム,20営業日の騰落率,True,業種,非鉄金属,5d,5営業日,1,5,5,-0.11703934229102468,-0.08825526137135098,0.0,サンプル不足,-0.01737027609587223
v7,return_20d,20日モメンタム,20営業日の騰落率,True,業種,非鉄金属,5d,5営業日,2,4,4,0.0272471199006612,0.030553307590926893,0.75,サンプル不足,-0.01737027609587223
v7,return_20d,20日モメンタム,20営業日の騰落率,True,業種,非鉄金属,5d,5営業日,3,7,7,-0.08195919590462365,-0.044797922415192315,0.0,サンプル不足,-0.01737027609587223
v7,return_20d,20日モメンタム,20営業日の騰落率,True,業種,非鉄金属,5d,5営業日,4,14,11,-0.10745513087527221,-0.10022371364653249,0.0,サンプル不足,-0.01737027609587223
v7,return_20d,20日モメンタム,20営業日の騰落率,True,業種,非鉄金属,5d,5営業日,5,4,3,-0.1344096183868969,-0.126080574131463,0.0,サンプル不足,-0.01737027609587223
v7,return_20d,20日モメンタム,20営業日の騰落率,True,業種,食料品,10d,10営業日,1,36,22,0.03415908392586152,0.028055245467433876,0.7727272727272727,サンプル不足,-0.07579236024187354
v7,return_20d,20日モメンタム,20営業日の騰落率,True,業種,食料品,10d,10営業日,2,31,25,0.02245998965836035,0.018502045899306152,0.6,サンプル不足,-0.07579236024187354
v7,return_20d,20日モメンタム,20営業日の騰落率,True,業種,食料品,10d,10営業日,3,32,26,-0.004053244073676363,-0.0036322148940404198,0.46153846153846156,サンプル不足,-0.07579236024187354
v7,return_20d,20日モメンタム,20営業日の騰落率,True,業種,食料品,10d,10営業日,4,19,14,-0.048304248728338585,-0.04947776490993415,0.2857142857142857,サンプル不足,-0.07579236024187354
v7,return_20d,20日モメンタム,20営業日の騰落率,True,業種,食料品,10d,10営業日,5,5,3,-0.04163327631601202,-0.050951503990178,0.0,サンプル不足,-0.07579236024187354
v7,return_20d,20日モメンタム,20営業日の騰落率,True,業種,食料品,1d,1営業日,1,36,35,-0.0014739590564196428,-0.0017624250969333621,0.42857142857142855,評価可能,0.00844644386036829
v7,return_20d,20日モメンタム,20営業日の騰落率,True,業種,食料品,1d,1営業日,2,31,31,0.002507459216453815,0.00221606648199435,0.5806451612903226,評価可能,0.00844644386036829
v7,return_20d,20日モメンタム,20営業日の騰落率,True,業種,食料品,1d,1営業日,3,32,32,-0.0007491161882100737,-0.0004608294930875667,0.46875,評価可能,0.00844644386036829
v7,return_20d,20日モメンタム,20営業日の騰落率,True,業種,食料品,1d,1営業日,4,19,19,-0.010249366789332146,-0.0055005500550054,0.3157894736842105,サンプル不足,0.00844644386036829
v7,return_20d,20日モメンタム,20営業日の騰落率,True,業種,食料品,1d,1営業日,5,5,5,0.006972484803948647,0.015151515151515138,0.6,サンプル不足,0.00844644386036829
v7,return_20d,20日モメンタム,20営業日の騰落率,True,業種,食料品,3d,3営業日,1,36,32,-0.007408796208633477,-0.008479650379269177,0.4375,評価可能,-0.008687672352805178
v7,return_20d,20日モメンタム,20営業日の騰落率,True,業種,食料品,3d,3営業日,2,31,31,-0.0023499757946614064,-0.005156411137848038,0.4838709677419355,評価可能,-0.008687672352805178
v7,return_20d,20日モメンタム,20営業日の騰落率,True,業種,食料品,3d,3営業日,3,32,30,-0.0015715845146119835,-0.007017362362962814,0.4666666666666667,評価可能,-0.008687672352805178
v7,return_20d,20日モメンタム,20営業日の騰落率,True,業種,食料品,3d,3営業日,4,19,18,-0.005230357327133188,-0.005701509422197352,0.5,サンプル不足,-0.008687672352805178
v7,return_20d,20日モメンタム,20営業日の騰落率,True,業種,食料品,3d,3営業日,5,5,5,-0.016096468561438655,-0.025421657296504474,0.2,サンプル不足,-0.008687672352805178
v7,return_20d,20日モメンタム,20営業日の騰落率,True,業種,食料品,5d,5営業日,1,36,31,-0.00064849148870029,0.011004366812227051,0.5483870967741935,評価可能,-0.01629289237039975
v7,return_20d,20日モメンタム,20営業日の騰落率,True,業種,食料品,5d,5営業日,2,31,31,0.012462347654851436,0.017194570135746545,0.6129032258064516,評価可能,-0.01629289237039975
v7,return_20d,20日モメンタム,20営業日の騰落率,True,業種,食料品,5d,5営業日,3,32,28,0.0009400558036565358,0.005344620824137114,0.6071428571428571,サンプル不足,-0.01629289237039975
v7,return_20d,20日モメンタム,20営業日の騰落率,True,業種,食料品,5d,5営業日,4,19,18,-0.012302266767932276,-0.023424101313622603,0.4444444444444444,サンプル不足,-0.01629289237039975
v7,return_20d,20日モメンタム,20営業日の騰落率,True,業種,食料品,5d,5営業日,5,5,5,-0.01694138385910004,-0.032021510633096995,0.2,サンプル不足,-0.01629289237039975
v7,return_60d,60日モメンタム,60営業日の騰落率,True,全体,全体,10d,10営業日,1,740,540,0.009528971197234323,0.008823794897935056,0.5537037037037037,評価可能,-0.10186672268862441
v7,return_60d,60日モメンタム,60営業日の騰落率,True,全体,全体,10d,10営業日,2,740,539,0.00661693167803093,0.0074156470152020315,0.5287569573283859,評価可能,-0.10186672268862441
v7,return_60d,60日モメンタム,60営業日の騰落率,True,全体,全体,10d,10営業日,3,740,540,-0.00989685785072881,-0.007332390260631039,0.4740740740740741,評価可能,-0.10186672268862441
v7,return_60d,60日モメンタム,60営業日の騰落率,True,全体,全体,10d,10営業日,4,740,540,-0.03277719957257032,-0.027368690846721277,0.3574074074074074,評価可能,-0.10186672268862441
v7,return_60d,60日モメンタム,60営業日の騰落率,True,全体,全体,10d,10営業日,5,740,539,-0.09233775149139009,-0.08268409148027145,0.24118738404452691,評価可能,-0.10186672268862441
v7,return_60d,60日モメンタム,60営業日の騰落率,True,全体,全体,1d,1営業日,1,740,720,-0.003324178457303041,-0.0024075120247624704,0.42916666666666664,評価可能,0.000712966190715664
v7,return_60d,60日モメンタム,60営業日の騰落率,True,全体,全体,1d,1営業日,2,740,720,-0.0008597704002966448,-0.001003459861605549,0.46944444444444444,評価可能,0.000712966190715664
v7,return_60d,60日モメンタム,60営業日の騰落率,True,全体,全体,1d,1営業日,3,740,720,-0.00015792959989603797,-0.0012156974332437342,0.4638888888888889,評価可能,0.000712966190715664
v7,return_60d,60日モメンタム,60営業日の騰落率,True,全体,全体,1d,1営業日,4,740,720,0.0004399022982575819,0.0,0.49444444444444446,評価可能,0.000712966190715664
v7,return_60d,60日モメンタム,60営業日の騰落率,True,全体,全体,1d,1営業日,5,740,720,-0.002611212266587377,-0.0016141080270370423,0.44583333333333336,評価可能,0.000712966190715664
v7,return_60d,60日モメンタム,60営業日の騰落率,True,全体,全体,3d,3営業日,1,740,680,-0.008446464148463081,-0.004716392383085022,0.4441176470588235,評価可能,-0.006822499901617552
v7,return_60d,60日モメンタム,60営業日の騰落率,True,全体,全体,3d,3営業日,2,740,679,-0.001316304703624779,0.0,0.49042709867452133,評価可能,-0.006822499901617552
v7,return_60d,60日モメンタム,60営業日の騰落率,True,全体,全体,3d,3営業日,3,740,680,-0.0012332449186845621,-0.0018517055132248883,0.4808823529411765,評価可能,-0.006822499901617552
v7,return_60d,60日モメンタム,60営業日の騰落率,True,全体,全体,3d,3営業日,4,740,680,-0.010573902088878685,-0.013356423468192768,0.40294117647058825,評価可能,-0.006822499901617552
v7,return_60d,60日モメンタム,60営業日の騰落率,True,全体,全体,3d,3営業日,5,740,679,-0.015268964050080634,-0.015572858731924377,0.38438880706921946,評価可能,-0.006822499901617552
v7,return_60d,60日モメンタム,60営業日の騰落率,True,全体,全体,5d,5営業日,1,740,639,-0.004174584056060051,-0.0014104372355430161,0.48982785602503914,評価可能,-0.03173145140679054
v7,return_60d,60日モメンタム,60営業日の騰落率,True,全体,全体,5d,5営業日,2,740,640,0.0013465835501205133,0.002729930071206206,0.515625,評価可能,-0.03173145140679054
v7,return_60d,60日モメンタム,60営業日の騰落率,True,全体,全体,5d,5営業日,3,740,640,-0.003911014251092572,-0.0004878969429978279,0.4921875,評価可能,-0.03173145140679054
v7,return_60d,60日モメンタム,60営業日の騰落率,True,全体,全体,5d,5営業日,4,740,640,-0.015372455286326497,-0.014052418224087204,0.3796875,評価可能,-0.03173145140679054
v7,return_60d,60日モメンタム,60営業日の騰落率,True,全体,全体,5d,5営業日,5,740,639,-0.035906035462850594,-0.0302571860816943,0.3208137715179969,評価可能,-0.03173145140679054
v7,return_60d,60日モメンタム,60営業日の騰落率,True,業種,その他製品,10d,10営業日,1,16,13,0.03769503072746832,0.027450980392156765,0.6153846153846154,サンプル不足,-0.05398360351314675
v7,return_60d,60日モメンタム,60営業日の騰落率,True,業種,その他製品,10d,10営業日,2,16,8,-0.04111511001490349,-0.01979361539618625,0.25,サンプル不足,-0.05398360351314675
v7,return_60d,60日モメンタム,60営業日の騰落率,True,業種,その他製品,10d,10営業日,3,12,8,-0.04099008015958218,-0.07332057350855305,0.375,サンプル不足,-0.05398360351314675
v7,return_60d,60日モメンタム,60営業日の騰落率,True,業種,その他製品,10d,10営業日,4,13,7,-0.01846039796639765,-0.06396063960639609,0.42857142857142855,サンプル不足,-0.05398360351314675
v7,return_60d,60日モメンタム,60営業日の騰落率,True,業種,その他製品,10d,10営業日,5,14,9,-0.01628857278567843,-0.004987531172069848,0.4444444444444444,サンプル不足,-0.05398360351314675
v7,return_60d,60日モメンタム,60営業日の騰落率,True,業種,その他製品,1d,1営業日,1,16,15,0.0240257149022193,0.0,0.4666666666666667,サンプル不足,-0.014360471817812533
v7,return_60d,60日モメンタム,60営業日の騰落率,True,業種,その他製品,1d,1営業日,2,16,14,0.004935638463757399,0.003683995088006542,0.5,サンプル不足,-0.014360471817812533
v7,return_60d,60日モメンタム,60営業日の騰落率,True,業種,その他製品,1d,1営業日,3,12,10,0.010138174796447968,0.01154394097259136,0.6,サンプル不足,-0.014360471817812533
v7,return_60d,60日モメンタム,60営業日の騰落率,True,業種,その他製品,1d,1営業日,4,13,13,0.0037641131925625093,0.005657708628005631,0.6153846153846154,サンプル不足,-0.014360471817812533
v7,return_60d,60日モメンタム,60営業日の騰落率,True,業種,その他製品,1d,1営業日,5,14,13,0.009665243084406767,0.019433647973348123,0.6153846153846154,サンプル不足,-0.014360471817812533
v7,return_60d,60日モメンタム,60営業日の騰落率,True,業種,その他製品,3d,3営業日,1,16,15,-0.0019105641523169902,-0.00548557496952462,0.3333333333333333,サンプル不足,0.000600303119551892
v7,return_60d,60日モメンタム,60営業日の騰落率,True,業種,その他製品,3d,3営業日,2,16,11,-0.0031274888728244983,-0.014465526958482022,0.36363636363636365,サンプル不足,0.000600303119551892
v7,return_60d,60日モメンタム,60営業日の騰落率,True,業種,その他製品,3d,3営業日,3,12,9,-0.0133346695490134,-0.0201793721973093,0.4444444444444444,サンプル不足,0.000600303119551892
v7,return_60d,60日モメンタム,60営業日の騰落率,True,業種,その他製品,3d,3営業日,4,13,10,-0.0005400505111055165,-0.03771122196545984,0.4,サンプル不足,0.000600303119551892
v7,return_60d,60日モメンタム,60営業日の騰落率,True,業種,その他製品,3d,3営業日,5,14,11,-0.0013102610327650982,-0.012690355329949221,0.36363636363636365,サンプル不足,0.000600303119551892
v7,return_60d,60日モメンタム,60営業日の騰落率,True,業種,その他製品,5d,5営業日,1,16,15,0.0024372927557262097,0.006683081252198297,0.5333333333333333,サンプル不足,-0.029100116265259997
v7,return_60d,60日モメンタム,60営業日の騰落率,True,業種,その他製品,5d,5営業日,2,16,10,0.01147585031927294,-0.00192554557124515,0.4,サンプル不足,-0.029100116265259997
v7,return_60d,60日モメンタム,60営業日の騰落率,True,業種,その他製品,5d,5営業日,3,12,9,-0.04916224939697589,-0.0529247910863509,0.3333333333333333,サンプル不足,-0.029100116265259997
v7,return_60d,60日モメンタム,60営業日の騰落率,True,業種,その他製品,5d,5営業日,4,13,8,-0.0007633586658255531,-0.0523105104628796,0.25,サンプル不足,-0.029100116265259997
v7,return_60d,60日モメンタム,60営業日の騰落率,True,業種,その他製品,5d,5営業日,5,14,11,-0.026662823509533785,-0.02897942041159174,0.36363636363636365,サンプル不足,-0.029100116265259997
v7,return_60d,60日モメンタム,60営業日の騰落率,True,業種,その他金融業,10d,10営業日,1,12,6,-0.009105114145537533,-0.01130102972524627,0.3333333333333333,サンプル不足,0.032480900055581165
v7,return_60d,60日モメンタム,60営業日の騰落率,True,業種,その他金融業,10d,10営業日,2,10,9,-0.04229775345246743,-0.01698026617714543,0.4444444444444444,サンプル不足,0.032480900055581165
v7,return_60d,60日モメンタム,60営業日の騰落率,True,業種,その他金融業,10d,10営業日,3,8,4,-0.01114214155042717,-0.013159032422282613,0.5,サンプル不足,0.032480900055581165
v7,return_60d,60日モメンタム,60営業日の騰落率,True,業種,その他金融業,10d,10営業日,4,5,2,0.023349395639589376,0.023349395639589376,1.0,サンプル不足,0.032480900055581165
v7,return_60d,60日モメンタム,60営業日の騰落率,True,業種,その他金融業,10d,10営業日,5,2,1,0.023375785910043634,0.023375785910043634,1.0,サンプル不足,0.032480900055581165
v7,return_60d,60日モメンタム,60営業日の騰落率,True,業種,その他金融業,1d,1営業日,1,12,12,-0.005653370677401311,-0.005096563734664161,0.25,サンプル不足,0.02975461201223924
v7,return_60d,60日モメンタム,60営業日の騰落率,True,業種,その他金融業,1d,1営業日,2,10,10,-0.019368284802557548,-0.0023673740975255556,0.5,サンプル不足,0.02975461201223924
v7,return_60d,60日モメンタム,60営業日の騰落率,True,業種,その他金融業,1d,1営業日,3,8,8,0.0007148806302264693,0.0044715683270999396,0.5,サンプル不足,0.02975461201223924
v7,return_60d,60日モメンタム,60営業日の騰落率,True,業種,その他金融業,1d,1営業日,4,5,5,0.007541867713309447,0.003101256008683606,1.0,サンプル不足,0.02975461201223924
v7,return_60d,60日モメンタム,60営業日の騰落率,True,業種,その他金融業,1d,1営業日,5,2,2,0.02410124133483793,0.02410124133483793,0.5,サンプル不足,0.02975461201223924
v7,return_60d,60日モメンタム,60営業日の騰落率,True,業種,その他金融業,3d,3営業日,1,12,10,-0.012556483617460912,-0.001395806633267327,0.4,サンプル不足,0.04592743315800578
v7,return_60d,60日モメンタム,60営業日の騰落率,True,業種,その他金融業,3d,3営業日,2,10,10,-0.03296145217838069,-0.007316282740011557,0.4,サンプル不足,0.04592743315800578
v7,return_60d,60日モメンタム,60営業日の騰落率,True,業種,その他金融業,3d,3営業日,3,8,8,-0.0015770530474158856,-0.005646536004314251,0.5,サンプル不足,0.04592743315800578
v7,return_60d,60日モメンタム,60営業日の騰落率,True,業種,その他金融業,3d,3営業日,4,5,5,0.007205069381719142,0.0015624999999999112,0.6,サンプル不足,0.04592743315800578
v7,return_60d,60日モメンタム,60営業日の騰落率,True,業種,その他金融業,3d,3営業日,5,2,2,0.03337094954054487,0.03337094954054487,0.5,サンプル不足,0.04592743315800578
v7,return_60d,60日モメンタム,60営業日の騰落率,True,業種,その他金融業,5d,5営業日,1,12,10,-0.010609670355294731,-0.022430621943278328,0.4,サンプル不足,0.0484945647612273
v7,return_60d,60日モメンタム,60営業日の騰落率,True,業種,その他金融業,5d,5営業日,2,10,10,-0.03597206939381378,-0.001162031376116257,0.4,サンプル不足,0.0484945647612273
v7,return_60d,60日モメンタム,60営業日の騰落率,True,業種,その他金融業,5d,5営業日,3,8,8,0.0034823179481019706,-0.002777683663127195,0.5,サンプル不足,0.0484945647612273
v7,return_60d,60日モメンタム,60営業日の騰落率,True,業種,その他金融業,5d,5営業日,4,5,3,0.01048194067177007,0.01023414482865559,0.6666666666666666,サンプル不足,0.0484945647612273
v7,return_60d,60日モメンタム,60営業日の騰落率,True,業種,その他金融業,5d,5営業日,5,2,2,0.03788489440593257,0.03788489440593257,0.5,サンプル不足,0.0484945647612273
v7,return_60d,60日モメンタム,60営業日の騰落率,True,業種,ガラス・土石製品,10d,10営業日,1,9,8,-0.04960750328903289,-0.0331607732201792,0.5,サンプル不足,-0.15310856554003577
v7,return_60d,60日モメンタム,60営業日の騰落率,True,業種,ガラス・土石製品,10d,10営業日,2,4,4,-0.12674567123439026,-0.1382131718950651,0.0,サンプル不足,-0.15310856554003577
v7,return_60d,60日モメンタム,60営業日の騰落率,True,業種,ガラス・土石製品,10d,10営業日,3,2,1,-0.0519877675840978,-0.0519877675840978,0.0,サンプル不足,-0.15310856554003577
v7,return_60d,60日モメンタム,60営業日の騰落率,True,業種,ガラス・土石製品,10d,10営業日,4,5,3,-0.07632963012376554,-0.041935483870967794,0.0,サンプル不足,-0.15310856554003577
v7,return_60d,60日モメンタム,60営業日の騰落率,True,業種,ガラス・土石製品,10d,10営業日,5,3,3,-0.20271606882906865,-0.2664864864864865,0.3333333333333333,サンプル不足,-0.15310856554003577
v7,return_60d,60日モメンタム,60営業日の騰落率,True,業種,ガラス・土石製品,1d,1営業日,1,9,9,-0.03148827480203341,-0.0243506493506493,0.3333333333333333,サンプル不足,-0.011014340674517599
v7,return_60d,60日モメンタム,60営業日の騰落率,True,業種,ガラス・土石製品,1d,1営業日,2,4,4,-0.028632652164825523,-0.01960936963876869,0.25,サンプル不足,-0.011014340674517599
v7,return_60d,60日モメンタム,60営業日の騰落率,True,業種,ガラス・土石製品,1d,1営業日,3,2,2,-0.054008908685968804,-0.054008908685968804,0.0,サンプル不足,-0.011014340674517599
v7,return_60d,60日モメンタム,60営業日の騰落率,True,業種,ガラス・土石製品,1d,1営業日,4,5,5,0.001444312705686783,-0.013090495162208282,0.4,サンプル不足,-0.011014340674517599
v7,return_60d,60日モメンタム,60営業日の騰落率,True,業種,ガラス・土石製品,1d,1営業日,5,3,3,-0.04250261547655101,-0.0005216484089723,0.3333333333333333,サンプル不足,-0.011014340674517599
v7,return_60d,60日モメンタム,60営業日の騰落率,True,業種,ガラス・土石製品,3d,3営業日,1,9,9,-0.05198385436727244,-0.0308441558441558,0.2222222222222222,サンプル不足,-0.053976861546495065
v7,return_60d,60日モメンタム,60営業日の騰落率,True,業種,ガラス・土石製品,3d,3営業日,2,4,4,-0.07778102709550996,-0.06971648129608544,0.0,サンプル不足,-0.053976861546495065
v7,return_60d,60日モメンタム,60営業日の騰落率,True,業種,ガラス・土石製品,3d,3営業日,3,2,2,-0.07164476955245432,-0.07164476955245432,0.0,サンプル不足,-0.053976861546495065
v7,return_60d,60日モメンタム,60営業日の騰落率,True,業種,ガラス・土石製品,3d,3営業日,4,5,3,0.0059866342371402105,-0.005376344086021501,0.3333333333333333,サンプル不足,-0.053976861546495065
v7,return_60d,60日モメンタム,60営業日の騰落率,True,業種,ガラス・土石製品,3d,3営業日,5,3,3,-0.1059607159137675,-0.1016216216216215,0.3333333333333333,サンプル不足,-0.053976861546495065
v7,return_60d,60日モメンタム,60営業日の騰落率,True,業種,ガラス・土石製品,5d,5営業日,1,9,9,-0.06065369746989016,-0.02583586626139822,0.1111111111111111,サンプル不足,0.004898540615494211
v7,return_60d,60日モメンタム,60営業日の騰落率,True,業種,ガラス・土石製品,5d,5営業日,2,4,4,-0.10218858220783036,-0.09414556962025315,0.0,サンプル不足,0.004898540615494211
v7,return_60d,60日モメンタム,60営業日の騰落率,True,業種,ガラス・土石製品,5d,5営業日,3,2,1,-0.1039755351681956,-0.1039755351681956,0.0,サンプル不足,0.004898540615494211
v7,return_60d,60日モメンタム,60営業日の騰落率,True,業種,ガラス・土石製品,5d,5営業日,4,5,3,-0.0018424858769980183,0.01505376344086029,0.6666666666666666,サンプル不足,0.004898540615494211
v7,return_60d,60日モメンタム,60営業日の騰落率,True,業種,ガラス・土石製品,5d,5営業日,5,3,3,-0.05575515685439595,0.0356756756756757,0.6666666666666666,サンプル不足,0.004898540615494211
v7,return_60d,60日モメンタム,60営業日の騰落率,True,業種,ゴム製品,10d,10営業日,1,10,7,0.05327572368057809,0.04908877131099354,0.8571428571428571,サンプル不足,-0.018075723680578193
v7,return_60d,60日モメンタム,60営業日の騰落率,True,業種,ゴム製品,10d,10営業日,2,8,7,0.056074617030978824,0.04526869158878499,0.8571428571428571,サンプル不足,-0.018075723680578193
v7,return_60d,60日モメンタム,60営業日の騰落率,True,業種,ゴム製品,10d,10営業日,3,11,6,-0.006585530570473082,0.044837416586924084,0.6666666666666666,サンプル不足,-0.018075723680578193
v7,return_60d,60日モメンタム,60営業日の騰落率,True,業種,ゴム製品,10d,10営業日,4,6,1,0.0351999999999999,0.0351999999999999,1.0,サンプル不足,-0.018075723680578193
v7,return_60d,60日モメンタム,60営業日の騰落率,True,業種,ゴム製品,1d,1営業日,1,10,9,0.013637709666165168,0.008774335069920536,0.7777777777777778,サンプル不足,-0.01755502578122984
v7,return_60d,60日モメンタム,60営業日の騰落率,True,業種,ゴム製品,1d,1営業日,2,8,8,-0.002806529157020407,-0.0032354989288700398,0.375,サンプル不足,-0.01755502578122984
v7,return_60d,60日モメンタム,60営業日の騰落率,True,業種,ゴム製品,1d,1営業日,3,11,11,0.004354204337427442,-0.0038659793814432,0.45454545454545453,サンプル不足,-0.01755502578122984
v7,return_60d,60日モメンタム,60営業日の騰落率,True,業種,ゴム製品,1d,1営業日,4,6,5,-0.003917316115064673,-0.012862547288776782,0.4,サンプル不足,-0.01755502578122984
v7,return_60d,60日モメンタム,60営業日の騰落率,True,業種,ゴム製品,3d,3営業日,1,10,7,0.010467685773429545,0.020996640537513933,0.5714285714285714,サンプル不足,-0.020611281744347915
v7,return_60d,60日モメンタム,60営業日の騰落率,True,業種,ゴム製品,3d,3営業日,2,8,8,0.005924327447123824,0.019920474942373784,0.625,サンプル不足,-0.020611281744347915
v7,return_60d,60日モメンタム,60営業日の騰落率,True,業種,ゴム製品,3d,3営業日,3,11,10,0.02136418691789572,0.02302396754501279,0.8,サンプル不足,-0.020611281744347915
v7,return_60d,60日モメンタム,60営業日の騰落率,True,業種,ゴム製品,3d,3営業日,4,6,3,-0.01014359597091837,-0.011349306431273631,0.3333333333333333,サンプル不足,-0.020611281744347915
v7,return_60d,60日モメンタム,60営業日の騰落率,True,業種,ゴム製品,5d,5営業日,1,10,7,0.006002406271151569,0.03321575543797772,0.7142857142857143,サンプル不足,0.035849148744702124
v7,return_60d,60日モメンタム,60営業日の騰落率,True,業種,ゴム製品,5d,5営業日,2,8,8,0.027892246720336245,0.01649928819941293,1.0,サンプル不足,0.035849148744702124
v7,return_60d,60日モメンタム,60営業日の騰落率,True,業種,ゴム製品,5d,5営業日,3,11,9,0.021114843527778523,0.03459372485921164,0.6666666666666666,サンプル不足,0.035849148744702124
v7,return_60d,60日モメンタム,60営業日の騰落率,True,業種,ゴム製品,5d,5営業日,4,6,3,0.04185155501585369,0.05901639344262288,0.6666666666666666,サンプル不足,0.035849148744702124
v7,return_60d,60日モメンタム,60営業日の騰落率,True,業種,サービス業,10d,10営業日,1,75,62,0.02519170028296099,0.02809135415743169,0.6774193548387096,評価可能,-0.04244644469041081
v7,return_60d,60日モメンタム,60営業日の騰落率,True,業種,サービス業,10d,10営業日,2,67,51,0.006339178159069681,0.007594062823610637,0.5686274509803921,評価可能,-0.04244644469041081
v7,return_60d,60日モメンタム,60営業日の騰落率,True,業種,サービス業,10d,10営業日,3,66,50,0.01173328301489445,0.018520852571942012,0.62,評価可能,-0.04244644469041081
v7,return_60d,60日モメンタム,60営業日の騰落率,True,業種,サービス業,10d,10営業日,4,56,37,0.005088494558576905,0.038185654008438874,0.5945945945945946,評価可能,-0.04244644469041081
v7,return_60d,60日モメンタム,60営業日の騰落率,True,業種,サービス業,10d,10営業日,5,83,55,-0.01725474440744982,-0.026620605567973965,0.45454545454545453,評価可能,-0.04244644469041081
v7,return_60d,60日モメンタム,60営業日の騰落率,True,業種,サービス業,1d,1営業日,1,75,75,-0.0003611673881472967,0.0029095792300806167,0.56,評価可能,0.015969578415463384
v7,return_60d,60日モメンタム,60営業日の騰落率,True,業種,サービス業,1d,1営業日,2,67,65,-0.00072326608952999,0.0011570317187459267,0.5076923076923077,評価可能,0.015969578415463384
v7,return_60d,60日モメンタム,60営業日の騰落率,True,業種,サービス業,1d,1営業日,3,66,63,0.0029133779972543073,0.0018587360594795044,0.5079365079365079,評価可能,0.015969578415463384
v7,return_60d,60日モメンタム,60営業日の騰落率,True,業種,サービス業,1d,1営業日,4,56,53,-0.0028428195786316425,-0.0034253907086276847,0.4339622641509434,評価可能,0.015969578415463384
v7,return_60d,60日モメンタム,60営業日の騰落率,True,業種,サービス業,1d,1営業日,5,83,80,0.015608411027316088,0.00035612535612539187,0.5,評価可能,0.015969578415463384
v7,return_60d,60日モメンタム,60営業日の騰落率,True,業種,サービス業,3d,3営業日,1,75,73,-0.0026867392304749027,0.0073606729758148,0.547945205479452,評価可能,0.024822028947179404
v7,return_60d,60日モメンタム,60営業日の騰落率,True,業種,サービス業,3d,3営業日,2,67,60,-0.0037008227514474016,-0.004111321916743815,0.43333333333333335,評価可能,0.024822028947179404
v7,return_60d,60日モメンタム,60営業日の騰落率,True,業種,サービス業,3d,3営業日,3,66,58,-0.0037302363226023208,0.0006067961165048,0.5,評価可能,0.024822028947179404
v7,return_60d,60日モメンタム,60営業日の騰落率,True,業種,サービス業,3d,3営業日,4,56,53,-0.0006303237708483922,-0.003177292946409671,0.4528301886792453,評価可能,0.024822028947179404
v7,return_60d,60日モメンタム,60営業日の騰落率,True,業種,サービス業,3d,3営業日,5,83,75,0.0221352897167045,0.0014224751066855834,0.5466666666666666,評価可能,0.024822028947179404
v7,return_60d,60日モメンタム,60営業日の騰落率,True,業種,サービス業,5d,5営業日,1,75,70,-0.005830969931602989,0.0040412494516314,0.5428571428571428,評価可能,0.01708765074874782
v7,return_60d,60日モメンタム,60営業日の騰落率,True,業種,サービス業,5d,5営業日,2,67,58,0.0046683296737273245,0.0023856772395819386,0.5172413793103449,評価可能,0.01708765074874782
v7,return_60d,60日モメンタム,60営業日の騰落率,True,業種,サービス業,5d,5営業日,3,66,58,-0.00819930826841527,-0.002540044373904371,0.46551724137931033,評価可能,0.01708765074874782
v7,return_60d,60日モメンタム,60営業日の騰落率,True,業種,サービス業,5d,5営業日,4,56,50,-0.005465071800804729,0.0062289743195559355,0.52,評価可能,0.01708765074874782
v7,return_60d,60日モメンタム,60営業日の騰落率,True,業種,サービス業,5d,5営業日,5,83,70,0.01125668081714483,-0.0064880364801563895,0.42857142857142855,評価可能,0.01708765074874782
v7,return_60d,60日モメンタム,60営業日の騰落率,True,業種,パルプ・紙,10d,10営業日,1,7,3,-0.020511273197264642,-0.0196560196560197,0.3333333333333333,サンプル不足,-0.11882151670377955
v7,return_60d,60日モメンタム,60営業日の騰落率,True,業種,パルプ・紙,10d,10営業日,2,3,1,0.005292194571255848,0.005292194571255848,1.0,サンプル不足,-0.11882151670377955
v7,return_60d,60日モメンタム,60営業日の騰落率,True,業種,パルプ・紙,10d,10営業日,3,1,1,-0.14150943396226412,-0.14150943396226412,0.0,サンプル不足,-0.11882151670377955
v7,return_60d,60日モメンタム,60営業日の騰落率,True,業種,パルプ・紙,10d,10営業日,4,2,1,-0.06035889070146816,-0.06035889070146816,0.0,サンプル不足,-0.11882151670377955
v7,return_60d,60日モメンタム,60営業日の騰落率,True,業種,パルプ・紙,10d,10営業日,5,4,4,-0.1393327899010442,-0.17380465727425354,0.25,サンプル不足,-0.11882151670377955
v7,return_60d,60日モメンタム,60営業日の騰落率,True,業種,パルプ・紙,1d,1営業日,1,7,7,-0.02162612231679229,-0.012293509908075873,0.2857142857142857,サンプル不足,0.004614176765064183
v7,return_60d,60日モメンタム,60営業日の騰落率,True,業種,パルプ・紙,1d,1営業日,2,3,3,-0.01047208699215263,-0.009548996406355093,0.0,サンプル不足,0.004614176765064183
v7,return_60d,60日モメンタム,60営業日の騰落率,True,業種,パルプ・紙,1d,1営業日,3,1,1,-0.05094339622641508,-0.05094339622641508,0.0,サンプル不足,0.004614176765064183
v7,return_60d,60日モメンタム,60営業日の騰落率,True,業種,パルプ・紙,1d,1営業日,4,2,2,-0.02668352213853148,-0.02668352213853148,0.0,サンプル不足,0.004614176765064183
v7,return_60d,60日モメンタム,60営業日の騰落率,True,業種,パルプ・紙,1d,1営業日,5,4,4,-0.017011945551728108,-0.0082536458596154,0.5,サンプル不足,0.004614176765064183
v7,return_60d,60日モメンタム,60営業日の騰落率,True,業種,パルプ・紙,3d,3営業日,1,7,6,-0.010933012843192822,0.002919754300458488,0.5,サンプル不足,-0.06281311112061756
v7,return_60d,60日モメンタム,60営業日の騰落率,True,業種,パルプ・紙,3d,3営業日,2,3,3,-0.009300937248938287,-0.012522361359570633,0.3333333333333333,サンプル不足,-0.06281311112061756
v7,return_60d,60日モメンタム,60営業日の騰落率,True,業種,パルプ・紙,3d,3営業日,3,1,1,-0.053459119496855334,-0.053459119496855334,0.0,サンプル不足,-0.06281311112061756
v7,return_60d,60日モメンタム,60営業日の騰落率,True,業種,パルプ・紙,3d,3営業日,4,2,2,-0.044122089930316466,-0.044122089930316466,0.0,サンプル不足,-0.06281311112061756
v7,return_60d,60日モメンタム,60営業日の騰落率,True,業種,パルプ・紙,3d,3営業日,5,4,4,-0.07374612396381039,-0.08385792501387701,0.25,サンプル不足,-0.06281311112061756
v7,return_60d,60日モメンタム,60営業日の騰落率,True,業種,パルプ・紙,5d,5営業日,1,7,4,0.003139954751111687,0.014750235498322495,0.5,サンプル不足,-0.07631018183833176
v7,return_60d,60日モメンタム,60営業日の騰落率,True,業種,パルプ・紙,5d,5営業日,2,3,3,0.011919566442959365,0.0069334356737102976,1.0,サンプル不足,-0.07631018183833176
v7,return_60d,60日モメンタム,60営業日の騰落率,True,業種,パルプ・紙,5d,5営業日,3,1,1,-0.09056603773584904,-0.09056603773584904,0.0,サンプル不足,-0.07631018183833176
v7,return_60d,60日モメンタム,60営業日の騰落率,True,業種,パルプ・紙,5d,5営業日,4,2,1,-0.11011419249592169,-0.11011419249592169,0.0,サンプル不足,-0.07631018183833176
v7,return_60d,60日モメンタム,60営業日の騰落率,True,業種,パルプ・紙,5d,5営業日,5,4,4,-0.07317022708722007,-0.0592452187515769,0.25,サンプル不足,-0.07631018183833176
v7,return_60d,60日モメンタム,60営業日の騰落率,True,業種,不動産業,10d,10営業日,1,16,11,-0.014484069343998289,-0.012201073694485087,0.36363636363636365,サンプル不足,-0.01875615004807319
v7,return_60d,60日モメンタム,60営業日の騰落率,True,業種,不動産業,10d,10営業日,2,7,3,-0.00993091579626606,-0.0079893475366178,0.3333333333333333,サンプル不足,-0.01875615004807319
v7,return_60d,60日モメンタム,60営業日の騰落率,True,業種,不動産業,10d,10営業日,3,10,8,-0.017309401191715375,-0.029805944277681407,0.5,サンプル不足,-0.01875615004807319
v7,return_60d,60日モメンタム,60営業日の騰落率,True,業種,不動産業,10d,10営業日,4,13,10,-0.021728216077698214,-0.0039619651347068,0.4,サンプル不足,-0.01875615004807319
v7,return_60d,60日モメンタム,60営業日の騰落率,True,業種,不動産業,10d,10営業日,5,9,3,-0.03324021939207148,-0.05607476635514019,0.3333333333333333,サンプル不足,-0.01875615004807319
v7,return_60d,60日モメンタム,60営業日の騰落率,True,業種,不動産業,1d,1営業日,1,16,15,-0.00912397846417329,-0.0085287846481876,0.26666666666666666,サンプル不足,-0.004960525749452202
v7,return_60d,60日モメンタム,60営業日の騰落率,True,業種,不動産業,1d,1営業日,2,7,7,-0.037951780828222266,-0.09090909090909094,0.14285714285714285,サンプル不足,-0.004960525749452202
v7,return_60d,60日モメンタム,60営業日の騰落率,True,業種,不動産業,1d,1営業日,3,10,9,-0.008493710124537084,-0.03338762214983715,0.4444444444444444,サンプル不足,-0.004960525749452202
v7,return_60d,60日モメンタム,60営業日の騰落率,True,業種,不動産業,1d,1営業日,4,13,13,0.011434023381557317,0.0007485029940119681,0.5384615384615384,サンプル不足,-0.004960525749452202
v7,return_60d,60日モメンタム,60営業日の騰落率,True,業種,不動産業,1d,1営業日,5,9,9,-0.014084504213625492,-0.003930376193149954,0.1111111111111111,サンプル不足,-0.004960525749452202
v7,return_60d,60日モメンタム,60営業日の騰落率,True,業種,不動産業,3d,3営業日,1,16,15,-0.02185783075029126,-0.015282392026578107,0.2,サンプル不足,0.006176550950181041
v7,return_60d,60日モメンタム,60営業日の騰落率,True,業種,不動産業,3d,3営業日,2,7,7,-0.02812510111337912,-0.0039946737683089,0.2857142857142857,サンプル不足,0.006176550950181041
v7,return_60d,60日モメンタム,60営業日の騰落率,True,業種,不動産業,3d,3営業日,3,10,9,-0.008191065451289007,-0.023474178403755874,0.3333333333333333,サンプル不足,0.006176550950181041
v7,return_60d,60日モメンタム,60営業日の騰落率,True,業種,不動産業,3d,3営業日,4,13,13,-0.03064838760124903,-0.0007479431563200967,0.3076923076923077,サンプル不足,0.006176550950181041
v7,return_60d,60日モメンタム,60営業日の騰落率,True,業種,不動産業,3d,3営業日,5,9,8,-0.01568127980011022,-0.002903682296673593,0.25,サンプル不足,0.006176550950181041
v7,return_60d,60日モメンタム,60営業日の騰落率,True,業種,不動産業,5d,5営業日,1,16,13,-0.02129133666479782,-0.0139026812313803,0.3076923076923077,サンプル不足,0.0013296522110620781
v7,return_60d,60日モメンタム,60営業日の騰落率,True,業種,不動産業,5d,5営業日,2,7,6,-0.020185711593558735,-0.010711876311144397,0.16666666666666666,サンプル不足,0.0013296522110620781
v7,return_60d,60日モメンタム,60営業日の騰落率,True,業種,不動産業,5d,5営業日,3,10,9,-0.008237829766963689,-0.0035087719298245723,0.4444444444444444,サンプル不足,0.0013296522110620781
v7,return_60d,60日モメンタム,60営業日の騰落率,True,業種,不動産業,5d,5営業日,4,13,12,-0.008244394676198629,-0.006713395712536834,0.3333333333333333,サンプル不足,0.0013296522110620781
v7,return_60d,60日モメンタム,60営業日の騰落率,True,業種,不動産業,5d,5営業日,5,9,5,-0.01996168445373574,-0.01869158878504673,0.4,サンプル不足,0.0013296522110620781
v7,return_60d,60日モメンタム,60営業日の騰落率,True,業種,保険業,10d,10営業日,1,15,15,0.02246126880324509,0.01573033707865168,0.6666666666666666,サンプル不足,-0.022633399857354856
v7,return_60d,60日モメンタム,60営業日の騰落率,True,業種,保険業,10d,10営業日,2,25,18,0.016748770679071632,0.026803677779728696,0.6666666666666666,サンプル不足,-0.022633399857354856
v7,return_60d,60日モメンタム,60営業日の騰落率,True,業種,保険業,10d,10営業日,3,20,16,0.015195165565663304,0.008064373605496278,0.5625,サンプル不足,-0.022633399857354856
v7,return_60d,60日モメンタム,60営業日の騰落率,True,業種,保険業,10d,10営業日,4,22,14,0.014553213760297936,0.007782672908515531,0.7857142857142857,サンプル不足,-0.022633399857354856
v7,return_60d,60日モメンタム,60営業日の騰落率,True,業種,保険業,10d,10営業日,5,8,4,-0.00017213105410976426,0.0052810626070879385,0.75,サンプル不足,-0.022633399857354856
v7,return_60d,60日モメンタム,60営業日の騰落率,True,業種,保険業,1d,1営業日,1,15,15,-0.0012895942765911365,-0.0020736132711249855,0.4666666666666667,サンプル不足,0.006097300383803662
v7,return_60d,60日モメンタム,60営業日の騰落率,True,業種,保険業,1d,1営業日,2,25,25,-0.00122100428455016,-0.003954305799648505,0.4,サンプル不足,0.006097300383803662
v7,return_60d,60日モメンタム,60営業日の騰落率,True,業種,保険業,1d,1営業日,3,20,20,0.001822830522329688,0.0070013218208428984,0.65,サンプル不足,0.006097300383803662
v7,return_60d,60日モメンタム,60営業日の騰落率,True,業種,保険業,1d,1営業日,4,22,22,-0.002893168048787496,0.0031697622917168378,0.5909090909090909,サンプル不足,0.006097300383803662
v7,return_60d,60日モメンタム,60営業日の騰落率,True,業種,保険業,1d,1営業日,5,8,8,0.0048077061072125254,0.007433455445454151,0.625,サンプル不足,0.006097300383803662
v7,return_60d,60日モメンタム,60営業日の騰落率,True,業種,保険業,3d,3営業日,1,15,15,-0.00332096965719139,0.006102877070619073,0.5333333333333333,サンプル不足,0.015833521765805075
v7,return_60d,60日モメンタム,60営業日の騰落率,True,業種,保険業,3d,3営業日,2,25,25,-0.006247593435615242,-0.004973917263132344,0.44,サンプル不足,0.015833521765805075
v7,return_60d,60日モメンタム,60営業日の騰落率,True,業種,保険業,3d,3営業日,3,20,20,0.008319552195646196,0.011876706174050455,0.65,サンプル不足,0.015833521765805075
v7,return_60d,60日モメンタム,60営業日の騰落率,True,業種,保険業,3d,3営業日,4,22,20,-0.002742015462120451,-0.00038730160018207727,0.5,サンプル不足,0.015833521765805075
v7,return_60d,60日モメンタム,60営業日の騰落率,True,業種,保険業,3d,3営業日,5,8,8,0.012512552108613684,0.012809706164672585,0.625,サンプル不足,0.015833521765805075
v7,return_60d,60日モメンタム,60営業日の騰落率,True,業種,保険業,5d,5営業日,1,15,15,-0.005556153095026965,-0.010908135103167349,0.4666666666666667,サンプル不足,0.014180259958401635
v7,return_60d,60日モメンタム,60営業日の騰落率,True,業種,保険業,5d,5営業日,2,25,25,-0.0029958727528343453,-0.016867469879518038,0.44,サンプル不足,0.014180259958401635
v7,return_60d,60日モメンタム,60営業日の騰落率,True,業種,保険業,5d,5営業日,3,20,19,0.010126243447050983,0.010139358769224893,0.631578947368421,サンプル不足,0.014180259958401635
v7,return_60d,60日モメンタム,60営業日の騰落率,True,業種,保険業,5d,5営業日,4,22,18,0.001436848687162885,-0.0026294248907854922,0.4444444444444444,サンプル不足,0.014180259958401635
v7,return_60d,60日モメンタム,60営業日の騰落率,True,業種,保険業,5d,5営業日,5,8,8,0.00862410686337467,0.009707693351271862,0.625,サンプル不足,0.014180259958401635
v7,return_60d,60日モメンタム,60営業日の騰落率,True,業種,倉庫・運輸関連業,10d,10営業日,1,5,4,0.03866461505379078,-0.007190567827636028,0.25,サンプル不足,-0.16485989163333187
v7,return_60d,60日モメンタム,60営業日の騰落率,True,業種,倉庫・運輸関連業,10d,10営業日,2,6,5,0.005908473899546361,0.0066857688634192,0.6,サンプル不足,-0.16485989163333187
v7,return_60d,60日モメンタム,60営業日の騰落率,True,業種,倉庫・運輸関連業,10d,10営業日,3,3,3,0.02314618294459712,-0.0215686274509804,0.3333333333333333,サンプル不足,-0.16485989163333187
v7,return_60d,60日モメンタム,60営業日の騰落率,True,業種,倉庫・運輸関連業,10d,10営業日,4,2,2,0.15668285497272538,0.15668285497272538,1.0,サンプル不足,-0.16485989163333187
v7,return_60d,60日モメンタム,60営業日の騰落率,True,業種,倉庫・運輸関連業,10d,10営業日,5,3,2,-0.1261952765795411,-0.1261952765795411,0.0,サンプル不足,-0.16485989163333187
v7,return_60d,60日モメンタム,60営業日の騰落率,True,業種,倉庫・運輸関連業,1d,1営業日,1,5,5,-0.005665245653128985,-0.016786570743405282,0.2,サンプル不足,-0.030127757278719188
v7,return_60d,60日モメンタム,60営業日の騰落率,True,業種,倉庫・運輸関連業,1d,1営業日,2,6,6,-0.0024372097709995447,-0.0029114906832298226,0.3333333333333333,サンプル不足,-0.030127757278719188
v7,return_60d,60日モメンタム,60営業日の騰落率,True,業種,倉庫・運輸関連業,1d,1営業日,3,3,3,-0.004800832626015249,-0.0019569471624266,0.0,サンプル不足,-0.030127757278719188
v7,return_60d,60日モメンタム,60営業日の騰落率,True,業種,倉庫・運輸関連業,1d,1営業日,4,2,2,-0.010841101418586574,-0.010841101418586574,0.5,サンプル不足,-0.030127757278719188
v7,return_60d,60日モメンタム,60営業日の騰落率,True,業種,倉庫・運輸関連業,1d,1営業日,5,3,3,-0.03579300293184817,0.01365705614567525,0.6666666666666666,サンプル不足,-0.030127757278719188
v7,return_60d,60日モメンタム,60営業日の騰落率,True,業種,倉庫・運輸関連業,3d,3営業日,1,5,4,-0.005335805257596919,-0.0029928557636609288,0.25,サンプル不足,-0.021358915704262363
v7,return_60d,60日モメンタム,60営業日の騰落率,True,業種,倉庫・運輸関連業,3d,3営業日,2,6,5,0.010643408448412724,0.0028653295128939,0.6,サンプル不足,-0.021358915704262363
v7,return_60d,60日モメンタム,60営業日の騰落率,True,業種,倉庫・運輸関連業,3d,3営業日,3,3,3,-0.011542927133260892,-0.013067828251400071,0.0,サンプル不足,-0.021358915704262363
v7,return_60d,60日モメンタム,60営業日の騰落率,True,業種,倉庫・運輸関連業,3d,3営業日,4,2,2,0.019154678880781928,0.019154678880781928,0.5,サンプル不足,-0.021358915704262363
v7,return_60d,60日モメンタム,60営業日の騰落率,True,業種,倉庫・運輸関連業,3d,3営業日,5,3,3,-0.02669472096185928,0.03186646433990892,0.6666666666666666,サンプル不足,-0.021358915704262363
v7,return_60d,60日モメンタム,60営業日の騰落率,True,業種,倉庫・運輸関連業,5d,5営業日,1,5,4,0.0033055828061019847,0.0065190430395571,0.5,サンプル不足,-0.024646262724046512
v7,return_60d,60日モメンタム,60営業日の騰落率,True,業種,倉庫・運輸関連業,5d,5営業日,2,6,5,0.0007551162250094099,-0.008823529411764675,0.4,サンプル不足,-0.024646262724046512
v7,return_60d,60日モメンタム,60営業日の騰落率,True,業種,倉庫・運輸関連業,5d,5営業日,3,3,3,-0.026770242212753703,-0.0234833659491193,0.0,サンプル不足,-0.024646262724046512
v7,return_60d,60日モメンタム,60営業日の騰落率,True,業種,倉庫・運輸関連業,5d,5営業日,4,2,2,0.06387245763036964,0.06387245763036964,1.0,サンプル不足,-0.024646262724046512
v7,return_60d,60日モメンタム,60営業日の騰落率,True,業種,倉庫・運輸関連業,5d,5営業日,5,3,3,-0.021340679917944527,0.04703247480403139,0.6666666666666666,サンプル不足,-0.024646262724046512
v7,return_60d,60日モメンタム,60営業日の騰落率,True,業種,化学,10d,10営業日,1,58,42,-0.027603619839254384,-0.01071671773918964,0.5,評価可能,-0.053258591743718525
v7,return_60d,60日モメンタム,60営業日の騰落率,True,業種,化学,10d,10営業日,2,69,46,-0.002422949175340608,0.0055705888059581765,0.5217391304347826,評価可能,-0.053258591743718525
v7,return_60d,60日モメンタム,60営業日の騰落率,True,業種,化学,10d,10営業日,3,60,47,-0.03658371995121732,-0.013021525378687171,0.44680851063829785,評価可能,-0.053258591743718525
v7,return_60d,60日モメンタム,60営業日の騰落率,True,業種,化学,10d,10営業日,4,48,34,-0.08992148921844395,-0.07247956067769899,0.11764705882352941,評価可能,-0.053258591743718525
v7,return_60d,60日モメンタム,60営業日の騰落率,True,業種,化学,10d,10営業日,5,33,17,-0.08086221158297291,-0.06081234399818469,0.23529411764705882,サンプル不足,-0.053258591743718525
v7,return_60d,60日モメンタム,60営業日の騰落率,True,業種,化学,1d,1営業日,1,58,55,-0.012760780811725112,-0.012389380530973493,0.32727272727272727,評価可能,0.01819701722910066
v7,return_60d,60日モメンタム,60営業日の騰落率,True,業種,化学,1d,1営業日,2,69,65,0.007947984194404326,-0.0008211304228821215,0.46153846153846156,評価可能,0.01819701722910066
v7,return_60d,60日モメンタム,60営業日の騰落率,True,業種,化学,1d,1営業日,3,60,56,-0.00980364193356917,-0.00731460347296814,0.35714285714285715,評価可能,0.01819701722910066
v7,return_60d,60日モメンタム,60営業日の騰落率,True,業種,化学,1d,1営業日,4,48,46,-0.01179806783509212,-0.011717885442742104,0.32608695652173914,評価可能,0.01819701722910066
v7,return_60d,60日モメンタム,60営業日の騰落率,True,業種,化学,1d,1営業日,5,33,31,0.00543623641737555,0.019839755818390037,0.6451612903225806,評価可能,0.01819701722910066
v7,return_60d,60日モメンタム,60営業日の騰落率,True,業種,化学,3d,3営業日,1,58,51,-0.02429093789116177,-0.01622971285892638,0.35294117647058826,評価可能,0.01794299506393593
v7,return_60d,60日モメンタム,60営業日の騰落率,True,業種,化学,3d,3営業日,2,69,56,0.005638225407228683,0.002599666721005607,0.5357142857142857,評価可能,0.01794299506393593
v7,return_60d,60日モメンタム,60営業日の騰落率,True,業種,化学,3d,3営業日,3,60,53,-0.010395090734534112,-0.013412496285938547,0.3584905660377358,評価可能,0.01794299506393593
v7,return_60d,60日モメンタム,60営業日の騰落率,True,業種,化学,3d,3営業日,4,48,43,-0.029859373966612892,-0.026520225020091104,0.2558139534883721,評価可能,0.01794299506393593
v7,return_60d,60日モメンタム,60営業日の騰落率,True,業種,化学,3d,3営業日,5,33,27,-0.006347942827225843,-0.012944983818770184,0.4444444444444444,サンプル不足,0.01794299506393593
v7,return_60d,60日モメンタム,60営業日の騰落率,True,業種,化学,5d,5営業日,1,58,46,-0.02061094428674588,-0.023903161298136966,0.391304347826087,評価可能,0.020009218802388293
v7,return_60d,60日モメンタム,60営業日の騰落率,True,業種,化学,5d,5営業日,2,69,53,-0.0007018732304308643,-0.0031806615776081015,0.4716981132075472,評価可能,0.020009218802388293
v7,return_60d,60日モメンタム,60営業日の騰落率,True,業種,化学,5d,5営業日,3,60,49,-0.00447818799090334,0.0005485463521668343,0.5102040816326531,評価可能,0.020009218802388293
v7,return_60d,60日モメンタム,60営業日の騰落率,True,業種,化学,5d,5営業日,4,48,41,-0.062184133259434164,-0.03345880384776245,0.1951219512195122,評価可能,0.020009218802388293
v7,return_60d,60日モメンタム,60営業日の騰落率,True,業種,化学,5d,5営業日,5,33,25,-0.000601725484357587,-0.012944983818770184,0.44,サンプル不足,0.020009218802388293
v7,return_60d,60日モメンタム,60営業日の騰落率,True,業種,医薬品,10d,10営業日,1,26,17,-0.022971600957398766,-0.01912181303116145,0.4117647058823529,サンプル不足,-0.11480617682037893
v7,return_60d,60日モメンタム,60営業日の騰落率,True,業種,医薬品,10d,10営業日,2,6,4,-0.048899471869441005,-0.03396996903522809,0.25,サンプル不足,-0.11480617682037893
v7,return_60d,60日モメンタム,60営業日の騰落率,True,業種,医薬品,10d,10営業日,3,2,1,-0.4358974358974359,-0.4358974358974359,0.0,サンプル不足,-0.11480617682037893
v7,return_60d,60日モメンタム,60営業日の騰落率,True,業種,医薬品,10d,10営業日,4,1,1,-0.1377777777777777,-0.1377777777777777,0.0,サンプル不足,-0.11480617682037893
v7,return_60d,60日モメンタム,60営業日の騰落率,True,業種,医薬品,1d,1営業日,1,26,26,-0.010351014534916185,-0.0057792023920058,0.2692307692307692,サンプル不足,0.021291185475086984
v7,return_60d,60日モメンタム,60営業日の騰落率,True,業種,医薬品,1d,1営業日,2,6,6,-0.05346733533558246,-0.022158557132388457,0.3333333333333333,サンプル不足,0.021291185475086984
v7,return_60d,60日モメンタム,60営業日の騰落率,True,業種,医薬品,1d,1営業日,3,2,2,-0.17269286754002908,-0.17269286754002908,0.0,サンプル不足,0.021291185475086984
v7,return_60d,60日モメンタム,60営業日の騰落率,True,業種,医薬品,1d,1営業日,4,1,1,0.0109401709401708,0.0109401709401708,1.0,サンプル不足,0.021291185475086984
v7,return_60d,60日モメンタム,60営業日の騰落率,True,業種,医薬品,3d,3営業日,1,26,24,-0.020814766710817566,-0.01445052556648271,0.3333333333333333,サンプル不足,-0.04892882303277213
v7,return_60d,60日モメンタム,60営業日の騰落率,True,業種,医薬品,3d,3営業日,2,6,6,-0.05380162958647764,-0.022236956944230224,0.5,サンプル不足,-0.04892882303277213
v7,return_60d,60日モメンタム,60営業日の騰落率,True,業種,医薬品,3d,3営業日,3,2,1,-0.4102564102564102,-0.4102564102564102,0.0,サンプル不足,-0.04892882303277213
v7,return_60d,60日モメンタム,60営業日の騰落率,True,業種,医薬品,3d,3営業日,4,1,1,-0.0697435897435897,-0.0697435897435897,0.0,サンプル不足,-0.04892882303277213
v7,return_60d,60日モメンタム,60営業日の騰落率,True,業種,医薬品,5d,5営業日,1,26,24,-0.028412307404543712,-0.03232273547079251,0.3333333333333333,サンプル不足,-0.01945094045870419
v7,return_60d,60日モメンタム,60営業日の騰落率,True,業種,医薬品,5d,5営業日,2,6,6,-0.06189745953676001,-0.06525393748476782,0.3333333333333333,サンプル不足,-0.01945094045870419
v7,return_60d,60日モメンタム,60営業日の騰落率,True,業種,医薬品,5d,5営業日,3,2,1,-0.4017094017094017,-0.4017094017094017,0.0,サンプル不足,-0.01945094045870419
v7,return_60d,60日モメンタム,60営業日の騰落率,True,業種,医薬品,5d,5営業日,4,1,1,-0.0478632478632479,-0.0478632478632479,0.0,サンプル不足,-0.01945094045870419
v7,return_60d,60日モメンタム,60営業日の騰落率,True,業種,卸売業,10d,10営業日,1,44,29,-0.01765465719860273,-0.024010671409515294,0.3448275862068966,サンプル不足,-0.028145723263966596
v7,return_60d,60日モメンタム,60営業日の騰落率,True,業種,卸売業,10d,10営業日,2,36,26,0.011913100807084631,0.006156285493231273,0.5,サンプル不足,-0.028145723263966596
v7,return_60d,60日モメンタム,60営業日の騰落率,True,業種,卸売業,10d,10営業日,3,41,28,0.015397644588861222,0.02364869392733171,0.5357142857142857,サンプル不足,-0.028145723263966596
v7,return_60d,60日モメンタム,60営業日の騰落率,True,業種,卸売業,10d,10営業日,4,34,17,-0.011807634386449783,0.0,0.47058823529411764,サンプル不足,-0.028145723263966596
v7,return_60d,60日モメンタム,60営業日の騰落率,True,業種,卸売業,10d,10営業日,5,41,9,-0.045800380462569325,-0.037037037037037,0.4444444444444444,サンプル不足,-0.028145723263966596
v7,return_60d,60日モメンタム,60営業日の騰落率,True,業種,卸売業,1d,1営業日,1,44,41,-0.006130896747503351,-0.0034482758620689,0.36585365853658536,評価可能,0.02607662269263428
v7,return_60d,60日モメンタム,60営業日の騰落率,True,業種,卸売業,1d,1営業日,2,36,34,-0.0007469342897252672,-0.008455673075354525,0.35294117647058826,評価可能,0.02607662269263428
v7,return_60d,60日モメンタム,60営業日の騰落率,True,業種,卸売業,1d,1営業日,3,41,40,0.015220342265244591,0.01400356205474318,0.675,評価可能,0.02607662269263428
v7,return_60d,60日モメンタム,60営業日の騰落率,True,業種,卸売業,1d,1営業日,4,34,33,0.0025623271182936076,0.0004568296025582175,0.5151515151515151,評価可能,0.02607662269263428
v7,return_60d,60日モメンタム,60営業日の騰落率,True,業種,卸売業,1d,1営業日,5,41,36,0.01994572594513093,0.00986626741666996,0.5555555555555556,評価可能,0.02607662269263428
v7,return_60d,60日モメンタム,60営業日の騰落率,True,業種,卸売業,3d,3営業日,1,44,39,-0.009138776340963856,-0.00838788870703766,0.3333333333333333,評価可能,0.025892883002900838
v7,return_60d,60日モメンタム,60営業日の騰落率,True,業種,卸売業,3d,3営業日,2,36,29,-0.002483935920925071,-0.0022388059701492,0.4482758620689655,サンプル不足,0.025892883002900838
v7,return_60d,60日モメンタム,60営業日の騰落率,True,業種,卸売業,3d,3営業日,3,41,40,0.02272708281984783,0.0272983887513506,0.65,評価可能,0.025892883002900838
v7,return_60d,60日モメンタム,60営業日の騰落率,True,業種,卸売業,3d,3営業日,4,34,26,-0.0202238945014838,-0.03874173936029607,0.34615384615384615,サンプル不足,0.025892883002900838
v7,return_60d,60日モメンタム,60営業日の騰落率,True,業種,卸売業,3d,3営業日,5,41,32,0.016754106661936982,-0.0020498569435756786,0.5,評価可能,0.025892883002900838
v7,return_60d,60日モメンタム,60営業日の騰落率,True,業種,卸売業,5d,5営業日,1,44,35,-0.007579328210557522,-0.0137931034482758,0.37142857142857144,評価可能,0.026308871281909674
v7,return_60d,60日モメンタム,60営業日の騰落率,True,業種,卸売業,5d,5営業日,2,36,27,-0.0004186126747030633,-0.004120879120879106,0.4074074074074074,サンプル不足,0.026308871281909674
v7,return_60d,60日モメンタム,60営業日の騰落率,True,業種,卸売業,5d,5営業日,3,41,35,0.01350341083142562,0.014285714285714235,0.6285714285714286,評価可能,0.026308871281909674
v7,return_60d,60日モメンタム,60営業日の騰落率,True,業種,卸売業,5d,5営業日,4,34,23,-0.014789905796471664,-0.022222222222222254,0.391304347826087,サンプル不足,0.026308871281909674
v7,return_60d,60日モメンタム,60営業日の騰落率,True,業種,卸売業,5d,5営業日,5,41,23,0.01872954307135215,0.0,0.4782608695652174,サンプル不足,0.026308871281909674
v7,return_60d,60日モメンタム,60営業日の騰落率,True,業種,小売業,10d,10営業日,1,48,40,0.03618758805610143,0.03108094523849203,0.675,評価可能,-0.06606459978827639
v7,return_60d,60日モメンタム,60営業日の騰落率,True,業種,小売業,10d,10営業日,2,52,45,0.03584210652066041,0.0223463687150837,0.6888888888888889,評価可能,-0.06606459978827639
v7,return_60d,60日モメンタム,60営業日の騰落率,True,業種,小売業,10d,10営業日,3,53,33,-0.01533642540691903,-0.014415481832543486,0.36363636363636365,評価可能,-0.06606459978827639
v7,return_60d,60日モメンタム,60営業日の騰落率,True,業種,小売業,10d,10営業日,4,39,31,0.006062782383154107,0.008506616257088817,0.5161290322580645,評価可能,-0.06606459978827639
v7,return_60d,60日モメンタム,60営業日の騰落率,True,業種,小売業,10d,10営業日,5,31,18,-0.029877011732174955,-0.04519378012907327,0.2777777777777778,サンプル不足,-0.06606459978827639
v7,return_60d,60日モメンタム,60営業日の騰落率,True,業種,小売業,1d,1営業日,1,48,48,0.002603772771528103,-0.0006513243595310247,0.4791666666666667,評価可能,-0.004966189706469077
v7,return_60d,60日モメンタム,60営業日の騰落率,True,業種,小売業,1d,1営業日,2,52,52,7.531368828794314e-05,-0.0032322625480449285,0.40384615384615385,評価可能,-0.004966189706469077
v7,return_60d,60日モメンタム,60営業日の騰落率,True,業種,小売業,1d,1営業日,3,53,52,0.00014337346402901465,-0.002402121755135,0.38461538461538464,評価可能,-0.004966189706469077
v7,return_60d,60日モメンタム,60営業日の騰落率,True,業種,小売業,1d,1営業日,4,39,37,0.005269895873217659,0.0035698348951360703,0.5405405405405406,評価可能,-0.004966189706469077
v7,return_60d,60日モメンタム,60営業日の騰落率,True,業種,小売業,1d,1営業日,5,31,30,-0.0023624169349409736,-0.0022752375128680734,0.43333333333333335,評価可能,-0.004966189706469077
v7,return_60d,60日モメンタム,60営業日の騰落率,True,業種,小売業,3d,3営業日,1,48,48,0.0036132581055331042,-0.00044503782821542215,0.4791666666666667,評価可能,-0.003150257693755324
v7,return_60d,60日モメンタム,60営業日の騰落率,True,業種,小売業,3d,3営業日,2,52,52,0.015056911997830436,0.01002630533634441,0.5769230769230769,評価可能,-0.003150257693755324
v7,return_60d,60日モメンタム,60営業日の騰落率,True,業種,小売業,3d,3営業日,3,53,48,0.00024758205035709896,-0.00715308579235735,0.4375,評価可能,-0.003150257693755324
v7,return_60d,60日モメンタム,60営業日の騰落率,True,業種,小売業,3d,3営業日,4,39,36,-0.0004189658862125273,-0.0042120591090497005,0.4722222222222222,評価可能,-0.003150257693755324
v7,return_60d,60日モメンタム,60営業日の騰落率,True,業種,小売業,3d,3営業日,5,31,28,0.00046300041177778015,-0.00012798988127059996,0.5,サンプル不足,-0.003150257693755324
v7,return_60d,60日モメンタム,60営業日の騰落率,True,業種,小売業,5d,5営業日,1,48,48,0.0071906524506350255,0.006139709136730675,0.5416666666666666,評価可能,-0.026001534561316177
v7,return_60d,60日モメンタム,60営業日の騰落率,True,業種,小売業,5d,5営業日,2,52,50,0.023001025867821122,0.0134417864409004,0.6,評価可能,-0.026001534561316177
v7,return_60d,60日モメンタム,60営業日の騰落率,True,業種,小売業,5d,5営業日,3,53,46,-0.0011668328005014785,-0.007499807700591221,0.391304347826087,評価可能,-0.026001534561316177
v7,return_60d,60日モメンタム,60営業日の騰落率,True,業種,小売業,5d,5営業日,4,39,35,0.005784082497167404,0.004847129008202833,0.5714285714285714,評価可能,-0.026001534561316177
v7,return_60d,60日モメンタム,60営業日の騰落率,True,業種,小売業,5d,5営業日,5,31,27,-0.018810882110681153,-0.01573502334584198,0.4074074074074074,サンプル不足,-0.026001534561316177
v7,return_60d,60日モメンタム,60営業日の騰落率,True,業種,建設業,10d,10営業日,1,20,15,-0.03866699886347438,-0.0290096698899633,0.2,サンプル不足,-0.09487335701102279
v7,return_60d,60日モメンタム,60営業日の騰落率,True,業種,建設業,10d,10営業日,2,15,12,-0.0172526169592878,-0.019280721682322702,0.4166666666666667,サンプル不足,-0.09487335701102279
v7,return_60d,60日モメンタム,60営業日の騰落率,True,業種,建設業,10d,10営業日,3,6,4,-0.03287326937326934,-0.05362749112749105,0.25,サンプル不足,-0.09487335701102279
v7,return_60d,60日モメンタム,60営業日の騰落率,True,業種,建設業,10d,10営業日,4,9,6,-0.08800869976924097,-0.06382641921397376,0.16666666666666666,サンプル不足,-0.09487335701102279
v7,return_60d,60日モメンタム,60営業日の騰落率,True,業種,建設業,10d,10営業日,5,9,8,-0.13354035587449717,-0.1149797993280856,0.0,サンプル不足,-0.09487335701102279
v7,return_60d,60日モメンタム,60営業日の騰落率,True,業種,建設業,1d,1営業日,1,20,20,-0.02082461427119128,-0.01547971630677398,0.25,サンプル不足,-0.013617031833704534
v7,return_60d,60日モメンタム,60営業日の騰落率,True,業種,建設業,1d,1営業日,2,15,15,-0.012501652889651698,-0.011428571428571455,0.2,サンプル不足,-0.013617031833704534
v7,return_60d,60日モメンタム,60営業日の騰落率,True,業種,建設業,1d,1営業日,3,6,6,-0.00979024105619848,-0.008362884160756458,0.16666666666666666,サンプル不足,-0.013617031833704534
v7,return_60d,60日モメンタム,60営業日の騰落率,True,業種,建設業,1d,1営業日,4,9,8,-0.012984894541578805,-0.026398159700561467,0.375,サンプル不足,-0.013617031833704534
v7,return_60d,60日モメンタム,60営業日の騰落率,True,業種,建設業,1d,1営業日,5,9,9,-0.034441646104895814,-0.0287907869481766,0.1111111111111111,サンプル不足,-0.013617031833704534
v7,return_60d,60日モメンタム,60営業日の騰落率,True,業種,建設業,3d,3営業日,1,20,17,-0.017730370553289857,-0.014204129447942582,0.4117647058823529,サンプル不足,-0.04007907548671412
v7,return_60d,60日モメンタム,60営業日の騰落率,True,業種,建設業,3d,3営業日,2,15,15,-0.016520826823084884,0.0,0.4666666666666667,サンプル不足,-0.04007907548671412
v7,return_60d,60日モメンタム,60営業日の騰落率,True,業種,建設業,3d,3営業日,3,6,6,0.002443704619236499,-0.0009582309582309607,0.5,サンプル不足,-0.04007907548671412
v7,return_60d,60日モメンタム,60営業日の騰落率,True,業種,建設業,3d,3営業日,4,9,7,-0.06097931741851526,-0.053589831672964605,0.0,サンプル不足,-0.04007907548671412
v7,return_60d,60日モメンタム,60営業日の騰落率,True,業種,建設業,3d,3営業日,5,9,9,-0.05780944604000398,-0.0493827160493827,0.3333333333333333,サンプル不足,-0.04007907548671412
v7,return_60d,60日モメンタム,60営業日の騰落率,True,業種,建設業,5d,5営業日,1,20,17,-0.01323578420929797,-0.021397485493230173,0.35294117647058826,サンプル不足,-0.08232575091595357
v7,return_60d,60日モメンタム,60営業日の騰落率,True,業種,建設業,5d,5営業日,2,15,13,-0.019857979256783807,-0.0084033613445377,0.38461538461538464,サンプル不足,-0.08232575091595357
v7,return_60d,60日モメンタム,60営業日の騰落率,True,業種,建設業,5d,5営業日,3,6,6,0.005912659758404451,0.002088452088452069,0.5,サンプル不足,-0.08232575091595357
v7,return_60d,60日モメンタム,60営業日の騰落率,True,業種,建設業,5d,5営業日,4,9,7,-0.05658615779935648,-0.0797266514806378,0.14285714285714285,サンプル不足,-0.08232575091595357
v7,return_60d,60日モメンタム,60営業日の騰落率,True,業種,建設業,5d,5営業日,5,9,8,-0.09556153512525153,-0.09418977147681482,0.0,サンプル不足,-0.08232575091595357
v7,return_60d,60日モメンタム,60営業日の騰落率,True,業種,情報・通信業,10d,10営業日,1,123,87,0.01942716929068827,0.020994937090751176,0.6666666666666666,評価可能,-0.0556394128521456
v7,return_60d,60日モメンタム,60営業日の騰落率,True,業種,情報・通信業,10d,10営業日,2,125,91,0.015889427724131593,0.0045317220543805,0.5164835164835165,評価可能,-0.0556394128521456
v7,return_60d,60日モメンタム,60営業日の騰落率,True,業種,情報・通信業,10d,10営業日,3,87,68,0.00667999716946821,0.00610181311018132,0.5,評価可能,-0.0556394128521456
v7,return_60d,60日モメンタム,60営業日の騰落率,True,業種,情報・通信業,10d,10営業日,4,88,64,0.03245125956789848,0.008908975932745644,0.53125,評価可能,-0.0556394128521456
v7,return_60d,60日モメンタム,60営業日の騰落率,True,業種,情報・通信業,10d,10営業日,5,116,66,-0.03621224356145734,-0.045610928408803444,0.36363636363636365,評価可能,-0.0556394128521456
v7,return_60d,60日モメンタム,60営業日の騰落率,True,業種,情報・通信業,1d,1営業日,1,123,120,0.0011898660890360968,-0.0026307168875867037,0.45,評価可能,-0.00808408420211415
v7,return_60d,60日モメンタム,60営業日の騰落率,True,業種,情報・通信業,1d,1営業日,2,125,124,-0.0016345617130491326,-0.0018898221782192397,0.45161290322580644,評価可能,-0.00808408420211415
v7,return_60d,60日モメンタム,60営業日の騰落率,True,業種,情報・通信業,1d,1営業日,3,87,86,0.007426872975625279,0.001579670329670324,0.5232558139534884,評価可能,-0.00808408420211415
v7,return_60d,60日モメンタム,60営業日の騰落率,True,業種,情報・通信業,1d,1営業日,4,88,83,0.006638779967390566,-0.0017452006980802626,0.4578313253012048,評価可能,-0.00808408420211415
v7,return_60d,60日モメンタム,60営業日の騰落率,True,業種,情報・通信業,1d,1営業日,5,116,114,-0.0068942181130780536,-0.006845287318301252,0.3684210526315789,評価可能,-0.00808408420211415
v7,return_60d,60日モメンタム,60営業日の騰落率,True,業種,情報・通信業,3d,3営業日,1,123,116,-0.007265378306190749,-0.004455322303941467,0.43103448275862066,評価可能,-0.0028962802635765887
v7,return_60d,60日モメンタム,60営業日の騰落率,True,業種,情報・通信業,3d,3営業日,2,125,120,0.001518977462234274,0.0029246054803735433,0.5333333333333333,評価可能,-0.0028962802635765887
v7,return_60d,60日モメンタム,60営業日の騰落率,True,業種,情報・通信業,3d,3営業日,3,87,80,-0.0007997189419827619,-0.007512938950414605,0.45,評価可能,-0.0028962802635765887
v7,return_60d,60日モメンタム,60営業日の騰落率,True,業種,情報・通信業,3d,3営業日,4,88,80,0.015566353622593043,0.00344134342478708,0.55,評価可能,-0.0028962802635765887
v7,return_60d,60日モメンタム,60営業日の騰落率,True,業種,情報・通信業,3d,3営業日,5,116,105,-0.010161658569767338,-0.025585193249863858,0.3523809523809524,評価可能,-0.0028962802635765887
v7,return_60d,60日モメンタム,60営業日の騰落率,True,業種,情報・通信業,5d,5営業日,1,123,111,-0.0020487703374961813,0.0020408163265306367,0.5225225225225225,評価可能,-0.020907227206485964
v7,return_60d,60日モメンタム,60営業日の騰落率,True,業種,情報・通信業,5d,5営業日,2,125,112,0.009102806223792543,0.004701677923832359,0.5535714285714286,評価可能,-0.020907227206485964
v7,return_60d,60日モメンタム,60営業日の騰落率,True,業種,情報・通信業,5d,5営業日,3,87,76,-0.010267113303575904,-0.010886192178195123,0.4473684210526316,評価可能,-0.020907227206485964
v7,return_60d,60日モメンタム,60営業日の騰落率,True,業種,情報・通信業,5d,5営業日,4,88,75,0.025512646815526386,0.0,0.48,評価可能,-0.020907227206485964
v7,return_60d,60日モメンタム,60営業日の騰落率,True,業種,情報・通信業,5d,5営業日,5,116,92,-0.022955997543982146,-0.028457780418564727,0.30434782608695654,評価可能,-0.020907227206485964
v7,return_60d,60日モメンタム,60営業日の騰落率,True,業種,機械,10d,10営業日,1,33,21,-0.02768056111558919,-0.0372670807453415,0.23809523809523808,サンプル不足,-0.09549218003782875
v7,return_60d,60日モメンタム,60営業日の騰落率,True,業種,機械,10d,10営業日,2,36,22,-0.03807002020162315,-0.0274761447815245,0.22727272727272727,サンプル不足,-0.09549218003782875
v7,return_60d,60日モメンタム,60営業日の騰落率,True,業種,機械,10d,10営業日,3,33,23,-0.07776597564838879,-0.06622516556291391,0.13043478260869565,サンプル不足,-0.09549218003782875
v7,return_60d,60日モメンタム,60営業日の騰落率,True,業種,機械,10d,10営業日,4,48,43,-0.07825138109573188,-0.07428417071853055,0.06976744186046512,評価可能,-0.09549218003782875
v7,return_60d,60日モメンタム,60営業日の騰落率,True,業種,機械,10d,10営業日,5,55,51,-0.12317274115341795,-0.11989459815546777,0.21568627450980393,評価可能,-0.09549218003782875
v7,return_60d,60日モメンタム,60営業日の騰落率,True,業種,機械,1d,1営業日,1,33,31,-0.0025444093009561373,-0.005296610169491567,0.45161290322580644,評価可能,-0.006243119921776209
v7,return_60d,60日モメンタム,60営業日の騰落率,True,業種,機械,1d,1営業日,2,36,34,-0.004083259147621678,-0.00750073461339551,0.4117647058823529,評価可能,-0.006243119921776209
v7,return_60d,60日モメンタム,60営業日の騰落率,True,業種,機械,1d,1営業日,3,33,32,-0.010050701739624478,-0.014348841554559066,0.375,評価可能,-0.006243119921776209
v7,return_60d,60日モメンタム,60営業日の騰落率,True,業種,機械,1d,1営業日,4,48,48,-0.0065930624061438245,-0.004078787822597567,0.4166666666666667,評価可能,-0.006243119921776209
v7,return_60d,60日モメンタム,60営業日の騰落率,True,業種,機械,1d,1営業日,5,55,54,-0.008787529222732347,-0.013318526093764993,0.42592592592592593,評価可能,-0.006243119921776209
v7,return_60d,60日モメンタム,60営業日の騰落率,True,業種,機械,3d,3営業日,1,33,28,-0.017550570667335664,-0.016443212016175584,0.39285714285714285,サンプル不足,-0.010944750582333053
v7,return_60d,60日モメンタム,60営業日の騰落率,True,業種,機械,3d,3営業日,2,36,30,-0.016982217576560602,-0.019941635954619168,0.26666666666666666,評価可能,-0.010944750582333053
v7,return_60d,60日モメンタム,60営業日の騰落率,True,業種,機械,3d,3営業日,3,33,28,-0.023699974985770693,-0.019630798312668285,0.25,サンプル不足,-0.010944750582333053
v7,return_60d,60日モメンタム,60営業日の騰落率,True,業種,機械,3d,3営業日,4,48,48,-0.03648361858281668,-0.03183148685397558,0.16666666666666666,評価可能,-0.010944750582333053
v7,return_60d,60日モメンタム,60営業日の騰落率,True,業種,機械,3d,3営業日,5,55,53,-0.028495321249668717,-0.009383378016085797,0.4339622641509434,評価可能,-0.010944750582333053
v7,return_60d,60日モメンタム,60営業日の騰落率,True,業種,機械,5d,5営業日,1,33,23,-0.03235538467543328,-0.03337431491361531,0.2608695652173913,サンプル不足,-0.03709115948917022
v7,return_60d,60日モメンタム,60営業日の騰落率,True,業種,機械,5d,5営業日,2,36,28,-0.02635739517635905,-0.022119856675051064,0.35714285714285715,サンプル不足,-0.03709115948917022
v7,return_60d,60日モメンタム,60営業日の騰落率,True,業種,機械,5d,5営業日,3,33,26,-0.05464329258982855,-0.0523237903744157,0.23076923076923078,サンプル不足,-0.03709115948917022
v7,return_60d,60日モメンタム,60営業日の騰落率,True,業種,機械,5d,5営業日,4,48,47,-0.05197930454062456,-0.0532110091743118,0.14893617021276595,評価可能,-0.03709115948917022
v7,return_60d,60日モメンタム,60営業日の騰落率,True,業種,機械,5d,5営業日,5,55,53,-0.0694465441646035,-0.08678500986193294,0.3018867924528302,評価可能,-0.03709115948917022
v7,return_60d,60日モメンタム,60営業日の騰落率,True,業種,海運業,10d,10営業日,1,11,6,0.054612454731856906,0.044301110654051845,1.0,サンプル不足,0.0181524686451228
v7,return_60d,60日モメンタム,60営業日の騰落率,True,業種,海運業,10d,10営業日,2,5,3,0.008854249988201354,0.010175438596491171,0.6666666666666666,サンプル不足,0.0181524686451228
v7,return_60d,60日モメンタム,60営業日の騰落率,True,業種,海運業,10d,10営業日,3,5,2,0.0727649233769797,0.0727649233769797,1.0,サンプル不足,0.0181524686451228
v7,return_60d,60日モメンタム,60営業日の騰落率,True,業種,海運業,10d,10営業日,4,1,0,,,,サンプル不足,0.0181524686451228
v7,return_60d,60日モメンタム,60営業日の騰落率,True,業種,海運業,1d,1営業日,1,11,10,0.01004807853248576,0.01046838034895814,0.8,サンプル不足,-0.01100777143075834
v7,return_60d,60日モメンタム,60営業日の騰落率,True,業種,海運業,1d,1営業日,2,5,5,0.009255722448995373,0.014029479666133993,0.8,サンプル不足,-0.01100777143075834
v7,return_60d,60日モメンタム,60営業日の騰落率,True,業種,海運業,1d,1営業日,3,5,5,0.012574409281374188,0.006451612903225712,0.8,サンプル不足,-0.01100777143075834
v7,return_60d,60日モメンタム,60営業日の騰落率,True,業種,海運業,1d,1営業日,4,1,1,-0.0009596928982725794,-0.0009596928982725794,0.0,サンプル不足,-0.01100777143075834
v7,return_60d,60日モメンタム,60営業日の騰落率,True,業種,海運業,3d,3営業日,1,11,8,0.024840927049360195,0.0207463609352021,1.0,サンプル不足,-0.021961848354542568
v7,return_60d,60日モメンタム,60営業日の騰落率,True,業種,海運業,3d,3営業日,2,5,5,0.02096179034800425,0.012253596164091718,1.0,サンプル不足,-0.021961848354542568
v7,return_60d,60日モメンタム,60営業日の騰落率,True,業種,海運業,3d,3営業日,3,5,5,0.01594178483321389,0.011290322580645107,0.6,サンプル不足,-0.021961848354542568
v7,return_60d,60日モメンタム,60営業日の騰落率,True,業種,海運業,3d,3営業日,4,1,1,0.0028790786948176272,0.0028790786948176272,1.0,サンプル不足,-0.021961848354542568
v7,return_60d,60日モメンタム,60営業日の騰落率,True,業種,海運業,5d,5営業日,1,11,6,0.029930681945802912,0.02569987462923884,0.8333333333333334,サンプル不足,0.01349365289033531
v7,return_60d,60日モメンタム,60営業日の騰落率,True,業種,海運業,5d,5営業日,2,5,4,0.016123651783623738,0.01627578875872071,1.0,サンプル不足,0.01349365289033531
v7,return_60d,60日モメンタム,60営業日の騰落率,True,業種,海運業,5d,5営業日,3,5,4,0.04342433483613822,0.03827755635439056,1.0,サンプル不足,0.01349365289033531
v7,return_60d,60日モメンタム,60営業日の騰落率,True,業種,海運業,5d,5営業日,4,1,0,,,,サンプル不足,0.01349365289033531
v7,return_60d,60日モメンタム,60営業日の騰落率,True,業種,石油・石炭製品,10d,10営業日,1,6,5,-0.007958794396781353,-0.009373828271466045,0.4,サンプル不足,-0.06617913663770135
v7,return_60d,60日モメンタム,60営業日の騰落率,True,業種,石油・石炭製品,10d,10営業日,3,1,1,-0.0037593984962406,-0.0037593984962406,0.0,サンプル不足,-0.06617913663770135
v7,return_60d,60日モメンタム,60営業日の騰落率,True,業種,石油・石炭製品,10d,10営業日,4,1,1,-0.0741379310344827,-0.0741379310344827,0.0,サンプル不足,-0.06617913663770135
v7,return_60d,60日モメンタム,60営業日の騰落率,True,業種,石油・石炭製品,1d,1営業日,1,6,6,-0.03736442276317817,-0.019929288499954456,0.16666666666666666,サンプル不足,-0.04539419792647703
v7,return_60d,60日モメンタム,60営業日の騰落率,True,業種,石油・石炭製品,1d,1営業日,3,1,1,0.019736842105263,0.019736842105263,1.0,サンプル不足,-0.04539419792647703
v7,return_60d,60日モメンタム,60営業日の騰落率,True,業種,石油・石炭製品,1d,1営業日,4,1,1,-0.0827586206896552,-0.0827586206896552,0.0,サンプル不足,-0.04539419792647703
v7,return_60d,60日モメンタム,60営業日の騰落率,True,業種,石油・石炭製品,3d,3営業日,1,6,6,-0.04073243946265021,-0.03202441417641093,0.0,サンプル不足,-0.02435376743390149
v7,return_60d,60日モメンタム,60営業日の騰落率,True,業種,石油・石炭製品,3d,3営業日,3,1,1,-0.0300751879699248,-0.0300751879699248,0.0,サンプル不足,-0.02435376743390149
v7,return_60d,60日モメンタム,60営業日の騰落率,True,業種,石油・石炭製品,3d,3営業日,4,1,1,-0.0650862068965517,-0.0650862068965517,0.0,サンプル不足,-0.02435376743390149
v7,return_60d,60日モメンタム,60営業日の騰落率,True,業種,石油・石炭製品,5d,5営業日,1,6,6,-0.0379759743315363,-0.02077750752360147,0.3333333333333333,サンプル不足,-0.06590333601329121
v7,return_60d,60日モメンタム,60営業日の騰落率,True,業種,石油・石炭製品,5d,5営業日,3,1,1,0.0263157894736842,0.0263157894736842,1.0,サンプル不足,-0.06590333601329121
v7,return_60d,60日モメンタム,60営業日の騰落率,True,業種,石油・石炭製品,5d,5営業日,4,1,1,-0.1038793103448275,-0.1038793103448275,0.0,サンプル不足,-0.06590333601329121
v7,return_60d,60日モメンタム,60営業日の騰落率,True,業種,空運業,10d,10営業日,1,1,1,-0.02740836847226724,-0.02740836847226724,0.0,サンプル不足,0.013441516128896621
v7,return_60d,60日モメンタム,60営業日の騰落率,True,業種,空運業,10d,10営業日,3,4,3,-0.01396685234337062,-0.03454001992693456,0.3333333333333333,サンプル不足,0.013441516128896621
v7,return_60d,60日モメンタム,60営業日の騰落率,True,業種,空運業,1d,1営業日,1,1,1,0.018488485241647812,0.018488485241647812,1.0,サンプル不足,-0.020771370294744823
v7,return_60d,60日モメンタム,60営業日の騰落率,True,業種,空運業,1d,1営業日,3,4,4,-0.0022828850530970113,-0.005174595995998843,0.25,サンプル不足,-0.020771370294744823
v7,return_60d,60日モメンタム,60営業日の騰落率,True,業種,空運業,3d,3営業日,1,1,1,0.02627311060655213,0.02627311060655213,1.0,サンプル不足,-0.02761206087204693
v7,return_60d,60日モメンタム,60営業日の騰落率,True,業種,空運業,3d,3営業日,3,4,4,-0.0013389502654947982,0.0039948869169613155,0.5,サンプル不足,-0.02761206087204693
v7,return_60d,60日モメンタム,60営業日の騰落率,True,業種,空運業,5d,5営業日,1,1,1,-0.009730781706130398,-0.009730781706130398,0.0,サンプル不足,0.008698525988710765
v7,return_60d,60日モメンタム,60営業日の騰落率,True,業種,空運業,5d,5営業日,3,4,4,-0.0010322557174196334,-0.0028222187321822467,0.5,サンプル不足,0.008698525988710765
v7,return_60d,60日モメンタム,60営業日の騰落率,True,業種,精密機器,10d,10営業日,1,7,4,-0.1733330812347516,-0.17229594748858446,0.0,サンプル不足,0.13455634222654628
v7,return_60d,60日モメンタム,60営業日の騰落率,True,業種,精密機器,10d,10営業日,2,9,6,-0.037316066447023434,-0.023513204058215498,0.3333333333333333,サンプル不足,0.13455634222654628
v7,return_60d,60日モメンタム,60営業日の騰落率,True,業種,精密機器,10d,10営業日,3,12,6,-0.06839236294408062,-0.07441757007458633,0.3333333333333333,サンプル不足,0.13455634222654628
v7,return_60d,60日モメンタム,60営業日の騰落率,True,業種,精密機器,10d,10営業日,4,12,7,-0.06675690846094598,-0.0709876543209876,0.14285714285714285,サンプル不足,0.13455634222654628
v7,return_60d,60日モメンタム,60営業日の騰落率,True,業種,精密機器,10d,10営業日,5,22,15,-0.038776739008205316,-0.06571242680546518,0.13333333333333333,サンプル不足,0.13455634222654628
v7,return_60d,60日モメンタム,60営業日の騰落率,True,業種,精密機器,1d,1営業日,1,7,6,-0.003537880207291705,-0.026256578510511143,0.16666666666666666,サンプル不足,0.01625218338477804
v7,return_60d,60日モメンタム,60営業日の騰落率,True,業種,精密機器,1d,1営業日,2,9,8,-0.0023584967184678424,0.0058402722202197666,0.625,サンプル不足,0.01625218338477804
v7,return_60d,60日モメンタム,60営業日の騰落率,True,業種,精密機器,1d,1営業日,3,12,11,0.0002172852837236571,-0.0022026431718061845,0.36363636363636365,サンプル不足,0.01625218338477804
v7,return_60d,60日モメンタム,60営業日の騰落率,True,業種,精密機器,1d,1営業日,4,12,11,0.025516520408383057,0.028231142479047122,0.6363636363636364,サンプル不足,0.01625218338477804
v7,return_60d,60日モメンタム,60営業日の騰落率,True,業種,精密機器,1d,1営業日,5,22,21,0.012714303177486333,0.008303677342823335,0.5714285714285714,サンプル不足,0.01625218338477804
v7,return_60d,60日モメンタム,60営業日の騰落率,True,業種,精密機器,3d,3営業日,1,7,6,-0.05904944223989591,-0.0896647421262147,0.16666666666666666,サンプル不足,0.09346930795475711
v7,return_60d,60日モメンタム,60営業日の騰落率,True,業種,精密機器,3d,3営業日,2,9,8,-0.03364217154214036,-0.00803106794794628,0.375,サンプル不足,0.09346930795475711
v7,return_60d,60日モメンタム,60営業日の騰落率,True,業種,精密機器,3d,3営業日,3,12,11,0.009128414095525743,-0.0071428571428571175,0.45454545454545453,サンプル不足,0.09346930795475711
v7,return_60d,60日モメンタム,60営業日の騰落率,True,業種,精密機器,3d,3営業日,4,12,10,-0.0016804021593839723,-0.013918106287584203,0.3,サンプル不足,0.09346930795475711
v7,return_60d,60日モメンタム,60営業日の騰落率,True,業種,精密機器,3d,3営業日,5,22,20,0.0344198657148612,0.0051635111876076,0.5,サンプル不足,0.09346930795475711
v7,return_60d,60日モメンタム,60営業日の騰落率,True,業種,精密機器,5d,5営業日,1,7,5,-0.10517216830984968,-0.1385416666666666,0.2,サンプル不足,0.13595857905755332
v7,return_60d,60日モメンタム,60営業日の騰落率,True,業種,精密機器,5d,5営業日,2,9,6,0.008327140213784834,0.034708098751258354,0.6666666666666666,サンプル不足,0.13595857905755332
v7,return_60d,60日モメンタム,60営業日の騰落率,True,業種,精密機器,5d,5営業日,3,12,11,0.01889587197601036,-0.00421940928270037,0.45454545454545453,サンプル不足,0.13595857905755332
v7,return_60d,60日モメンタム,60営業日の騰落率,True,業種,精密機器,5d,5営業日,4,12,8,-0.01371804724157872,-0.006265054252078073,0.5,サンプル不足,0.13595857905755332
v7,return_60d,60日モメンタム,60営業日の騰落率,True,業種,精密機器,5d,5営業日,5,22,18,0.030786410747703632,0.012852959600973879,0.5555555555555556,サンプル不足,0.13595857905755332
v7,return_60d,60日モメンタム,60営業日の騰落率,True,業種,繊維製品,10d,10営業日,1,7,4,-0.032133400012027066,-0.03779472424504765,0.25,サンプル不足,0.14225575818777797
v7,return_60d,60日モメンタム,60営業日の騰落率,True,業種,繊維製品,10d,10営業日,2,10,8,0.008458658516403454,0.006790256570096341,0.625,サンプル不足,0.14225575818777797
v7,return_60d,60日モメンタム,60営業日の騰落率,True,業種,繊維製品,10d,10営業日,3,1,1,0.11012235817575089,0.11012235817575089,1.0,サンプル不足,0.14225575818777797
v7,return_60d,60日モメンタム,60営業日の騰落率,True,業種,繊維製品,1d,1営業日,1,7,7,0.015784462240840895,0.003485535029627007,0.7142857142857143,サンプル不足,-0.011335074031719676
v7,return_60d,60日モメンタム,60営業日の騰落率,True,業種,繊維製品,1d,1営業日,2,10,9,0.00045583713393013495,-0.00591715976331364,0.4444444444444444,サンプル不足,-0.011335074031719676
v7,return_60d,60日モメンタム,60営業日の騰落率,True,業種,繊維製品,1d,1営業日,3,1,1,0.004449388209121219,0.004449388209121219,1.0,サンプル不足,-0.011335074031719676
v7,return_60d,60日モメンタム,60営業日の騰落率,True,業種,繊維製品,3d,3営業日,1,7,6,0.0034242897181380786,0.0021086403535193754,0.5,サンプル不足,0.025496733641149957
v7,return_60d,60日モメンタム,60営業日の騰落率,True,業種,繊維製品,3d,3営業日,2,10,8,0.013855555360120139,0.023337804486698525,0.625,サンプル不足,0.025496733641149957
v7,return_60d,60日モメンタム,60営業日の騰落率,True,業種,繊維製品,3d,3営業日,3,1,1,0.028921023359288034,0.028921023359288034,1.0,サンプル不足,0.025496733641149957
v7,return_60d,60日モメンタム,60営業日の騰落率,True,業種,繊維製品,5d,5営業日,1,7,6,-0.009406930364126577,-0.00920090546166491,0.3333333333333333,サンプル不足,0.05056377129849802
v7,return_60d,60日モメンタム,60営業日の騰落率,True,業種,繊維製品,5d,5営業日,2,10,8,0.018236356296007485,0.0070162895299886695,0.875,サンプル不足,0.05056377129849802
v7,return_60d,60日モメンタム,60営業日の騰落率,True,業種,繊維製品,5d,5営業日,3,1,1,0.04115684093437144,0.04115684093437144,1.0,サンプル不足,0.05056377129849802
v7,return_60d,60日モメンタム,60営業日の騰落率,True,業種,証券、商品先物取引業,10d,10営業日,1,28,24,0.058467917133655345,0.05263904213120041,0.7916666666666666,サンプル不足,-0.07063148531902537
v7,return_60d,60日モメンタム,60営業日の騰落率,True,業種,証券、商品先物取引業,10d,10営業日,2,17,17,0.04890587278020678,0.06476510067114094,0.8235294117647058,サンプル不足,-0.07063148531902537
v7,return_60d,60日モメンタム,60営業日の騰落率,True,業種,証券、商品先物取引業,10d,10営業日,3,23,17,0.02637013309139278,0.03320202588632526,0.7058823529411765,サンプル不足,-0.07063148531902537
v7,return_60d,60日モメンタム,60営業日の騰落率,True,業種,証券、商品先物取引業,10d,10営業日,4,25,16,-0.012163568185370024,-0.019669131970092138,0.3125,サンプル不足,-0.07063148531902537
v7,return_60d,60日モメンタム,60営業日の騰落率,True,業種,証券、商品先物取引業,1d,1営業日,1,28,28,-0.00027604697141782715,-0.0025330903912205638,0.4642857142857143,サンプル不足,0.0033853429831394717
v7,return_60d,60日モメンタム,60営業日の騰落率,True,業種,証券、商品先物取引業,1d,1営業日,2,17,17,0.007592877950894452,0.005284015852047519,0.7647058823529411,サンプル不足,0.0033853429831394717
v7,return_60d,60日モメンタム,60営業日の騰落率,True,業種,証券、商品先物取引業,1d,1営業日,3,23,23,0.010143563117007206,0.006807131280389012,0.6521739130434783,サンプル不足,0.0033853429831394717
v7,return_60d,60日モメンタム,60営業日の騰落率,True,業種,証券、商品先物取引業,1d,1営業日,4,25,25,0.0031092960117216446,0.002977801840822858,0.64,サンプル不足,0.0033853429831394717
v7,return_60d,60日モメンタム,60営業日の騰落率,True,業種,証券、商品先物取引業,3d,3営業日,1,28,28,0.012241715763254033,0.0045458295520171,0.6071428571428571,サンプル不足,-0.015102701551347545
v7,return_60d,60日モメンタム,60営業日の騰落率,True,業種,証券、商品先物取引業,3d,3営業日,2,17,17,0.023773157969354346,0.024161073825503365,0.7647058823529411,サンプル不足,-0.015102701551347545
v7,return_60d,60日モメンタム,60営業日の騰落率,True,業種,証券、商品先物取引業,3d,3営業日,3,23,22,0.01655299692619622,0.009874599422972086,0.6363636363636364,サンプル不足,-0.015102701551347545
v7,return_60d,60日モメンタム,60営業日の騰落率,True,業種,証券、商品先物取引業,3d,3営業日,4,25,25,-0.002860985788093512,-0.005453962143086355,0.44,サンプル不足,-0.015102701551347545
v7,return_60d,60日モメンタム,60営業日の騰落率,True,業種,証券、商品先物取引業,5d,5営業日,1,28,28,0.022274566485007835,0.020481516061811547,0.6785714285714286,サンプル不足,-0.028671563809330145
v7,return_60d,60日モメンタム,60営業日の騰落率,True,業種,証券、商品先物取引業,5d,5営業日,2,17,17,0.026043600571952392,0.02921646746347939,0.7647058823529411,サンプル不足,-0.028671563809330145
v7,return_60d,60日モメンタム,60営業日の騰落率,True,業種,証券、商品先物取引業,5d,5営業日,3,23,20,0.026715441450177214,0.02873134953364198,0.75,サンプル不足,-0.028671563809330145
v7,return_60d,60日モメンタム,60営業日の騰落率,True,業種,証券、商品先物取引業,5d,5営業日,4,25,23,-0.006396997324322309,-0.0069767441860465,0.391304347826087,サンプル不足,-0.028671563809330145
v7,return_60d,60日モメンタム,60営業日の騰落率,True,業種,輸送用機器,10d,10営業日,1,15,10,-0.01847362578823757,-0.02360346465627522,0.3,サンプル不足,-0.10511395755936555
v7,return_60d,60日モメンタム,60営業日の騰落率,True,業種,輸送用機器,10d,10営業日,2,26,18,0.01447315864754892,0.007725439007184587,0.5555555555555556,サンプル不足,-0.10511395755936555
v7,return_60d,60日モメンタム,60営業日の騰落率,True,業種,輸送用機器,10d,10営業日,3,46,34,0.04849749191943043,0.012216661183952926,0.5588235294117647,評価可能,-0.10511395755936555
v7,return_60d,60日モメンタム,60営業日の騰落率,True,業種,輸送用機器,10d,10営業日,4,29,12,-0.03659042547644798,-0.042444443994870185,0.3333333333333333,サンプル不足,-0.10511395755936555
v7,return_60d,60日モメンタム,60営業日の騰落率,True,業種,輸送用機器,10d,10営業日,5,10,4,-0.12358758334760311,-0.12321416174939251,0.0,サンプル不足,-0.10511395755936555
v7,return_60d,60日モメンタム,60営業日の騰落率,True,業種,輸送用機器,1d,1営業日,1,15,15,-0.001924829345154265,-0.000418322526668069,0.3333333333333333,サンプル不足,0.008170627205143293
v7,return_60d,60日モメンタム,60営業日の騰落率,True,業種,輸送用機器,1d,1営業日,2,26,24,0.004573792255570418,0.002096177558569612,0.5,サンプル不足,0.008170627205143293
v7,return_60d,60日モメンタム,60営業日の騰落率,True,業種,輸送用機器,1d,1営業日,3,46,46,-0.0022459551242969243,-0.005452071721526952,0.43478260869565216,評価可能,0.008170627205143293
v7,return_60d,60日モメンタム,60営業日の騰落率,True,業種,輸送用機器,1d,1営業日,4,29,28,0.008281836658168158,0.0049580364419617995,0.5357142857142857,サンプル不足,0.008170627205143293
v7,return_60d,60日モメンタム,60営業日の騰落率,True,業種,輸送用機器,1d,1営業日,5,10,10,0.006245797859989027,0.005231428328011989,0.5,サンプル不足,0.008170627205143293
v7,return_60d,60日モメンタム,60営業日の騰落率,True,業種,輸送用機器,3d,3営業日,1,15,14,-0.02508917735917045,-0.02223862066873805,0.2857142857142857,サンプル不足,0.006277291019729923
v7,return_60d,60日モメンタム,60営業日の騰落率,True,業種,輸送用機器,3d,3営業日,2,26,24,-0.0116616633372167,-0.0005981784114706401,0.5,サンプル不足,0.006277291019729923
v7,return_60d,60日モメンタム,60営業日の騰落率,True,業種,輸送用機器,3d,3営業日,3,46,46,0.004453853336009195,-0.0018281699348265401,0.45652173913043476,評価可能,0.006277291019729923
v7,return_60d,60日モメンタム,60営業日の騰落率,True,業種,輸送用機器,3d,3営業日,4,29,26,0.0012054956156043078,-0.010321769642233788,0.5,サンプル不足,0.006277291019729923
v7,return_60d,60日モメンタム,60営業日の騰落率,True,業種,輸送用機器,3d,3営業日,5,10,8,-0.018811886339440528,0.00040651176087758145,0.5,サンプル不足,0.006277291019729923
v7,return_60d,60日モメンタム,60営業日の騰落率,True,業種,輸送用機器,5d,5営業日,1,15,14,-0.022747107487814132,-0.02903369064878658,0.21428571428571427,サンプル不足,-0.00945736467293088
v7,return_60d,60日モメンタム,60営業日の騰落率,True,業種,輸送用機器,5d,5営業日,2,26,24,-0.013513530589823455,-0.01350359508025735,0.4166666666666667,サンプル不足,-0.00945736467293088
v7,return_60d,60日モメンタム,60営業日の騰落率,True,業種,輸送用機器,5d,5営業日,3,46,42,0.016054055920115214,0.0031696369753402287,0.5238095238095238,評価可能,-0.00945736467293088
v7,return_60d,60日モメンタム,60営業日の騰落率,True,業種,輸送用機器,5d,5営業日,4,29,23,0.007259888274832014,-0.031092685815812815,0.391304347826087,サンプル不足,-0.00945736467293088
v7,return_60d,60日モメンタム,60営業日の騰落率,True,業種,輸送用機器,5d,5営業日,5,10,6,-0.03220447216074501,0.0017188514537190575,0.5,サンプル不足,-0.00945736467293088
v7,return_60d,60日モメンタム,60営業日の騰落率,True,業種,金属製品,10d,10営業日,1,19,18,0.00667268056918376,-0.006073920978599533,0.4444444444444444,サンプル不足,-0.11485215728665724
v7,return_60d,60日モメンタム,60営業日の騰落率,True,業種,金属製品,10d,10営業日,2,12,10,-0.03478404374774132,-0.056020298656250245,0.3,サンプル不足,-0.11485215728665724
v7,return_60d,60日モメンタム,60営業日の騰落率,True,業種,金属製品,10d,10営業日,3,7,5,-0.06225431923131808,-0.0584586017656884,0.0,サンプル不足,-0.11485215728665724
v7,return_60d,60日モメンタム,60営業日の騰落率,True,業種,金属製品,10d,10営業日,4,13,9,-0.1125440294094525,-0.0985381700054142,0.1111111111111111,サンプル不足,-0.11485215728665724
v7,return_60d,60日モメンタム,60営業日の騰落率,True,業種,金属製品,10d,10営業日,5,43,40,-0.10817947671747348,-0.15184901231784614,0.3,評価可能,-0.11485215728665724
v7,return_60d,60日モメンタム,60営業日の騰落率,True,業種,金属製品,1d,1営業日,1,19,19,-0.00458043057260443,-0.0040424456796361,0.47368421052631576,サンプル不足,0.006605165173329045
v7,return_60d,60日モメンタム,60営業日の騰落率,True,業種,金属製品,1d,1営業日,2,12,12,0.011532430599871168,-0.011933161401246471,0.4166666666666667,サンプル不足,0.006605165173329045
v7,return_60d,60日モメンタム,60営業日の騰落率,True,業種,金属製品,1d,1営業日,3,7,6,-0.006900549339927504,-0.015424630691198805,0.3333333333333333,サンプル不足,0.006605165173329045
v7,return_60d,60日モメンタム,60営業日の騰落率,True,業種,金属製品,1d,1営業日,4,13,13,0.012288313070566445,0.008742434431741719,0.6153846153846154,サンプル不足,0.006605165173329045
v7,return_60d,60日モメンタム,60営業日の騰落率,True,業種,金属製品,1d,1営業日,5,43,42,0.002024734600724615,-0.0015408320493066063,0.4523809523809524,評価可能,0.006605165173329045
v7,return_60d,60日モメンタム,60営業日の騰落率,True,業種,金属製品,3d,3営業日,1,19,18,-0.007122193713971109,-0.0148654437993984,0.2777777777777778,サンプル不足,-0.012784604789506496
v7,return_60d,60日モメンタム,60営業日の騰落率,True,業種,金属製品,3d,3営業日,2,12,12,0.031522040864983676,-0.00268278959427403,0.5,サンプル不足,-0.012784604789506496
v7,return_60d,60日モメンタム,60営業日の騰落率,True,業種,金属製品,3d,3営業日,3,7,6,-0.005879405035111785,-0.013378291438812518,0.3333333333333333,サンプル不足,-0.012784604789506496
v7,return_60d,60日モメンタム,60営業日の騰落率,True,業種,金属製品,3d,3営業日,4,13,12,0.03575328210829409,0.007233213776080724,0.5833333333333334,サンプル不足,-0.012784604789506496
v7,return_60d,60日モメンタム,60営業日の騰落率,True,業種,金属製品,3d,3営業日,5,43,40,-0.019906798503477607,-0.01650881512248493,0.325,評価可能,-0.012784604789506496
v7,return_60d,60日モメンタム,60営業日の騰落率,True,業種,金属製品,5d,5営業日,1,19,18,0.0033817580008147887,-0.0027731692998800217,0.4444444444444444,サンプル不足,-0.05521747707630337
v7,return_60d,60日モメンタム,60営業日の騰落率,True,業種,金属製品,5d,5営業日,2,12,12,0.01976974183157802,-0.029994622316957292,0.4166666666666667,サンプル不足,-0.05521747707630337
v7,return_60d,60日モメンタム,60営業日の騰落率,True,業種,金属製品,5d,5営業日,3,7,5,-0.023245675149281504,-0.011695906432748537,0.2,サンプル不足,-0.05521747707630337
v7,return_60d,60日モメンタム,60営業日の騰落率,True,業種,金属製品,5d,5営業日,4,13,11,-0.00858135271014257,-0.0635135135135135,0.36363636363636365,サンプル不足,-0.05521747707630337
v7,return_60d,60日モメンタム,60営業日の騰落率,True,業種,金属製品,5d,5営業日,5,43,40,-0.051835719075488576,-0.058372970679529235,0.35,評価可能,-0.05521747707630337
v7,return_60d,60日モメンタム,60営業日の騰落率,True,業種,鉄鋼,10d,10営業日,1,15,7,0.05454532215935942,0.0791848084652278,0.8571428571428571,サンプル不足,-0.05531989854922082
v7,return_60d,60日モメンタム,60営業日の騰落率,True,業種,鉄鋼,10d,10営業日,2,10,4,0.03319694254342747,0.03209874282551949,0.5,サンプル不足,-0.05531989854922082
v7,return_60d,60日モメンタム,60営業日の騰落率,True,業種,鉄鋼,10d,10営業日,3,12,4,-0.002745172951476261,0.02411934896373655,0.75,サンプル不足,-0.05531989854922082
v7,return_60d,60日モメンタム,60営業日の騰落率,True,業種,鉄鋼,10d,10営業日,4,6,1,-0.04947847017919227,-0.04947847017919227,0.0,サンプル不足,-0.05531989854922082
v7,return_60d,60日モメンタム,60営業日の騰落率,True,業種,鉄鋼,10d,10営業日,5,4,4,-0.0007745763898614,0.0,0.25,サンプル不足,-0.05531989854922082
v7,return_60d,60日モメンタム,60営業日の騰落率,True,業種,鉄鋼,1d,1営業日,1,15,14,-0.004088180389818749,0.0003341333364330623,0.5,サンプル不足,0.004088180389818749
v7,return_60d,60日モメンタム,60営業日の騰落率,True,業種,鉄鋼,1d,1営業日,2,10,10,0.012613995752000817,0.016613347992213874,0.7,サンプル不足,0.004088180389818749
v7,return_60d,60日モメンタム,60営業日の騰落率,True,業種,鉄鋼,1d,1営業日,3,12,11,0.025975041764790444,0.017113095238095344,0.6363636363636364,サンプル不足,0.004088180389818749
v7,return_60d,60日モメンタム,60営業日の騰落率,True,業種,鉄鋼,1d,1営業日,4,6,6,0.010992032876692629,0.011979837271504867,0.6666666666666666,サンプル不足,0.004088180389818749
v7,return_60d,60日モメンタム,60営業日の騰落率,True,業種,鉄鋼,1d,1営業日,5,4,4,0.0,0.0,0.0,サンプル不足,0.004088180389818749
v7,return_60d,60日モメンタム,60営業日の騰落率,True,業種,鉄鋼,3d,3営業日,1,15,12,0.01106826495892258,0.021553117434749303,0.75,サンプル不足,-0.01102501437594833
v7,return_60d,60日モメンタム,60営業日の騰落率,True,業種,鉄鋼,3d,3営業日,2,10,10,0.017415058247957457,-0.0015961875936181258,0.5,サンプル不足,-0.01102501437594833
v7,return_60d,60日モメンタム,60営業日の騰落率,True,業種,鉄鋼,3d,3営業日,3,12,9,0.01619367986952379,0.025892893473307366,0.7777777777777778,サンプル不足,-0.01102501437594833
v7,return_60d,60日モメンタム,60営業日の騰落率,True,業種,鉄鋼,3d,3営業日,4,6,2,0.010533092067512406,0.010533092067512406,1.0,サンプル不足,-0.01102501437594833
v7,return_60d,60日モメンタム,60営業日の騰落率,True,業種,鉄鋼,3d,3営業日,5,4,4,4.325058297425003e-05,0.0,0.25,サンプル不足,-0.01102501437594833
v7,return_60d,60日モメンタム,60営業日の騰落率,True,業種,鉄鋼,5d,5営業日,1,15,10,0.03475808113874567,0.021133963631776553,0.7,サンプル不足,-0.03508001950040762
v7,return_60d,60日モメンタム,60営業日の騰落率,True,業種,鉄鋼,5d,5営業日,2,10,8,0.03207868752501122,0.017208509043009912,0.5,サンプル不足,-0.03508001950040762
v7,return_60d,60日モメンタム,60営業日の騰落率,True,業種,鉄鋼,5d,5営業日,3,12,6,0.022761179938488297,0.03883995321196574,0.6666666666666666,サンプル不足,-0.03508001950040762
v7,return_60d,60日モメンタム,60営業日の騰落率,True,業種,鉄鋼,5d,5営業日,4,6,2,0.039170028919951805,0.039170028919951805,1.0,サンプル不足,-0.03508001950040762
v7,return_60d,60日モメンタム,60営業日の騰落率,True,業種,鉄鋼,5d,5営業日,5,4,4,-0.00032193836166195003,-0.0011223344556677,0.25,サンプル不足,-0.03508001950040762
v7,return_60d,60日モメンタム,60営業日の騰落率,True,業種,鉱業,10d,10営業日,1,1,1,-0.0696623238500399,-0.0696623238500399,0.0,サンプル不足,0.0
v7,return_60d,60日モメンタム,60営業日の騰落率,True,業種,鉱業,10d,10営業日,4,1,0,,,,サンプル不足,0.0
v7,return_60d,60日モメンタム,60営業日の騰落率,True,業種,鉱業,1d,1営業日,1,1,1,-0.028981653815474573,-0.028981653815474573,0.0,サンプル不足,0.06369239761712753
v7,return_60d,60日モメンタム,60営業日の騰落率,True,業種,鉱業,1d,1営業日,4,1,1,0.034710743801652955,0.034710743801652955,1.0,サンプル不足,0.06369239761712753
v7,return_60d,60日モメンタム,60営業日の騰落率,True,業種,鉱業,3d,3営業日,1,1,1,-0.038553576176548754,-0.038553576176548754,0.0,サンプル不足,0.17243787369720986
v7,return_60d,60日モメンタム,60営業日の騰落率,True,業種,鉱業,3d,3営業日,4,1,1,0.1338842975206611,0.1338842975206611,1.0,サンプル不足,0.17243787369720986
v7,return_60d,60日モメンタム,60営業日の騰落率,True,業種,鉱業,5d,5営業日,1,1,1,-0.035628822121776094,-0.035628822121776094,0.0,サンプル不足,0.08521559898128028
v7,return_60d,60日モメンタム,60営業日の騰落率,True,業種,鉱業,5d,5営業日,4,1,1,0.04958677685950419,0.04958677685950419,1.0,サンプル不足,0.08521559898128028
v7,return_60d,60日モメンタム,60営業日の騰落率,True,業種,銀行業,10d,10営業日,1,15,15,0.05821969206640712,0.055985153108568,0.8666666666666667,サンプル不足,-0.08357072054776238
v7,return_60d,60日モメンタム,60営業日の騰落率,True,業種,銀行業,10d,10営業日,2,50,47,0.03778480483086081,0.0246067985794014,0.723404255319149,評価可能,-0.08357072054776238
v7,return_60d,60日モメンタム,60営業日の騰落率,True,業種,銀行業,10d,10営業日,3,91,70,0.03781953998629851,0.0489882991674887,0.8,評価可能,-0.08357072054776238
v7,return_60d,60日モメンタム,60営業日の騰落率,True,業種,銀行業,10d,10営業日,4,96,81,-0.013928965787735673,-0.013034252803879931,0.38271604938271603,評価可能,-0.08357072054776238
v7,return_60d,60日モメンタム,60営業日の騰落率,True,業種,銀行業,10d,10営業日,5,21,15,-0.025351028481355255,-0.022719076812116823,0.3333333333333333,サンプル不足,-0.08357072054776238
v7,return_60d,60日モメンタム,60営業日の騰落率,True,業種,銀行業,1d,1営業日,1,15,15,0.00903468627007391,0.0038233421594224826,0.6,サンプル不足,-0.00037463959035206884
v7,return_60d,60日モメンタム,60営業日の騰落率,True,業種,銀行業,1d,1営業日,2,50,50,-0.005120631411916318,-0.00083542188805345,0.48,評価可能,-0.00037463959035206884
v7,return_60d,60日モメンタム,60営業日の騰落率,True,業種,銀行業,1d,1営業日,3,91,90,0.001676115109707764,0.0012796032480482111,0.5444444444444444,評価可能,-0.00037463959035206884
v7,return_60d,60日モメンタム,60営業日の騰落率,True,業種,銀行業,1d,1営業日,4,96,96,0.0018315256719724446,0.005789843915905757,0.59375,評価可能,-0.00037463959035206884
v7,return_60d,60日モメンタム,60営業日の騰落率,True,業種,銀行業,1d,1営業日,5,21,21,0.00866004667972184,0.01055408970976246,0.6666666666666666,サンプル不足,-0.00037463959035206884
v7,return_60d,60日モメンタム,60営業日の騰落率,True,業種,銀行業,3d,3営業日,1,15,15,0.01830532000844416,0.015974440894568787,0.6666666666666666,サンプル不足,-0.02798809363703874
v7,return_60d,60日モメンタム,60営業日の騰落率,True,業種,銀行業,3d,3営業日,2,50,48,-0.006274479335018692,-0.013880208497734657,0.375,評価可能,-0.02798809363703874
v7,return_60d,60日モメンタム,60営業日の騰落率,True,業種,銀行業,3d,3営業日,3,91,82,0.014405127256283482,0.01672413617218871,0.7073170731707317,評価可能,-0.02798809363703874
v7,return_60d,60日モメンタム,60営業日の騰落率,True,業種,銀行業,3d,3営業日,4,96,93,0.0007872546103317763,0.002326073165574094,0.5483870967741935,評価可能,-0.02798809363703874
v7,return_60d,60日モメンタム,60営業日の騰落率,True,業種,銀行業,3d,3営業日,5,21,17,-0.00968277362859458,-0.023733333333333384,0.35294117647058826,サンプル不足,-0.02798809363703874
v7,return_60d,60日モメンタム,60営業日の騰落率,True,業種,銀行業,5d,5営業日,1,15,15,0.047332628056620515,0.032103559870550136,0.8666666666666667,サンプル不足,-0.07569596790139298
v7,return_60d,60日モメンタム,60営業日の騰落率,True,業種,銀行業,5d,5営業日,2,50,48,0.003914178910144533,0.011351023700390761,0.5208333333333334,評価可能,-0.07569596790139298
v7,return_60d,60日モメンタム,60営業日の騰落率,True,業種,銀行業,5d,5営業日,3,91,78,0.02221874801862895,0.02704619455234114,0.7307692307692307,評価可能,-0.07569596790139298
v7,return_60d,60日モメンタム,60営業日の騰落率,True,業種,銀行業,5d,5営業日,4,96,92,-0.0026053928812041567,0.0032314122236508647,0.5217391304347826,評価可能,-0.07569596790139298
v7,return_60d,60日モメンタム,60営業日の騰落率,True,業種,銀行業,5d,5営業日,5,21,17,-0.02836333984477246,-0.03917050691244239,0.17647058823529413,サンプル不足,-0.07569596790139298
v7,return_60d,60日モメンタム,60営業日の騰落率,True,業種,陸運業,10d,10営業日,1,14,12,0.015210499519038643,0.013091319542225047,0.6666666666666666,サンプル不足,0.003305978944460079
v7,return_60d,60日モメンタム,60営業日の騰落率,True,業種,陸運業,10d,10営業日,2,6,3,-0.006413580062973647,-0.016538037486218293,0.3333333333333333,サンプル不足,0.003305978944460079
v7,return_60d,60日モメンタム,60営業日の騰落率,True,業種,陸運業,10d,10営業日,3,2,1,-0.13399464651236026,-0.13399464651236026,0.0,サンプル不足,0.003305978944460079
v7,return_60d,60日モメンタム,60営業日の騰落率,True,業種,陸運業,10d,10営業日,4,4,4,0.01851647846349872,0.0008014538389388304,0.5,サンプル不足,0.003305978944460079
v7,return_60d,60日モメンタム,60営業日の騰落率,True,業種,陸運業,10d,10営業日,5,3,0,,,,サンプル不足,0.003305978944460079
v7,return_60d,60日モメンタム,60営業日の騰落率,True,業種,陸運業,1d,1営業日,1,14,13,-0.0030472995546800786,-0.001281640499839809,0.38461538461538464,サンプル不足,0.057870318211684195
v7,return_60d,60日モメンタム,60営業日の騰落率,True,業種,陸運業,1d,1営業日,2,6,5,-0.001609046576444656,0.0033962264150944055,0.6,サンプル不足,0.057870318211684195
v7,return_60d,60日モメンタム,60営業日の騰落率,True,業種,陸運業,1d,1営業日,3,2,2,0.026596384586479394,0.026596384586479394,1.0,サンプル不足,0.057870318211684195
v7,return_60d,60日モメンタム,60営業日の騰落率,True,業種,陸運業,1d,1営業日,4,4,4,-0.012226966660945374,-0.009575534759358323,0.5,サンプル不足,0.057870318211684195
v7,return_60d,60日モメンタム,60営業日の騰落率,True,業種,陸運業,1d,1営業日,5,3,2,0.05482301865700412,0.05482301865700412,1.0,サンプル不足,0.057870318211684195
v7,return_60d,60日モメンタム,60営業日の騰落率,True,業種,陸運業,3d,3営業日,1,14,13,-0.005293453074854926,0.003867496216579891,0.6153846153846154,サンプル不足,0.03551471589190843
v7,return_60d,60日モメンタム,60営業日の騰落率,True,業種,陸運業,3d,3営業日,2,6,5,-0.015545913106835743,-0.0227027027027026,0.2,サンプル不足,0.03551471589190843
v7,return_60d,60日モメンタム,60営業日の騰落率,True,業種,陸運業,3d,3営業日,3,2,2,-0.03498345453841567,-0.03498345453841567,0.0,サンプル不足,0.03551471589190843
v7,return_60d,60日モメンタム,60営業日の騰落率,True,業種,陸運業,3d,3営業日,4,4,4,-0.031887596349341824,-0.02324303686063367,0.25,サンプル不足,0.03551471589190843
v7,return_60d,60日モメンタム,60営業日の騰落率,True,業種,陸運業,3d,3営業日,5,3,1,0.030221262817053507,0.030221262817053507,1.0,サンプル不足,0.03551471589190843
v7,return_60d,60日モメンタム,60営業日の騰落率,True,業種,陸運業,5d,5営業日,1,14,13,-0.0049013167286734265,0.007765023632680723,0.6153846153846154,サンプル不足,0.18514956281609915
v7,return_60d,60日モメンタム,60営業日の騰落率,True,業種,陸運業,5d,5営業日,2,6,5,-0.04321700398382704,-0.026460859977949336,0.0,サンプル不足,0.18514956281609915
v7,return_60d,60日モメンタム,60営業日の騰落率,True,業種,陸運業,5d,5営業日,3,2,2,-0.08627962405953021,-0.08627962405953021,0.0,サンプル不足,0.18514956281609915
v7,return_60d,60日モメンタム,60営業日の騰落率,True,業種,陸運業,5d,5営業日,4,4,4,-0.008405451859603803,0.0034947407208896987,0.75,サンプル不足,0.18514956281609915
v7,return_60d,60日モメンタム,60営業日の騰落率,True,業種,陸運業,5d,5営業日,5,3,1,0.18024824608742573,0.18024824608742573,1.0,サンプル不足,0.18514956281609915
v7,return_60d,60日モメンタム,60営業日の騰落率,True,業種,電気・ガス業,10d,10営業日,1,5,4,-0.031000226679004705,-0.03408345805715918,0.25,サンプル不足,-0.01149239594783983
v7,return_60d,60日モメンタム,60営業日の騰落率,True,業種,電気・ガス業,10d,10営業日,2,13,9,-0.0018214417933600914,-0.01928104575163403,0.3333333333333333,サンプル不足,-0.01149239594783983
v7,return_60d,60日モメンタム,60営業日の騰落率,True,業種,電気・ガス業,10d,10営業日,3,3,3,-0.042492622626844535,-0.02767052767052769,0.0,サンプル不足,-0.01149239594783983
v7,return_60d,60日モメンタム,60営業日の騰落率,True,業種,電気・ガス業,1d,1営業日,1,5,5,-0.016318816621816067,-0.014444444444444482,0.0,サンプル不足,0.02432483204288689
v7,return_60d,60日モメンタム,60営業日の騰落率,True,業種,電気・ガス業,1d,1営業日,2,13,13,0.0023898367873185873,0.00602928509905265,0.6923076923076923,サンプル不足,0.02432483204288689
v7,return_60d,60日モメンタム,60営業日の騰落率,True,業種,電気・ガス業,1d,1営業日,3,3,3,0.008006015421070822,0.005256241787122251,0.6666666666666666,サンプル不足,0.02432483204288689
v7,return_60d,60日モメンタム,60営業日の騰落率,True,業種,電気・ガス業,3d,3営業日,1,5,5,-0.01473530787789774,-0.026666666666666616,0.4,サンプル不足,0.032577283951523886
v7,return_60d,60日モメンタム,60営業日の騰落率,True,業種,電気・ガス業,3d,3営業日,2,13,13,0.0047204722447228365,0.006641366223908873,0.6923076923076923,サンプル不足,0.032577283951523886
v7,return_60d,60日モメンタム,60営業日の騰落率,True,業種,電気・ガス業,3d,3営業日,3,3,3,0.017841976073626142,0.021024967148488782,0.6666666666666666,サンプル不足,0.032577283951523886
v7,return_60d,60日モメンタム,60営業日の騰落率,True,業種,電気・ガス業,5d,5営業日,1,5,5,-0.011679093621501924,-0.03222222222222226,0.4,サンプル不足,0.019975727786354598
v7,return_60d,60日モメンタム,60営業日の騰落率,True,業種,電気・ガス業,5d,5営業日,2,13,13,0.01079923197384321,0.022052586938083207,0.6923076923076923,サンプル不足,0.019975727786354598
v7,return_60d,60日モメンタム,60営業日の騰落率,True,業種,電気・ガス業,5d,5営業日,3,3,3,0.008296634164852676,0.045688545688545634,0.6666666666666666,サンプル不足,0.019975727786354598
v7,return_60d,60日モメンタム,60営業日の騰落率,True,業種,電気機器,10d,10営業日,1,43,20,0.048252977187132236,-0.008746260762179037,0.3,サンプル不足,-0.1858040512661578
v7,return_60d,60日モメンタム,60営業日の騰落率,True,業種,電気機器,10d,10営業日,2,51,27,-0.03230387389691973,-0.03564998199495861,0.25925925925925924,サンプル不足,-0.1858040512661578
v7,return_60d,60日モメンタム,60営業日の騰落率,True,業種,電気機器,10d,10営業日,3,68,53,-0.05599569005261425,-0.06085526315789469,0.18867924528301888,評価可能,-0.1858040512661578
v7,return_60d,60日モメンタム,60営業日の騰落率,True,業種,電気機器,10d,10営業日,4,139,122,-0.06511134899146577,-0.05741737681915832,0.28688524590163933,評価可能,-0.1858040512661578
v7,return_60d,60日モメンタム,60営業日の騰落率,True,業種,電気機器,10d,10営業日,5,223,209,-0.13755107407902556,-0.12216924910607863,0.12440191387559808,評価可能,-0.1858040512661578
v7,return_60d,60日モメンタム,60営業日の騰落率,True,業種,電気機器,1d,1営業日,1,43,42,-0.010005808930783268,-0.003947648495440381,0.4523809523809524,評価可能,-0.0027071203302755052
v7,return_60d,60日モメンタム,60営業日の騰落率,True,業種,電気機器,1d,1営業日,2,51,49,0.0017388553455344928,0.0043827611395179655,0.5510204081632653,評価可能,-0.0027071203302755052
v7,return_60d,60日モメンタム,60営業日の騰落率,True,業種,電気機器,1d,1営業日,3,68,67,-0.01074749615623639,-0.021929824561403466,0.2835820895522388,評価可能,-0.0027071203302755052
v7,return_60d,60日モメンタム,60営業日の騰落率,True,業種,電気機器,1d,1営業日,4,139,136,-0.0021079029780604235,-0.007182815468907644,0.4411764705882353,評価可能,-0.0027071203302755052
v7,return_60d,60日モメンタム,60営業日の騰落率,True,業種,電気機器,1d,1営業日,5,223,221,-0.012712929261058773,-0.011417894955366381,0.39819004524886875,評価可能,-0.0027071203302755052
v7,return_60d,60日モメンタム,60営業日の騰落率,True,業種,電気機器,3d,3営業日,1,43,36,-0.02111559214493067,-0.012638332338647789,0.4166666666666667,評価可能,-0.015878703482703285
v7,return_60d,60日モメンタム,60営業日の騰落率,True,業種,電気機器,3d,3営業日,2,51,44,0.0013674837302684784,0.005661056640574813,0.5227272727272727,評価可能,-0.015878703482703285
v7,return_60d,60日モメンタム,60営業日の騰落率,True,業種,電気機器,3d,3営業日,3,68,64,-0.012892978109930807,-0.027414979258916616,0.375,評価可能,-0.015878703482703285
v7,return_60d,60日モメンタム,60営業日の騰落率,True,業種,電気機器,3d,3営業日,4,139,133,-0.025169850508024273,-0.0234375,0.3383458646616541,評価可能,-0.015878703482703285
v7,return_60d,60日モメンタム,60営業日の騰落率,True,業種,電気機器,3d,3営業日,5,223,218,-0.036994295627633955,-0.03626217532467535,0.2889908256880734,評価可能,-0.015878703482703285
v7,return_60d,60日モメンタム,60営業日の騰落率,True,業種,電気機器,5d,5営業日,1,43,27,0.01690198900929784,0.004196978175713406,0.5555555555555556,サンプル不足,-0.08148090509019715
v7,return_60d,60日モメンタム,60営業日の騰落率,True,業種,電気機器,5d,5営業日,2,51,37,-0.008127726710616361,0.0113821138211382,0.5135135135135135,評価可能,-0.08148090509019715
v7,return_60d,60日モメンタム,60営業日の騰落率,True,業種,電気機器,5d,5営業日,3,68,59,-0.02083654113915811,-0.04396754776236589,0.3389830508474576,評価可能,-0.08148090509019715
v7,return_60d,60日モメンタム,60営業日の騰落率,True,業種,電気機器,5d,5営業日,4,139,127,-0.03631755347983751,-0.03506208911614317,0.2440944881889764,評価可能,-0.08148090509019715
v7,return_60d,60日モメンタム,60営業日の騰落率,True,業種,電気機器,5d,5営業日,5,223,216,-0.0645789160808993,-0.054902937421346,0.2222222222222222,評価可能,-0.08148090509019715
v7,return_60d,60日モメンタム,60営業日の騰落率,True,業種,非鉄金属,10d,10営業日,1,5,3,-0.11724905259487184,-0.11852459016393446,0.0,サンプル不足,-0.1727659399088763
v7,return_60d,60日モメンタム,60営業日の騰落率,True,業種,非鉄金属,10d,10営業日,2,6,5,-0.15404157125705892,-0.16536020903322135,0.0,サンプル不足,-0.1727659399088763
v7,return_60d,60日モメンタム,60営業日の騰落率,True,業種,非鉄金属,10d,10営業日,3,14,13,-0.18409990950353203,-0.2054824088063889,0.0,サンプル不足,-0.1727659399088763
v7,return_60d,60日モメンタム,60営業日の騰落率,True,業種,非鉄金属,10d,10営業日,4,7,6,-0.19164818153123697,-0.18906754452156138,0.0,サンプル不足,-0.1727659399088763
v7,return_60d,60日モメンタム,60営業日の騰落率,True,業種,非鉄金属,10d,10営業日,5,2,2,-0.2900149925037481,-0.2900149925037481,0.0,サンプル不足,-0.1727659399088763
v7,return_60d,60日モメンタム,60営業日の騰落率,True,業種,非鉄金属,1d,1営業日,1,5,4,0.02813825374719789,0.027520619045177774,0.5,サンプル不足,-0.06224619977418441
v7,return_60d,60日モメンタム,60営業日の騰落率,True,業種,非鉄金属,1d,1営業日,2,6,6,-0.025435897216822823,-0.024068115126025635,0.3333333333333333,サンプル不足,-0.06224619977418441
v7,return_60d,60日モメンタム,60営業日の騰落率,True,業種,非鉄金属,1d,1営業日,3,14,14,-0.0026709907511695313,-0.0007551409491339256,0.5,サンプル不足,-0.06224619977418441
v7,return_60d,60日モメンタム,60営業日の騰落率,True,業種,非鉄金属,1d,1営業日,4,7,7,-0.01645199141008708,-0.019795918367346954,0.14285714285714285,サンプル不足,-0.06224619977418441
v7,return_60d,60日モメンタム,60営業日の騰落率,True,業種,非鉄金属,1d,1営業日,5,2,2,-0.034107946026986524,-0.034107946026986524,0.5,サンプル不足,-0.06224619977418441
v7,return_60d,60日モメンタム,60営業日の騰落率,True,業種,非鉄金属,3d,3営業日,1,5,4,-0.012891260057901699,-0.009269723882341152,0.5,サンプル不足,-0.10670769046683592
v7,return_60d,60日モメンタム,60営業日の騰落率,True,業種,非鉄金属,3d,3営業日,2,6,6,-0.04423165323181327,-0.055890292269048736,0.3333333333333333,サンプル不足,-0.10670769046683592
v7,return_60d,60日モメンタム,60営業日の騰落率,True,業種,非鉄金属,3d,3営業日,3,14,14,-0.04055560405212538,-0.0540329575550334,0.14285714285714285,サンプル不足,-0.10670769046683592
v7,return_60d,60日モメンタム,60営業日の騰落率,True,業種,非鉄金属,3d,3営業日,4,7,7,-0.08640150352761364,-0.08785046728971968,0.0,サンプル不足,-0.10670769046683592
v7,return_60d,60日モメンタム,60営業日の騰落率,True,業種,非鉄金属,3d,3営業日,5,2,2,-0.11959895052473762,-0.11959895052473762,0.0,サンプル不足,-0.10670769046683592
v7,return_60d,60日モメンタム,60営業日の騰落率,True,業種,非鉄金属,5d,5営業日,1,5,3,0.011110021102948528,0.003278688524590123,0.6666666666666666,サンプル不足,-0.20587388916891555
v7,return_60d,60日モメンタム,60営業日の騰落率,True,業種,非鉄金属,5d,5営業日,2,6,5,-0.11367143582252352,-0.16594157862026104,0.0,サンプル不足,-0.20587388916891555
v7,return_60d,60日モメンタム,60営業日の騰落率,True,業種,非鉄金属,5d,5営業日,3,14,14,-0.08100515274638764,-0.07862336323480779,0.07142857142857142,サンプル不足,-0.20587388916891555
v7,return_60d,60日モメンタム,60営業日の騰落率,True,業種,非鉄金属,5d,5営業日,4,7,6,-0.09608848459806603,-0.09522655520899265,0.0,サンプル不足,-0.20587388916891555
v7,return_60d,60日モメンタム,60営業日の騰落率,True,業種,非鉄金属,5d,5営業日,5,2,2,-0.19476386806596702,-0.19476386806596702,0.0,サンプル不足,-0.20587388916891555
v7,return_60d,60日モメンタム,60営業日の騰落率,True,業種,食料品,10d,10営業日,1,31,26,0.013559728343006415,0.01977692125584818,0.6538461538461539,サンプル不足,-0.06881956783287241
v7,return_60d,60日モメンタム,60営業日の騰落率,True,業種,食料品,10d,10営業日,2,40,30,0.029959406076231054,0.036233324437655035,0.6,評価可能,-0.06881956783287241
v7,return_60d,60日モメンタム,60営業日の騰落率,True,業種,食料品,10d,10営業日,3,36,26,-0.015492325866098845,-0.013473449597639187,0.38461538461538464,サンプル不足,-0.06881956783287241
v7,return_60d,60日モメンタム,60営業日の騰落率,True,業種,食料品,10d,10営業日,4,15,8,-0.055259839489865986,-0.0530184057578601,0.375,サンプル不足,-0.06881956783287241
v7,return_60d,60日モメンタム,60営業日の騰落率,True,業種,食料品,10d,10営業日,5,1,0,,,,サンプル不足,-0.06881956783287241
v7,return_60d,60日モメンタム,60営業日の騰落率,True,業種,食料品,1d,1営業日,1,31,31,-0.006231591581459331,-0.0018331805682859637,0.3870967741935484,評価可能,0.021383106732974468
v7,return_60d,60日モメンタム,60営業日の騰落率,True,業種,食料品,1d,1営業日,2,40,40,0.0038001340419913177,0.0035036469742209925,0.575,評価可能,0.021383106732974468
v7,return_60d,60日モメンタム,60営業日の騰落率,True,業種,食料品,1d,1営業日,3,36,35,-0.004123925482845913,-0.008953380673047184,0.3142857142857143,評価可能,0.021383106732974468
v7,return_60d,60日モメンタム,60営業日の騰落率,True,業種,食料品,1d,1営業日,4,15,15,0.0008436839885846166,0.007106598984771617,0.6666666666666666,サンプル不足,0.021383106732974468
v7,return_60d,60日モメンタム,60営業日の騰落率,True,業種,食料品,1d,1営業日,5,1,1,0.015151515151515138,0.015151515151515138,1.0,サンプル不足,0.021383106732974468
v7,return_60d,60日モメンタム,60営業日の騰落率,True,業種,食料品,3d,3営業日,1,31,30,0.0032715151513663136,0.005799396896377207,0.5666666666666667,評価可能,0.05127393939408814
v7,return_60d,60日モメンタム,60営業日の騰落率,True,業種,食料品,3d,3営業日,2,40,38,0.0014338391730709787,0.003335269282713438,0.5263157894736842,評価可能,0.05127393939408814
v7,return_60d,60日モメンタム,60営業日の騰落率,True,業種,食料品,3d,3営業日,3,36,34,-0.012834955966717456,-0.0088574451068279,0.38235294117647056,評価可能,0.05127393939408814
v7,return_60d,60日モメンタム,60営業日の騰落率,True,業種,食料品,3d,3営業日,4,15,13,-0.023268871787651732,-0.03492221118834826,0.15384615384615385,サンプル不足,0.05127393939408814
v7,return_60d,60日モメンタム,60営業日の騰落率,True,業種,食料品,3d,3営業日,5,1,1,0.05454545454545445,0.05454545454545445,1.0,サンプル不足,0.05127393939408814
v7,return_60d,60日モメンタム,60営業日の騰落率,True,業種,食料品,5d,5営業日,1,31,30,0.009325733028823372,0.009582824881794405,0.6666666666666666,評価可能,0.034613660910570575
v7,return_60d,60日モメンタム,60営業日の騰落率,True,業種,食料品,5d,5営業日,2,40,35,0.008824394218857492,0.01098901098901095,0.6285714285714286,評価可能,0.034613660910570575
v7,return_60d,60日モメンタム,60営業日の騰落率,True,業種,食料品,5d,5営業日,3,36,34,-0.005128221806447602,-0.0030099096649445546,0.47058823529411764,評価可能,0.034613660910570575
v7,return_60d,60日モメンタム,60営業日の騰落率,True,業種,食料品,5d,5営業日,4,15,13,-0.02860017373154627,-0.04595827900912641,0.23076923076923078,サンプル不足,0.034613660910570575
v7,return_60d,60日モメンタム,60営業日の騰落率,True,業種,食料品,5d,5営業日,5,1,1,0.043939393939393945,0.043939393939393945,1.0,サンプル不足,0.034613660910570575
v7,score,総合スコア,現行の全評価要素を合成した順位スコア,True,全体,全体,10d,10営業日,1,740,538,-0.0026268290124615962,0.002008838450330814,0.5130111524163569,評価可能,-0.06407843430446923
v7,score,総合スコア,現行の全評価要素を合成した順位スコア,True,全体,全体,10d,10営業日,2,740,540,-0.0030106780351375085,0.0035525432264562,0.5203703703703704,評価可能,-0.06407843430446923
v7,score,総合スコア,現行の全評価要素を合成した順位スコア,True,全体,全体,10d,10営業日,3,740,540,-0.017853051088829824,-0.00945683111954458,0.43703703703703706,評価可能,-0.06407843430446923
v7,score,総合スコア,現行の全評価要素を合成した順位スコア,True,全体,全体,10d,10営業日,4,740,540,-0.02852107132349302,-0.023779761904761942,0.37962962962962965,評価可能,-0.06407843430446923
v7,score,総合スコア,現行の全評価要素を合成した順位スコア,True,全体,全体,10d,10営業日,5,740,540,-0.06670526331693083,-0.05053728678631941,0.3055555555555556,評価可能,-0.06407843430446923
v7,score,総合スコア,現行の全評価要素を合成した順位スコア,True,全体,全体,1d,1営業日,1,740,720,-0.0012981366620101378,-0.000530911355557051,0.45694444444444443,評価可能,0.00014392611818790494
v7,score,総合スコア,現行の全評価要素を合成した順位スコア,True,全体,全体,1d,1営業日,2,740,720,-0.0016547372170195517,-0.00136771556000665,0.45416666666666666,評価可能,0.00014392611818790494
v7,score,総合スコア,現行の全評価要素を合成した順位スコア,True,全体,全体,1d,1営業日,3,740,720,-0.0009751671033412385,0.0,0.49027777777777776,評価可能,0.00014392611818790494
v7,score,総合スコア,現行の全評価要素を合成した順位スコア,True,全体,全体,1d,1営業日,4,740,720,-0.0014309368996323585,-0.0023405316928619135,0.4527777777777778,評価可能,0.00014392611818790494
v7,score,総合スコア,現行の全評価要素を合成した順位スコア,True,全体,全体,1d,1営業日,5,740,720,-0.0011542105438222328,-0.003352347274551526,0.4486111111111111,評価可能,0.00014392611818790494
v7,score,総合スコア,現行の全評価要素を合成した順位スコア,True,全体,全体,3d,3営業日,1,740,678,-0.00471559565627382,-0.0016661503907068492,0.4631268436578171,評価可能,-0.008042791999704077
v7,score,総合スコア,現行の全評価要素を合成した順位スコア,True,全体,全体,3d,3営業日,2,740,680,-0.006523931347326847,-0.006330128205128144,0.4426470588235294,評価可能,-0.008042791999704077
v7,score,総合スコア,現行の全評価要素を合成した順位スコア,True,全体,全体,3d,3営業日,3,740,680,-0.006415975705219359,-0.004886958631566185,0.46911764705882353,評価可能,-0.008042791999704077
v7,score,総合スコア,現行の全評価要素を合成した順位スコア,True,全体,全体,3d,3営業日,4,740,680,-0.006414468842814463,-0.006798476697539374,0.4426470588235294,評価可能,-0.008042791999704077
v7,score,総合スコア,現行の全評価要素を合成した順位スコア,True,全体,全体,3d,3営業日,5,740,680,-0.012758387655977897,-0.013821818348203452,0.38529411764705884,評価可能,-0.008042791999704077
v7,score,総合スコア,現行の全評価要素を合成した順位スコア,True,全体,全体,5d,5営業日,1,740,639,-0.005357457682116838,-0.0007988271331537122,0.47730829420970267,評価可能,-0.021805179681190126
v7,score,総合スコア,現行の全評価要素を合成した順位スコア,True,全体,全体,5d,5営業日,2,740,640,-0.004662830123367391,-0.003384418390620647,0.4640625,評価可能,-0.021805179681190126
v7,score,総合スコア,現行の全評価要素を合成した順位スコア,True,全体,全体,5d,5営業日,3,740,639,-0.009665854145590494,-0.007245264593160328,0.4507042253521127,評価可能,-0.021805179681190126
v7,score,総合スコア,現行の全評価要素を合成した順位スコア,True,全体,全体,5d,5営業日,4,740,640,-0.011129574148560008,-0.010947233364620168,0.425,評価可能,-0.021805179681190126
v7,score,総合スコア,現行の全評価要素を合成した順位スコア,True,全体,全体,5d,5営業日,5,740,640,-0.027162637363306964,-0.020677786744624782,0.38125,評価可能,-0.021805179681190126
v7,score,総合スコア,現行の全評価要素を合成した順位スコア,True,業種,その他製品,10d,10営業日,1,11,8,-0.01941220644080168,-0.014733684886024249,0.375,サンプル不足,-0.016390433531384807
v7,score,総合スコア,現行の全評価要素を合成した順位スコア,True,業種,その他製品,10d,10営業日,2,15,7,0.06686113545111554,0.0445103857566766,0.7142857142857143,サンプル不足,-0.016390433531384807
v7,score,総合スコア,現行の全評価要素を合成した順位スコア,True,業種,その他製品,10d,10営業日,3,14,11,-0.028643637785384268,-0.017971758664955,0.36363636363636365,サンプル不足,-0.016390433531384807
v7,score,総合スコア,現行の全評価要素を合成した順位スコア,True,業種,その他製品,10d,10営業日,4,11,7,-0.0015206663000881724,-0.0216154721274175,0.42857142857142855,サンプル不足,-0.016390433531384807
v7,score,総合スコア,現行の全評価要素を合成した順位スコア,True,業種,その他製品,10d,10営業日,5,20,12,-0.03580263997218649,-0.01137701431699939,0.4166666666666667,サンプル不足,-0.016390433531384807
v7,score,総合スコア,現行の全評価要素を合成した順位スコア,True,業種,その他製品,1d,1営業日,1,11,10,0.036570685105565305,0.011653058003638112,0.6,サンプル不足,-0.023885206318271505
v7,score,総合スコア,現行の全評価要素を合成した順位スコア,True,業種,その他製品,1d,1営業日,2,15,13,0.004303946446800024,0.004680187207488196,0.5384615384615384,サンプル不足,-0.023885206318271505
v7,score,総合スコア,現行の全評価要素を合成した順位スコア,True,業種,その他製品,1d,1営業日,3,14,14,0.010993754919587605,0.0022853760531332257,0.5,サンプル不足,-0.023885206318271505
v7,score,総合スコア,現行の全評価要素を合成した順位スコア,True,業種,その他製品,1d,1営業日,4,11,9,-0.012349642122876515,0.0091012514220705,0.5555555555555556,サンプル不足,-0.023885206318271505
v7,score,総合スコア,現行の全評価要素を合成した順位スコア,True,業種,その他製品,1d,1営業日,5,20,19,0.0126854787872938,0.02091254752851701,0.5789473684210527,サンプル不足,-0.023885206318271505
v7,score,総合スコア,現行の全評価要素を合成した順位スコア,True,業種,その他製品,3d,3営業日,1,11,10,-0.006002452932827163,-0.006584999742712145,0.3,サンプル不足,0.0040603413302664395
v7,score,総合スコア,現行の全評価要素を合成した順位スコア,True,業種,その他製品,3d,3営業日,2,15,9,-0.017483456477924205,-0.03790849673202612,0.3333333333333333,サンプル不足,0.0040603413302664395
v7,score,総合スコア,現行の全評価要素を合成した順位スコア,True,業種,その他製品,3d,3営業日,3,14,13,-0.01114066341070306,-0.011793916821849826,0.38461538461538464,サンプル不足,0.0040603413302664395
v7,score,総合スコア,現行の全評価要素を合成した順位スコア,True,業種,その他製品,3d,3営業日,4,11,8,0.023798975663910583,0.023916783923155632,0.5,サンプル不足,0.0040603413302664395
v7,score,総合スコア,現行の全評価要素を合成した順位スコア,True,業種,その他製品,3d,3営業日,5,20,16,-0.0019421116025607234,-0.016434863763629258,0.375,サンプル不足,0.0040603413302664395
v7,score,総合スコア,現行の全評価要素を合成した順位スコア,True,業種,その他製品,5d,5営業日,1,11,10,-0.01355217848487992,-0.004865916955017313,0.4,サンプル不足,-0.024365301911889084
v7,score,総合スコア,現行の全評価要素を合成した順位スコア,True,業種,その他製品,5d,5営業日,2,15,9,-0.006917230465471562,-0.02352941176470591,0.3333333333333333,サンプル不足,-0.024365301911889084
v7,score,総合スコア,現行の全評価要素を合成した順位スコア,True,業種,その他製品,5d,5営業日,3,14,12,-0.012429591994213644,-0.00530254106858448,0.4166666666666667,サンプル不足,-0.024365301911889084
v7,score,総合スコア,現行の全評価要素を合成した順位スコア,True,業種,その他製品,5d,5営業日,4,11,7,0.04645055584921508,0.025797691785471866,0.5714285714285714,サンプル不足,-0.024365301911889084
v7,score,総合スコア,現行の全評価要素を合成した順位スコア,True,業種,その他製品,5d,5営業日,5,20,15,-0.037917480396769,-0.06234413965087282,0.3333333333333333,サンプル不足,-0.024365301911889084
v7,score,総合スコア,現行の全評価要素を合成した順位スコア,True,業種,その他金融業,10d,10営業日,1,10,7,0.01974102559505862,0.023375785910043634,0.8571428571428571,サンプル不足,-0.006405624757719424
v7,score,総合スコア,現行の全評価要素を合成した順位スコア,True,業種,その他金融業,10d,10営業日,2,16,9,-0.02054338724601156,-0.027266681445355823,0.1111111111111111,サンプル不足,-0.006405624757719424
v7,score,総合スコア,現行の全評価要素を合成した順位スコア,True,業種,その他金融業,10d,10営業日,3,9,5,-0.07528730994931278,0.0009486166007905972,0.6,サンプル不足,-0.006405624757719424
v7,score,総合スコア,現行の全評価要素を合成した順位スコア,True,業種,その他金融業,10d,10営業日,4,1,1,0.013335400837339195,0.013335400837339195,1.0,サンプル不足,-0.006405624757719424
v7,score,総合スコア,現行の全評価要素を合成した順位スコア,True,業種,その他金融業,10d,10営業日,5,1,0,,,,サンプル不足,-0.006405624757719424
v7,score,総合スコア,現行の全評価要素を合成した順位スコア,True,業種,その他金融業,1d,1営業日,1,10,10,0.0068508805909912925,0.011179560232750019,0.6,サンプル不足,-0.005698806858272431
v7,score,総合スコア,現行の全評価要素を合成した順位スコア,True,業種,その他金融業,1d,1営業日,2,16,16,-0.005019879485083995,-0.008387850317712442,0.25,サンプル不足,-0.005698806858272431
v7,score,総合スコア,現行の全評価要素を合成した順位スコア,True,業種,その他金融業,1d,1営業日,3,9,9,-0.01803738819625865,0.0017397355601949105,0.6666666666666666,サンプル不足,-0.005698806858272431
v7,score,総合スコア,現行の全評価要素を合成した順位スコア,True,業種,その他金融業,1d,1営業日,4,1,1,0.003101256008683606,0.003101256008683606,1.0,サンプル不足,-0.005698806858272431
v7,score,総合スコア,現行の全評価要素を合成した順位スコア,True,業種,その他金融業,1d,1営業日,5,1,1,0.0011520737327188613,0.0011520737327188613,1.0,サンプル不足,-0.005698806858272431
v7,score,総合スコア,現行の全評価要素を合成した順位スコア,True,業種,その他金融業,3d,3営業日,1,10,10,0.007049411389647919,0.007712858133086864,0.6,サンプル不足,0.012535842066573388
v7,score,総合スコア,現行の全評価要素を合成した順位スコア,True,業種,その他金融業,3d,3営業日,2,16,14,-0.00320698013960844,-0.006174728049728071,0.42857142857142855,サンプル不足,0.012535842066573388
v7,score,総合スコア,現行の全評価要素を合成した順位スコア,True,業種,その他金融業,3d,3営業日,3,9,9,-0.04525155428199897,-0.013961605584642212,0.3333333333333333,サンプル不足,0.012535842066573388
v7,score,総合スコア,現行の全評価要素を合成した順位スコア,True,業種,その他金融業,3d,3営業日,4,1,1,-0.0029461932082492925,-0.0029461932082492925,0.0,サンプル不足,0.012535842066573388
v7,score,総合スコア,現行の全評価要素を合成した順位スコア,True,業種,その他金融業,3d,3営業日,5,1,1,0.019585253456221308,0.019585253456221308,1.0,サンプル不足,0.012535842066573388
v7,score,総合スコア,現行の全評価要素を合成した順位スコア,True,業種,その他金融業,5d,5営業日,1,10,10,0.002355224161215352,-0.009987578768783312,0.4,サンプル不足,0.007878920667440236
v7,score,総合スコア,現行の全評価要素を合成した順位スコア,True,業種,その他金融業,5d,5営業日,2,16,14,0.0009103757746532928,0.0025501406220400646,0.5714285714285714,サンプル不足,0.007878920667440236
v7,score,総合スコア,現行の全評価要素を合成した順位スコア,True,業種,その他金融業,5d,5営業日,3,9,8,-0.047159361295631155,-0.015633411610000147,0.25,サンプル不足,0.007878920667440236
v7,score,総合スコア,現行の全評価要素を合成した順位スコア,True,業種,その他金融業,5d,5営業日,4,1,1,0.01023414482865559,0.01023414482865559,1.0,サンプル不足,0.007878920667440236
v7,score,総合スコア,現行の全評価要素を合成した順位スコア,True,業種,その他金融業,5d,5営業日,5,1,0,,,,サンプル不足,0.007878920667440236
v7,score,総合スコア,現行の全評価要素を合成した順位スコア,True,業種,ガラス・土石製品,10d,10営業日,1,8,7,-0.07106255073493133,-0.1011904761904761,0.42857142857142855,サンプル不足,-0.13165351809413733
v7,score,総合スコア,現行の全評価要素を合成した順位スコア,True,業種,ガラス・土石製品,10d,10営業日,2,2,1,0.0251623376623375,0.0251623376623375,1.0,サンプル不足,-0.13165351809413733
v7,score,総合スコア,現行の全評価要素を合成した順位スコア,True,業種,ガラス・土石製品,10d,10営業日,3,7,6,-0.09002893087389556,-0.07757042498875605,0.0,サンプル不足,-0.13165351809413733
v7,score,総合スコア,現行の全評価要素を合成した順位スコア,True,業種,ガラス・土石製品,10d,10営業日,4,3,2,-0.0861851332398317,-0.0861851332398317,0.0,サンプル不足,-0.13165351809413733
v7,score,総合スコア,現行の全評価要素を合成した順位スコア,True,業種,ガラス・土石製品,10d,10営業日,5,3,3,-0.20271606882906865,-0.2664864864864865,0.3333333333333333,サンプル不足,-0.13165351809413733
v7,score,総合スコア,現行の全評価要素を合成した順位スコア,True,業種,ガラス・土石製品,1d,1営業日,1,8,8,-0.03189629325674973,-0.023451058231549693,0.375,サンプル不足,-0.010606322219801276
v7,score,総合スコア,現行の全評価要素を合成した順位スコア,True,業種,ガラス・土石製品,1d,1営業日,2,2,2,-0.018720572256428793,-0.018720572256428793,0.0,サンプル不足,-0.010606322219801276
v7,score,総合スコア,現行の全評価要素を合成した順位スコア,True,業種,ガラス・土石製品,1d,1営業日,3,7,7,-0.0023170939308334005,-0.0143014301430143,0.2857142857142857,サンプル不足,-0.010606322219801276
v7,score,総合スコア,現行の全評価要素を合成した順位スコア,True,業種,ガラス・土石製品,1d,1営業日,4,3,3,-0.06329672921280573,-0.10801781737193761,0.3333333333333333,サンプル不足,-0.010606322219801276
v7,score,総合スコア,現行の全評価要素を合成した順位スコア,True,業種,ガラス・土石製品,1d,1営業日,5,3,3,-0.04250261547655101,-0.0005216484089723,0.3333333333333333,サンプル不足,-0.010606322219801276
v7,score,総合スコア,現行の全評価要素を合成した順位スコア,True,業種,ガラス・土石製品,3d,3営業日,1,8,8,-0.04918707422103774,-0.052086660717167166,0.25,サンプル不足,-0.05677364169272976
v7,score,総合スコア,現行の全評価要素を合成した順位スコア,True,業種,ガラス・土石製品,3d,3営業日,2,2,1,-0.0308441558441558,-0.0308441558441558,0.0,サンプル不足,-0.05677364169272976
v7,score,総合スコア,現行の全評価要素を合成した順位スコア,True,業種,ガラス・土石製品,3d,3営業日,3,7,6,-0.03422629631274141,-0.036094965618535035,0.16666666666666666,サンプル不足,-0.05677364169272976
v7,score,総合スコア,現行の全評価要素を合成した順位スコア,True,業種,ガラス・土石製品,3d,3営業日,4,3,3,-0.0915366355306912,-0.12249443207126953,0.0,サンプル不足,-0.05677364169272976
v7,score,総合スコア,現行の全評価要素を合成した順位スコア,True,業種,ガラス・土石製品,3d,3営業日,5,3,3,-0.1059607159137675,-0.1016216216216215,0.3333333333333333,サンプル不足,-0.05677364169272976
v7,score,総合スコア,現行の全評価要素を合成した順位スコア,True,業種,ガラス・土石製品,5d,5営業日,1,8,8,-0.07470465168210878,-0.04863221884498481,0.125,サンプル不足,0.018949494827712833
v7,score,総合スコア,現行の全評価要素を合成した順位スコア,True,業種,ガラス・土石製品,5d,5営業日,2,2,1,-0.0056818181818182,-0.0056818181818182,0.0,サンプル不足,0.018949494827712833
v7,score,総合スコア,現行の全評価要素を合成した順位スコア,True,業種,ガラス・土石製品,5d,5営業日,3,7,6,-0.05847922177694904,-0.07064431412747223,0.16666666666666666,サンプル不足,0.018949494827712833
v7,score,総合スコア,現行の全評価要素を合成した順位スコア,True,業種,ガラス・土石製品,5d,5営業日,4,3,2,-0.054973118279569855,-0.054973118279569855,0.5,サンプル不足,0.018949494827712833
v7,score,総合スコア,現行の全評価要素を合成した順位スコア,True,業種,ガラス・土石製品,5d,5営業日,5,3,3,-0.05575515685439595,0.0356756756756757,0.6666666666666666,サンプル不足,0.018949494827712833
v7,score,総合スコア,現行の全評価要素を合成した順位スコア,True,業種,ゴム製品,10d,10営業日,1,8,6,0.03368495457695344,0.04839352597718283,0.8333333333333334,サンプル不足,-0.1250650657769353
v7,score,総合スコア,現行の全評価要素を合成した順位スコア,True,業種,ゴム製品,10d,10営業日,2,6,4,0.08823511155253536,0.07057808505463803,1.0,サンプル不足,-0.1250650657769353
v7,score,総合スコア,現行の全評価要素を合成した順位スコア,True,業種,ゴム製品,10d,10営業日,3,6,3,0.1066350254928868,0.11975116640746508,1.0,サンプル不足,-0.1250650657769353
v7,score,総合スコア,現行の全評価要素を合成した順位スコア,True,業種,ゴム製品,10d,10営業日,4,8,5,0.03206485700149659,0.0351999999999999,0.8,サンプル不足,-0.1250650657769353
v7,score,総合スコア,現行の全評価要素を合成した順位スコア,True,業種,ゴム製品,10d,10営業日,5,7,3,-0.09138011119998186,-0.1353092783505154,0.3333333333333333,サンプル不足,-0.1250650657769353
v7,score,総合スコア,現行の全評価要素を合成した順位スコア,True,業種,ゴム製品,1d,1営業日,1,8,8,0.005650509460510984,0.007620559657241288,0.75,サンプル不足,-0.020752603666525954
v7,score,総合スコア,現行の全評価要素を合成した順位スコア,True,業種,ゴム製品,1d,1営業日,2,6,6,0.004657449365950574,-0.0018970376851963064,0.3333333333333333,サンプル不足,-0.020752603666525954
v7,score,総合スコア,現行の全評価要素を合成した順位スコア,True,業種,ゴム製品,1d,1営業日,3,6,5,0.024024342462837734,0.017602040816326436,1.0,サンプル不足,-0.020752603666525954
v7,score,総合スコア,現行の全評価要素を合成した順位スコア,True,業種,ゴム製品,1d,1営業日,4,8,7,0.005862999446260934,-0.005837092066861227,0.2857142857142857,サンプル不足,-0.020752603666525954
v7,score,総合スコア,現行の全評価要素を合成した順位スコア,True,業種,ゴム製品,1d,1営業日,5,7,7,-0.015102094206014969,-0.012862547288776782,0.2857142857142857,サンプル不足,-0.020752603666525954
v7,score,総合スコア,現行の全評価要素を合成した順位スコア,True,業種,ゴム製品,3d,3営業日,1,8,7,-0.0022059318383591325,0.0,0.42857142857142855,サンプル不足,-0.02281406947779811
v7,score,総合スコア,現行の全評価要素を合成した順位スコア,True,業種,ゴム製品,3d,3営業日,2,6,4,0.01572826845812711,0.02395306340547887,0.75,サンプル不足,-0.02281406947779811
v7,score,総合スコア,現行の全評価要素を合成した順位スコア,True,業種,ゴム製品,3d,3営業日,3,6,4,0.06945013542361883,0.07590376741676452,1.0,サンプル不足,-0.02281406947779811
v7,score,総合スコア,現行の全評価要素を合成した順位スコア,True,業種,ゴム製品,3d,3営業日,4,8,7,0.01838963092795331,0.02243424445590514,0.8571428571428571,サンプル不足,-0.02281406947779811
v7,score,総合スコア,現行の全評価要素を合成した順位スコア,True,業種,ゴム製品,3d,3営業日,5,7,6,-0.025020001316157243,-0.026415393956377542,0.3333333333333333,サンプル不足,-0.02281406947779811
v7,score,総合スコア,現行の全評価要素を合成した順位スコア,True,業種,ゴム製品,5d,5営業日,1,8,7,-0.0003414298420253544,0.01911554921540648,0.7142857142857143,サンプル不足,-0.01828753339841238
v7,score,総合スコア,現行の全評価要素を合成した順位スコア,True,業種,ゴム製品,5d,5営業日,2,6,4,0.03227306169462927,0.027858663027071406,1.0,サンプル不足,-0.01828753339841238
v7,score,総合スコア,現行の全評価要素を合成した順位スコア,True,業種,ゴム製品,5d,5営業日,3,6,3,0.02816392958180865,0.014515292897874454,1.0,サンプル不足,-0.01828753339841238
v7,score,総合スコア,現行の全評価要素を合成した順位スコア,True,業種,ゴム製品,5d,5営業日,4,8,7,0.0687604038958828,0.0815999999999999,1.0,サンプル不足,-0.01828753339841238
v7,score,総合スコア,現行の全評価要素を合成した順位スコア,True,業種,ゴム製品,5d,5営業日,5,7,6,-0.018628963240437734,-0.031802708857725015,0.3333333333333333,サンプル不足,-0.01828753339841238
v7,score,総合スコア,現行の全評価要素を合成した順位スコア,True,業種,サービス業,10d,10営業日,1,58,40,0.0031293046075761845,0.009177507968300302,0.65,評価可能,-0.048441755103869014
v7,score,総合スコア,現行の全評価要素を合成した順位スコア,True,業種,サービス業,10d,10営業日,2,80,58,0.04011288237408785,0.03248887190375971,0.6551724137931034,評価可能,-0.048441755103869014
v7,score,総合スコア,現行の全評価要素を合成した順位スコア,True,業種,サービス業,10d,10営業日,3,76,50,0.018622594823170902,0.03946616632504847,0.66,評価可能,-0.048441755103869014
v7,score,総合スコア,現行の全評価要素を合成した順位スコア,True,業種,サービス業,10d,10営業日,4,73,65,0.003559766589908829,0.008113590263691739,0.5384615384615384,評価可能,-0.048441755103869014
v7,score,総合スコア,現行の全評価要素を合成した順位スコア,True,業種,サービス業,10d,10営業日,5,60,42,-0.04531245049629283,-0.03090373543380625,0.40476190476190477,評価可能,-0.048441755103869014
v7,score,総合スコア,現行の全評価要素を合成した順位スコア,True,業種,サービス業,1d,1営業日,1,58,57,0.0005562965383532187,0.0011570317187459267,0.5614035087719298,評価可能,0.005472805847395731
v7,score,総合スコア,現行の全評価要素を合成した順位スコア,True,業種,サービス業,1d,1営業日,2,80,77,0.00045698777435235693,0.0,0.4675324675324675,評価可能,0.005472805847395731
v7,score,総合スコア,現行の全評価要素を合成した順位スコア,True,業種,サービス業,1d,1営業日,3,76,73,0.005590162438603946,0.007431490942870322,0.589041095890411,評価可能,0.005472805847395731
v7,score,総合スコア,現行の全評価要素を合成した順位スコア,True,業種,サービス業,1d,1営業日,4,73,71,0.005391262686078063,-0.002097315436241587,0.4647887323943662,評価可能,0.005472805847395731
v7,score,総合スコア,現行の全評価要素を合成した順位スコア,True,業種,サービス業,1d,1営業日,5,60,58,0.006029102385748949,-0.006509971536582448,0.4482758620689655,評価可能,0.005472805847395731
v7,score,総合スコア,現行の全評価要素を合成した順位スコア,True,業種,サービス業,3d,3営業日,1,58,56,-0.00025286881436786563,0.0010683760683760646,0.5178571428571429,評価可能,-0.0012331587297341323
v7,score,総合スコア,現行の全評価要素を合成した順位スコア,True,業種,サービス業,3d,3営業日,2,80,72,0.010573220839456289,0.0016569058244063628,0.5138888888888888,評価可能,-0.0012331587297341323
v7,score,総合スコア,現行の全評価要素を合成した順位スコア,True,業種,サービス業,3d,3営業日,3,76,64,-0.0064323229078292726,0.0016745451346259221,0.515625,評価可能,-0.0012331587297341323
v7,score,総合スコア,現行の全評価要素を合成した順位スコア,True,業種,サービス業,3d,3営業日,4,73,69,0.010767413769538594,-0.0006353240152477957,0.4927536231884058,評価可能,-0.0012331587297341323
v7,score,総合スコア,現行の全評価要素を合成した順位スコア,True,業種,サービス業,3d,3営業日,5,60,58,-0.001486027544101998,-0.0033229510170827425,0.46551724137931033,評価可能,-0.0012331587297341323
v7,score,総合スコア,現行の全評価要素を合成した順位スコア,True,業種,サービス業,5d,5営業日,1,58,52,-0.007188190684095188,0.00035612535612539187,0.5,評価可能,-0.01826707315101036
v7,score,総合スコア,現行の全評価要素を合成した順位スコア,True,業種,サービス業,5d,5営業日,2,80,71,0.01667435240083121,-0.001516300227445,0.49295774647887325,評価可能,-0.01826707315101036
v7,score,総合スコア,現行の全評価要素を合成した順位スコア,True,業種,サービス業,5d,5営業日,3,76,60,-0.0006901684536356015,0.004205862389179732,0.55,評価可能,-0.01826707315101036
v7,score,総合スコア,現行の全評価要素を合成した順位スコア,True,業種,サービス業,5d,5営業日,4,73,68,0.007839793039980402,0.0036308564853727364,0.5147058823529411,評価可能,-0.01826707315101036
v7,score,総合スコア,現行の全評価要素を合成した順位スコア,True,業種,サービス業,5d,5営業日,5,60,55,-0.025455263835105546,-0.016324233042499303,0.4,評価可能,-0.01826707315101036
v7,score,総合スコア,現行の全評価要素を合成した順位スコア,True,業種,パルプ・紙,10d,10営業日,1,3,1,0.01241773271027391,0.01241773271027391,1.0,サンプル不足,-0.07901437187525082
v7,score,総合スコア,現行の全評価要素を合成した順位スコア,True,業種,パルプ・紙,10d,10営業日,2,5,2,-0.007181912542381926,-0.007181912542381926,0.5,サンプル不足,-0.07901437187525082
v7,score,総合スコア,現行の全評価要素を合成した順位スコア,True,業種,パルプ・紙,10d,10営業日,3,2,1,-0.2310679611650485,-0.2310679611650485,0.0,サンプル不足,-0.07901437187525082
v7,score,総合スコア,現行の全評価要素を合成した順位スコア,True,業種,パルプ・紙,10d,10営業日,4,2,2,-0.15802024954450056,-0.15802024954450056,0.0,サンプル不足,-0.07901437187525082
v7,score,総合スコア,現行の全評価要素を合成した順位スコア,True,業種,パルプ・紙,10d,10営業日,5,5,4,-0.0665966391649769,-0.08845012204246339,0.25,サンプル不足,-0.07901437187525082
v7,score,総合スコア,現行の全評価要素を合成した順位スコア,True,業種,パルプ・紙,1d,1営業日,1,3,3,-0.011468303284429568,-0.012293509908075873,0.0,サンプル不足,-0.00015848558553024743
v7,score,総合スコア,現行の全評価要素を合成した順位スコア,True,業種,パルプ・紙,1d,1営業日,2,5,5,-0.029570491308796087,-0.023263795967147005,0.2,サンプル不足,-0.00015848558553024743
v7,score,総合スコア,現行の全評価要素を合成した順位スコア,True,業種,パルプ・紙,1d,1営業日,3,2,2,-0.04567840884513608,-0.04567840884513608,0.0,サンプル不足,-0.00015848558553024743
v7,score,総合スコア,現行の全評価要素を合成した順位スコア,True,業種,パルプ・紙,1d,1営業日,4,2,2,-0.011704605733527012,-0.011704605733527012,0.5,サンプル不足,-0.00015848558553024743
v7,score,総合スコア,現行の全評価要素を合成した順位スコア,True,業種,パルプ・紙,1d,1営業日,5,5,5,-0.011626788869959815,-0.011768349334159156,0.4,サンプル不足,-0.00015848558553024743
v7,score,総合スコア,現行の全評価要素を合成した順位スコア,True,業種,パルプ・紙,3d,3営業日,1,3,3,-0.0022276175862178857,-0.0028529042962747164,0.3333333333333333,サンプル不足,-0.038682254332739474
v7,score,総合スコア,現行の全評価要素を合成した順位スコア,True,業種,パルプ・紙,3d,3営業日,2,5,4,-0.024714975199637654,-0.01633484271566352,0.5,サンプル不足,-0.038682254332739474
v7,score,総合スコア,現行の全評価要素を合成した順位スコア,True,業種,パルプ・紙,3d,3営業日,3,2,2,-0.09718195021871867,-0.09718195021871867,0.0,サンプル不足,-0.038682254332739474
v7,score,総合スコア,現行の全評価要素を合成した順位スコア,True,業種,パルプ・紙,3d,3営業日,4,2,2,-0.012866335214636593,-0.012866335214636593,0.5,サンプル不足,-0.038682254332739474
v7,score,総合スコア,現行の全評価要素を合成した順位スコア,True,業種,パルプ・紙,3d,3営業日,5,5,5,-0.04090987191895736,-0.053459119496855334,0.2,サンプル不足,-0.038682254332739474
v7,score,総合スコア,現行の全評価要素を合成した順位スコア,True,業種,パルプ・紙,5d,5営業日,1,3,3,0.010429793254099281,0.0017889087656528524,0.6666666666666666,サンプル不足,-0.052528280991536926
v7,score,総合スコア,現行の全評価要素を合成した順位スコア,True,業種,パルプ・紙,5d,5営業日,2,5,2,-0.013508849582269528,-0.013508849582269528,0.5,サンプル不足,-0.052528280991536926
v7,score,総合スコア,現行の全評価要素を合成した順位スコア,True,業種,パルプ・紙,5d,5営業日,3,2,2,-0.10964007827964971,-0.10964007827964971,0.5,サンプル不足,-0.052528280991536926
v7,score,総合スコア,現行の全評価要素を合成した順位スコア,True,業種,パルプ・紙,5d,5営業日,4,2,2,-0.030820096668017473,-0.030820096668017473,0.5,サンプル不足,-0.052528280991536926
v7,score,総合スコア,現行の全評価要素を合成した順位スコア,True,業種,パルプ・紙,5d,5営業日,5,5,4,-0.04209848773743764,-0.05515143992055607,0.25,サンプル不足,-0.052528280991536926
v7,score,総合スコア,現行の全評価要素を合成した順位スコア,True,業種,不動産業,10d,10営業日,1,11,5,0.0025979552002261346,-0.012201073694485087,0.2,サンプル不足,-0.01732580012740176
v7,score,総合スコア,現行の全評価要素を合成した順位スコア,True,業種,不動産業,10d,10営業日,2,13,7,-0.03847299026253883,-0.038095238095238,0.42857142857142855,サンプル不足,-0.01732580012740176
v7,score,総合スコア,現行の全評価要素を合成した順位スコア,True,業種,不動産業,10d,10営業日,3,7,5,-0.017106797133690434,-0.002790178571428603,0.4,サンプル不足,-0.01732580012740176
v7,score,総合スコア,現行の全評価要素を合成した順位スコア,True,業種,不動産業,10d,10営業日,4,12,9,-0.018909976978891664,-0.06422018348623848,0.3333333333333333,サンプル不足,-0.01732580012740176
v7,score,総合スコア,現行の全評価要素を合成した順位スコア,True,業種,不動産業,10d,10営業日,5,12,9,-0.014727844927175628,0.023020774845592396,0.5555555555555556,サンプル不足,-0.01732580012740176
v7,score,総合スコア,現行の全評価要素を合成した順位スコア,True,業種,不動産業,1d,1営業日,1,11,10,0.010908907203082305,-0.0067470139725545,0.2,サンプル不足,-0.01780304342502551
v7,score,総合スコア,現行の全評価要素を合成した順位スコア,True,業種,不動産業,1d,1営業日,2,13,12,-0.037464645753557936,-0.027606585056986044,0.25,サンプル不足,-0.01780304342502551
v7,score,総合スコア,現行の全評価要素を合成した順位スコア,True,業種,不動産業,1d,1営業日,3,7,7,-0.02248921824418845,-0.0335463258785942,0.2857142857142857,サンプル不足,-0.01780304342502551
v7,score,総合スコア,現行の全評価要素を合成した順位スコア,True,業種,不動産業,1d,1営業日,4,12,12,0.010296422628428043,0.0,0.4166666666666667,サンプル不足,-0.01780304342502551
v7,score,総合スコア,現行の全評価要素を合成した順位スコア,True,業種,不動産業,1d,1営業日,5,12,12,-0.006894136221943205,-0.00022271714922050823,0.4166666666666667,サンプル不足,-0.01780304342502551
v7,score,総合スコア,現行の全評価要素を合成した順位スコア,True,業種,不動産業,3d,3営業日,1,11,10,-0.017669079625619238,-0.012971686418406302,0.2,サンプル不足,-0.004068689005939988
v7,score,総合スコア,現行の全評価要素を合成した順位スコア,True,業種,不動産業,3d,3営業日,2,13,11,-0.03366166015480299,-0.0142857142857142,0.2727272727272727,サンプル不足,-0.004068689005939988
v7,score,総合スコア,現行の全評価要素を合成した順位スコア,True,業種,不動産業,3d,3営業日,3,7,7,-0.016761127176486604,-0.025111607142857095,0.2857142857142857,サンプル不足,-0.004068689005939988
v7,score,総合スコア,現行の全評価要素を合成した順位スコア,True,業種,不動産業,3d,3営業日,4,12,12,-0.01643265529613339,-0.009966704953546806,0.16666666666666666,サンプル不足,-0.004068689005939988
v7,score,総合スコア,現行の全評価要素を合成した順位スコア,True,業種,不動産業,3d,3営業日,5,12,12,-0.021737768631559226,-0.0005966887273805566,0.4166666666666667,サンプル不足,-0.004068689005939988
v7,score,総合スコア,現行の全評価要素を合成した順位スコア,True,業種,不動産業,5d,5営業日,1,11,8,-0.02066872620742914,-0.008971542635892183,0.25,サンプル不足,0.035818427104323224
v7,score,総合スコア,現行の全評価要素を合成した順位スコア,True,業種,不動産業,5d,5営業日,2,13,10,-0.014043498097566377,-0.014883456889067004,0.3,サンプル不足,0.035818427104323224
v7,score,総合スコア,現行の全評価要素を合成した順位スコア,True,業種,不動産業,5d,5営業日,3,7,7,-0.02704911623971374,-0.0035087719298245723,0.2857142857142857,サンプル不足,0.035818427104323224
v7,score,総合スコア,現行の全評価要素を合成した順位スコア,True,業種,不動産業,5d,5営業日,4,12,11,-0.02836381602258301,-0.02708559046587211,0.2727272727272727,サンプル不足,0.035818427104323224
v7,score,総合スコア,現行の全評価要素を合成した順位スコア,True,業種,不動産業,5d,5営業日,5,12,9,0.015149700896894084,0.007860752386299907,0.5555555555555556,サンプル不足,0.035818427104323224
v7,score,総合スコア,現行の全評価要素を合成した順位スコア,True,業種,保険業,10d,10営業日,1,18,14,0.04321236507278332,0.04297533849106461,0.8571428571428571,サンプル不足,-0.05526656286736071
v7,score,総合スコア,現行の全評価要素を合成した順位スコア,True,業種,保険業,10d,10営業日,2,18,13,0.03320707744505342,0.04075492341356668,0.8461538461538461,サンプル不足,-0.05526656286736071
v7,score,総合スコア,現行の全評価要素を合成した順位スコア,True,業種,保険業,10d,10営業日,3,22,17,0.004182717391519143,0.00042194092826997043,0.5294117647058824,サンプル不足,-0.05526656286736071
v7,score,総合スコア,現行の全評価要素を合成した順位スコア,True,業種,保険業,10d,10営業日,4,24,17,0.002889993826899336,0.006577144423129733,0.5882352941176471,サンプル不足,-0.05526656286736071
v7,score,総合スコア,現行の全評価要素を合成した順位スコア,True,業種,保険業,10d,10営業日,5,8,6,-0.012054197794577393,-0.0029519072189549966,0.5,サンプル不足,-0.05526656286736071
v7,score,総合スコア,現行の全評価要素を合成した順位スコア,True,業種,保険業,1d,1営業日,1,18,18,-0.000525009274122554,-0.0030139595353867454,0.4444444444444444,サンプル不足,-0.004163363089309504
v7,score,総合スコア,現行の全評価要素を合成した順位スコア,True,業種,保険業,1d,1営業日,2,18,18,0.004167616880164395,0.0028663779165120085,0.6111111111111112,サンプル不足,-0.004163363089309504
v7,score,総合スコア,現行の全評価要素を合成した順位スコア,True,業種,保険業,1d,1営業日,3,22,22,0.0005868379916544673,0.007107165007973371,0.5909090909090909,サンプル不足,-0.004163363089309504
v7,score,総合スコア,現行の全評価要素を合成した順位スコア,True,業種,保険業,1d,1営業日,4,24,24,-0.003315452202056123,-0.0050775764330032724,0.4583333333333333,サンプル不足,-0.004163363089309504
v7,score,総合スコア,現行の全評価要素を合成した順位スコア,True,業種,保険業,1d,1営業日,5,8,8,-0.004688372363432058,0.0020857198520460862,0.625,サンプル不足,-0.004163363089309504
v7,score,総合スコア,現行の全評価要素を合成した順位スコア,True,業種,保険業,3d,3営業日,1,18,17,0.005419245951237113,0.0012812103806680852,0.5294117647058824,サンプル不足,-0.018365883720723446
v7,score,総合スコア,現行の全評価要素を合成した順位スコア,True,業種,保険業,3d,3営業日,2,18,17,0.004772285306414949,0.007682458386683688,0.5882352941176471,サンプル不足,-0.018365883720723446
v7,score,総合スコア,現行の全評価要素を合成した順位スコア,True,業種,保険業,3d,3営業日,3,22,22,0.001406244999607953,0.011876706174050455,0.6363636363636364,サンプル不足,-0.018365883720723446
v7,score,総合スコア,現行の全評価要素を合成した順位スコア,True,業種,保険業,3d,3営業日,4,24,24,-0.00395723118434987,-0.0009032080195173209,0.5,サンプル不足,-0.018365883720723446
v7,score,総合スコア,現行の全評価要素を合成した順位スコア,True,業種,保険業,3d,3営業日,5,8,8,-0.012946637769486333,-0.015487351373543623,0.25,サンプル不足,-0.018365883720723446
v7,score,総合スコア,現行の全評価要素を合成した順位スコア,True,業種,保険業,5d,5営業日,1,18,17,0.01659413291895034,0.009350649350649443,0.6470588235294118,サンプル不足,-0.03809507951869924
v7,score,総合スコア,現行の全評価要素を合成した順位スコア,True,業種,保険業,5d,5営業日,2,18,16,0.00671393081498857,0.005847979536747372,0.5,サンプル不足,-0.03809507951869924
v7,score,総合スコア,現行の全評価要素を合成した順位スコア,True,業種,保険業,5d,5営業日,3,22,20,0.0033500612358062453,0.011070751665254286,0.65,サンプル不足,-0.03809507951869924
v7,score,総合スコア,現行の全評価要素を合成した順位スコア,True,業種,保険業,5d,5営業日,4,24,24,-0.00647921512735299,-0.006591573123630179,0.4166666666666667,サンプル不足,-0.03809507951869924
v7,score,総合スコア,現行の全評価要素を合成した順位スコア,True,業種,保険業,5d,5営業日,5,8,8,-0.021500946599748896,-0.016758145444307537,0.125,サンプル不足,-0.03809507951869924
v7,score,総合スコア,現行の全評価要素を合成した順位スコア,True,業種,倉庫・運輸関連業,10d,10営業日,1,6,3,-0.0137492176311149,-0.0114848236259228,0.3333333333333333,サンプル不足,0.04168183458215916
v7,score,総合スコア,現行の全評価要素を合成した順位スコア,True,業種,倉庫・運輸関連業,10d,10営業日,2,1,1,0.009380863039399667,0.009380863039399667,1.0,サンプル不足,0.04168183458215916
v7,score,総合スコア,現行の全評価要素を合成した順位スコア,True,業種,倉庫・運輸関連業,10d,10営業日,3,5,5,0.04321352391336799,-0.0023291925465838137,0.4,サンプル不足,0.04168183458215916
v7,score,総合スコア,現行の全評価要素を合成した順位スコア,True,業種,倉庫・運輸関連業,10d,10営業日,4,1,1,-0.0371819960861057,-0.0371819960861057,0.0,サンプル不足,0.04168183458215916
v7,score,総合スコア,現行の全評価要素を合成した順位スコア,True,業種,倉庫・運輸関連業,10d,10営業日,5,6,6,0.027932616951044265,0.05331027245994853,0.5,サンプル不足,0.04168183458215916
v7,score,総合スコア,現行の全評価要素を合成した順位スコア,True,業種,倉庫・運輸関連業,1d,1営業日,1,6,6,0.001139176605835169,0.0,0.3333333333333333,サンプル不足,-0.027803144276060038
v7,score,総合スコア,現行の全評価要素を合成した順位スコア,True,業種,倉庫・運輸関連業,1d,1営業日,2,1,1,-0.018761726078799223,-0.018761726078799223,0.0,サンプル不足,-0.027803144276060038
v7,score,総合スコア,現行の全評価要素を合成した順位スコア,True,業種,倉庫・運輸関連業,1d,1営業日,3,5,5,-0.0025091553549683177,-0.005822981366459645,0.4,サンプル不足,-0.027803144276060038
v7,score,総合スコア,現行の全評価要素を合成した順位スコア,True,業種,倉庫・運輸関連業,1d,1営業日,4,1,1,-0.0019569471624266,-0.0019569471624266,0.0,サンプル不足,-0.027803144276060038
v7,score,総合スコア,現行の全評価要素を合成した順位スコア,True,業種,倉庫・運輸関連業,1d,1営業日,5,6,6,-0.02666396767022487,-0.0062227753578095735,0.3333333333333333,サンプル不足,-0.027803144276060038
v7,score,総合スコア,現行の全評価要素を合成した順位スコア,True,業種,倉庫・運輸関連業,3d,3営業日,1,6,4,0.006619735659785385,0.00143266475644695,0.5,サンプル不足,-0.026260141619780984
v7,score,総合スコア,現行の全評価要素を合成した順位スコア,True,業種,倉庫・運輸関連業,3d,3営業日,2,1,1,-0.015009380863039379,-0.015009380863039379,0.0,サンプル不足,-0.026260141619780984
v7,score,総合スコア,現行の全評価要素を合成した順位スコア,True,業種,倉庫・運輸関連業,3d,3営業日,3,5,5,0.013151400599320785,0.0063816209317166805,0.6,サンプル不足,-0.026260141619780984
v7,score,総合スコア,現行の全評価要素を合成した順位スコア,True,業種,倉庫・運輸関連業,3d,3営業日,4,1,1,-0.0039138943248532,-0.0039138943248532,0.0,サンプル不足,-0.026260141619780984
v7,score,総合スコア,現行の全評価要素を合成した順位スコア,True,業種,倉庫・運輸関連業,3d,3営業日,5,6,6,-0.0196404059599956,-0.012886481621729673,0.3333333333333333,サンプル不足,-0.026260141619780984
v7,score,総合スコア,現行の全評価要素を合成した順位スコア,True,業種,倉庫・運輸関連業,5d,5営業日,1,6,4,0.005534682334101473,0.00203910857459845,0.5,サンプル不足,-0.012224175665146053
v7,score,総合スコア,現行の全評価要素を合成した順位スコア,True,業種,倉庫・運輸関連業,5d,5営業日,2,1,1,-0.016885553470919357,-0.016885553470919357,0.0,サンプル不足,-0.012224175665146053
v7,score,総合スコア,現行の全評価要素を合成した順位スコア,True,業種,倉庫・運輸関連業,5d,5営業日,3,5,5,0.011755442257599969,0.0204211869814932,0.6,サンプル不足,-0.012224175665146053
v7,score,総合スコア,現行の全評価要素を合成した順位スコア,True,業種,倉庫・運輸関連業,5d,5営業日,4,1,1,-0.0234833659491193,-0.0234833659491193,0.0,サンプル不足,-0.012224175665146053
v7,score,総合スコア,現行の全評価要素を合成した順位スコア,True,業種,倉庫・運輸関連業,5d,5営業日,5,6,6,-0.006689493331044581,0.016447694591851525,0.5,サンプル不足,-0.012224175665146053
v7,score,総合スコア,現行の全評価要素を合成した順位スコア,True,業種,化学,10d,10営業日,1,53,45,-0.012450402025000685,0.013007614213198071,0.6,評価可能,-0.09768142002017742
v7,score,総合スコア,現行の全評価要素を合成した順位スコア,True,業種,化学,10d,10営業日,2,67,53,-0.03510061721659112,-0.010546241211465635,0.41509433962264153,評価可能,-0.09768142002017742
v7,score,総合スコア,現行の全評価要素を合成した順位スコア,True,業種,化学,10d,10営業日,3,60,44,-0.03297388826641056,-0.012900539047171089,0.38636363636363635,評価可能,-0.09768142002017742
v7,score,総合スコア,現行の全評価要素を合成した順位スコア,True,業種,化学,10d,10営業日,4,56,29,-0.0654759153570725,-0.05664488017429192,0.2413793103448276,サンプル不足,-0.09768142002017742
v7,score,総合スコア,現行の全評価要素を合成した順位スコア,True,業種,化学,10d,10営業日,5,32,15,-0.1101318220451781,-0.031385281385281405,0.06666666666666667,サンプル不足,-0.09768142002017742
v7,score,総合スコア,現行の全評価要素を合成した順位スコア,True,業種,化学,1d,1営業日,1,53,52,-0.005159657412527431,-0.0023018326959374225,0.4230769230769231,評価可能,0.005892060175814914
v7,score,総合スコア,現行の全評価要素を合成した順位スコア,True,業種,化学,1d,1営業日,2,67,62,-0.012423686196965279,-0.005800670613295311,0.3387096774193548,評価可能,0.005892060175814914
v7,score,総合スコア,現行の全評価要素を合成した順位スコア,True,業種,化学,1d,1営業日,3,60,56,-0.0021371848114926195,-0.007275831449454984,0.4107142857142857,評価可能,0.005892060175814914
v7,score,総合スコア,現行の全評価要素を合成した順位スコア,True,業種,化学,1d,1営業日,4,56,53,0.0005257600838522051,-0.010810810810810811,0.39622641509433965,評価可能,0.005892060175814914
v7,score,総合スコア,現行の全評価要素を合成した順位スコア,True,業種,化学,1d,1営業日,5,32,30,0.0007324027632874823,0.002796692607003881,0.5333333333333333,評価可能,0.005892060175814914
v7,score,総合スコア,現行の全評価要素を合成した順位スコア,True,業種,化学,3d,3営業日,1,53,50,-0.008417634100151441,-0.0026104274972529318,0.46,評価可能,-0.01820634095138448
v7,score,総合スコア,現行の全評価要素を合成した順位スコア,True,業種,化学,3d,3営業日,2,67,60,-0.020653716671365063,-0.020785972523870655,0.35,評価可能,-0.01820634095138448
v7,score,総合スコア,現行の全評価要素を合成した順位スコア,True,業種,化学,3d,3営業日,3,60,54,-0.009795054803092663,-0.012871214129363817,0.4074074074074074,評価可能,-0.01820634095138448
v7,score,総合スコア,現行の全評価要素を合成した順位スコア,True,業種,化学,3d,3営業日,4,56,43,-0.002976638712381356,-0.014326647564469885,0.32558139534883723,評価可能,-0.01820634095138448
v7,score,総合スコア,現行の全評価要素を合成した順位スコア,True,業種,化学,3d,3営業日,5,32,23,-0.026623975051535922,-0.023593466424682408,0.43478260869565216,サンプル不足,-0.01820634095138448
v7,score,総合スコア,現行の全評価要素を合成した順位スコア,True,業種,化学,5d,5営業日,1,53,46,-0.016998859526854503,-0.00926928229956454,0.45652173913043476,評価可能,-0.030322232878168043
v7,score,総合スコア,現行の全評価要素を合成した順位スコア,True,業種,化学,5d,5営業日,2,67,59,-0.026715520353787756,-0.010884353741496544,0.3050847457627119,評価可能,-0.030322232878168043
v7,score,総合スコア,現行の全評価要素を合成した順位スコア,True,業種,化学,5d,5営業日,3,60,50,-0.005097347277503674,-0.006970515512971509,0.4,評価可能,-0.030322232878168043
v7,score,総合スコア,現行の全評価要素を合成した順位スコア,True,業種,化学,5d,5営業日,4,56,39,-0.005381386656890546,0.007959782153330597,0.5128205128205128,評価可能,-0.030322232878168043
v7,score,総合スコア,現行の全評価要素を合成した順位スコア,True,業種,化学,5d,5営業日,5,32,20,-0.047321092405022545,-0.026062068447719244,0.4,サンプル不足,-0.030322232878168043
v7,score,総合スコア,現行の全評価要素を合成した順位スコア,True,業種,医薬品,10d,10営業日,1,13,9,-0.030230386990743485,-0.016967315592069987,0.4444444444444444,サンプル不足,-0.11031320488901544
v7,score,総合スコア,現行の全評価要素を合成した順位スコア,True,業種,医薬品,10d,10営業日,2,7,4,0.006712010731161943,0.017423400790294242,0.75,サンプル不足,-0.11031320488901544
v7,score,総合スコア,現行の全評価要素を合成した順位スコア,True,業種,医薬品,10d,10営業日,3,11,7,-0.07041915739963377,-0.03241462991853006,0.14285714285714285,サンプル不足,-0.11031320488901544
v7,score,総合スコア,現行の全評価要素を合成した順位スコア,True,業種,医薬品,10d,10営業日,4,4,3,-0.14054359187975893,-0.1377777777777777,0.0,サンプル不足,-0.11031320488901544
v7,score,総合スコア,現行の全評価要素を合成した順位スコア,True,業種,医薬品,1d,1営業日,1,13,13,-0.018413459748030176,-0.011750154607297447,0.3076923076923077,サンプル不足,-0.03669448592432055
v7,score,総合スコア,現行の全評価要素を合成した順位スコア,True,業種,医薬品,1d,1営業日,2,7,7,-0.018381850719742073,-0.004057187017001529,0.14285714285714285,サンプル不足,-0.03669448592432055
v7,score,総合スコア,現行の全評価要素を合成した順位スコア,True,業種,医薬品,1d,1営業日,3,11,11,-0.030536021782655753,-0.004333506673600329,0.36363636363636365,サンプル不足,-0.03669448592432055
v7,score,総合スコア,現行の全評価要素を合成した順位スコア,True,業種,医薬品,1d,1営業日,4,4,4,-0.05510794567235072,-0.018747201304582795,0.25,サンプル不足,-0.03669448592432055
v7,score,総合スコア,現行の全評価要素を合成した順位スコア,True,業種,医薬品,3d,3営業日,1,13,12,-0.019364966130713493,-0.01736135665550037,0.3333333333333333,サンプル不足,-0.0878153920642446
v7,score,総合スコア,現行の全評価要素を合成した順位スコア,True,業種,医薬品,3d,3営業日,2,7,7,-0.040354681135165986,-0.04425902412479599,0.2857142857142857,サンプル不足,-0.0878153920642446
v7,score,総合スコア,現行の全評価要素を合成した順位スコア,True,業種,医薬品,3d,3営業日,3,11,10,-0.046596074247888926,-0.0021391549092620865,0.5,サンプル不足,-0.0878153920642446
v7,score,総合スコア,現行の全評価要素を合成した順位スコア,True,業種,医薬品,3d,3営業日,4,4,3,-0.1071803581949581,-0.0697435897435897,0.0,サンプル不足,-0.0878153920642446
v7,score,総合スコア,現行の全評価要素を合成した順位スコア,True,業種,医薬品,5d,5営業日,1,13,12,-0.024511985576329734,-0.020485549626664545,0.3333333333333333,サンプル不足,-0.09837187744798795
v7,score,総合スコア,現行の全評価要素を合成した順位スコア,True,業種,医薬品,5d,5営業日,2,7,7,-0.044242686355311193,-0.0616797900262466,0.2857142857142857,サンプル不足,-0.09837187744798795
v7,score,総合スコア,現行の全評価要素を合成した順位スコア,True,業種,医薬品,5d,5営業日,3,11,10,-0.053035856402617064,-0.037571979594283544,0.4,サンプル不足,-0.09837187744798795
v7,score,総合スコア,現行の全評価要素を合成した順位スコア,True,業種,医薬品,5d,5営業日,4,4,3,-0.12288386302431768,-0.0478632478632479,0.0,サンプル不足,-0.09837187744798795
v7,score,総合スコア,現行の全評価要素を合成した順位スコア,True,業種,卸売業,10d,10営業日,1,43,31,-0.009751945253663699,-0.007172131147541,0.41935483870967744,評価可能,-0.007264986856891031
v7,score,総合スコア,現行の全評価要素を合成した順位スコア,True,業種,卸売業,10d,10営業日,2,24,16,-0.022678539324631423,-0.011193346855849384,0.375,サンプル不足,-0.007264986856891031
v7,score,総合スコア,現行の全評価要素を合成した順位スコア,True,業種,卸売業,10d,10営業日,3,35,21,0.02680614593235348,-0.0014398848092153083,0.42857142857142855,サンプル不足,-0.007264986856891031
v7,score,総合スコア,現行の全評価要素を合成した順位スコア,True,業種,卸売業,10d,10営業日,4,43,23,0.0010651759760132511,0.003632299525006877,0.5217391304347826,サンプル不足,-0.007264986856891031
v7,score,総合スコア,現行の全評価要素を合成した順位スコア,True,業種,卸売業,10d,10営業日,5,51,18,-0.01701693211055473,0.008770587658608935,0.5555555555555556,サンプル不足,-0.007264986856891031
v7,score,総合スコア,現行の全評価要素を合成した順位スコア,True,業種,卸売業,1d,1営業日,1,43,40,-0.0009389178616042817,-0.0008780390021028673,0.4,評価可能,0.005269528719157217
v7,score,総合スコア,現行の全評価要素を合成した順位スコア,True,業種,卸売業,1d,1営業日,2,24,22,0.004617171789214234,-0.003762203395201304,0.45454545454545453,サンプル不足,0.005269528719157217
v7,score,総合スコア,現行の全評価要素を合成した順位スコア,True,業種,卸売業,1d,1営業日,3,35,35,0.0027649576122128696,0.0020942408376962707,0.5714285714285714,評価可能,0.005269528719157217
v7,score,総合スコア,現行の全評価要素を合成した順位スコア,True,業種,卸売業,1d,1営業日,4,43,40,0.019258019885222733,0.007884705699968568,0.575,評価可能,0.005269528719157217
v7,score,総合スコア,現行の全評価要素を合成した順位スコア,True,業種,卸売業,1d,1営業日,5,51,47,0.004330610857552935,-0.0011614401858304202,0.46808510638297873,評価可能,0.005269528719157217
v7,score,総合スコア,現行の全評価要素を合成した順位スコア,True,業種,卸売業,3d,3営業日,1,43,38,0.0005188250604355036,-0.0020330621901910907,0.42105263157894735,評価可能,-0.0016098669116405748
v7,score,総合スコア,現行の全評価要素を合成した順位スコア,True,業種,卸売業,3d,3営業日,2,24,21,-0.02718211174098701,-0.02013013420089471,0.2857142857142857,サンプル不足,-0.0016098669116405748
v7,score,総合スコア,現行の全評価要素を合成した順位スコア,True,業種,卸売業,3d,3営業日,3,35,31,0.007207283251006792,0.0039525691699604,0.5806451612903226,評価可能,-0.0016098669116405748
v7,score,総合スコア,現行の全評価要素を合成した順位スコア,True,業種,卸売業,3d,3営業日,4,43,36,0.023951998262890857,0.004019352138535326,0.5277777777777778,評価可能,-0.0016098669116405748
v7,score,総合スコア,現行の全評価要素を合成した順位スコア,True,業種,卸売業,3d,3営業日,5,51,40,-0.0010910418512050713,-0.010934718100890195,0.45,評価可能,-0.0016098669116405748
v7,score,総合スコア,現行の全評価要素を合成した順位スコア,True,業種,卸売業,5d,5営業日,1,43,36,0.0035202893029515217,-0.0071133813189983575,0.3888888888888889,評価可能,-0.00333936712257398
v7,score,総合スコア,現行の全評価要素を合成した順位スコア,True,業種,卸売業,5d,5営業日,2,24,19,-0.033523932558801234,-0.02887352582350544,0.2631578947368421,サンプル不足,-0.00333936712257398
v7,score,総合スコア,現行の全評価要素を合成した順位スコア,True,業種,卸売業,5d,5営業日,3,35,29,0.016174950903983434,0.0144927536231884,0.5862068965517241,サンプル不足,-0.00333936712257398
v7,score,総合スコア,現行の全評価要素を合成した順位スコア,True,業種,卸売業,5d,5営業日,4,43,28,0.01150693381212133,-0.00906425380960546,0.4642857142857143,サンプル不足,-0.00333936712257398
v7,score,総合スコア,現行の全評価要素を合成した順位スコア,True,業種,卸売業,5d,5営業日,5,51,31,0.0001809221803775418,0.00496894409937898,0.5483870967741935,評価可能,-0.00333936712257398
v7,score,総合スコア,現行の全評価要素を合成した順位スコア,True,業種,小売業,10d,10営業日,1,37,31,0.035247245052583025,0.0133689839572193,0.6451612903225806,評価可能,-0.0413494952119388
v7,score,総合スコア,現行の全評価要素を合成した順位スコア,True,業種,小売業,10d,10営業日,2,51,39,0.007947054733032586,0.01417183348095663,0.5384615384615384,評価可能,-0.0413494952119388
v7,score,総合スコア,現行の全評価要素を合成した順位スコア,True,業種,小売業,10d,10営業日,3,34,22,0.023038869448719676,0.020666681459620792,0.6818181818181818,サンプル不足,-0.0413494952119388
v7,score,総合スコア,現行の全評価要素を合成した順位スコア,True,業種,小売業,10d,10営業日,4,56,40,0.01271450541078375,0.003628359817089273,0.5,評価可能,-0.0413494952119388
v7,score,総合スコア,現行の全評価要素を合成した順位スコア,True,業種,小売業,10d,10営業日,5,45,35,-0.0061022501593557725,-0.004862236628849326,0.42857142857142855,評価可能,-0.0413494952119388
v7,score,総合スコア,現行の全評価要素を合成した順位スコア,True,業種,小売業,1d,1営業日,1,37,37,0.003334530167231786,0.0017152658662091813,0.5405405405405406,評価可能,-0.0035020397157962124
v7,score,総合スコア,現行の全評価要素を合成した順位スコア,True,業種,小売業,1d,1営業日,2,51,51,0.002027019464862168,-0.0041870202372644,0.37254901960784315,評価可能,-0.0035020397157962124
v7,score,総合スコア,現行の全評価要素を合成した順位スコア,True,業種,小売業,1d,1営業日,3,34,33,0.004079100615542236,0.004620143044041125,0.6060606060606061,評価可能,-0.0035020397157962124
v7,score,総合スコア,現行の全評価要素を合成した順位スコア,True,業種,小売業,1d,1営業日,4,56,54,-0.0017320193492027915,-0.002695692847171691,0.3888888888888889,評価可能,-0.0035020397157962124
v7,score,総合スコア,現行の全評価要素を合成した順位スコア,True,業種,小売業,1d,1営業日,5,45,44,-0.00016750954856442624,-0.007145199608996455,0.38636363636363635,評価可能,-0.0035020397157962124
v7,score,総合スコア,現行の全評価要素を合成した順位スコア,True,業種,小売業,3d,3営業日,1,37,36,0.008526597101236162,0.0006577789971069503,0.5277777777777778,評価可能,-0.004804640819820398
v7,score,総合スコア,現行の全評価要素を合成した順位スコア,True,業種,小売業,3d,3営業日,2,51,48,0.004143738400267783,-0.004200051505970914,0.4583333333333333,評価可能,-0.004804640819820398
v7,score,総合スコア,現行の全評価要素を合成した順位スコア,True,業種,小売業,3d,3営業日,3,34,33,0.007469756345705782,0.004101416853094619,0.6060606060606061,評価可能,-0.004804640819820398
v7,score,総合スコア,現行の全評価要素を合成した順位スコア,True,業種,小売業,3d,3営業日,4,56,52,0.001033807165952218,-0.005828645960707561,0.4423076923076923,評価可能,-0.004804640819820398
v7,score,総合スコア,現行の全評価要素を合成した順位スコア,True,業種,小売業,3d,3営業日,5,45,43,0.0037219562814157646,-0.0015748031496063,0.4883720930232558,評価可能,-0.004804640819820398
v7,score,総合スコア,現行の全評価要素を合成した順位スコア,True,業種,小売業,5d,5営業日,1,37,36,0.016447807305628157,0.009787701217721434,0.6111111111111112,評価可能,-0.014851980594167088
v7,score,総合スコア,現行の全評価要素を合成した順位スコア,True,業種,小売業,5d,5営業日,2,51,45,0.007083239535959331,0.0,0.4888888888888889,評価可能,-0.014851980594167088
v7,score,総合スコア,現行の全評価要素を合成した順位スコア,True,業種,小売業,5d,5営業日,3,34,31,0.007609970181820131,0.004847129008202833,0.5161290322580645,評価可能,-0.014851980594167088
v7,score,総合スコア,現行の全評価要素を合成した順位スコア,True,業種,小売業,5d,5営業日,4,56,51,-0.0015552763478254143,-0.0005265929436545,0.43137254901960786,評価可能,-0.014851980594167088
v7,score,総合スコア,現行の全評価要素を合成した順位スコア,True,業種,小売業,5d,5営業日,5,45,43,0.0015958267114610687,0.0025986298133711117,0.5348837209302325,評価可能,-0.014851980594167088
v7,score,総合スコア,現行の全評価要素を合成した順位スコア,True,業種,建設業,10d,10営業日,1,18,12,-0.06065998787110466,-0.02744974006616492,0.16666666666666666,サンプル不足,-0.05152552176430067
v7,score,総合スコア,現行の全評価要素を合成した順位スコア,True,業種,建設業,10d,10営業日,2,14,10,-0.03519603347876893,-0.007776981843463015,0.4,サンプル不足,-0.05152552176430067
v7,score,総合スコア,現行の全評価要素を合成した順位スコア,True,業種,建設業,10d,10営業日,3,10,9,-0.05374723120100924,-0.05599425699928218,0.2222222222222222,サンプル不足,-0.05152552176430067
v7,score,総合スコア,現行の全評価要素を合成した順位スコア,True,業種,建設業,10d,10営業日,4,10,9,-0.04337463237122389,-0.0424999999999999,0.2222222222222222,サンプル不足,-0.05152552176430067
v7,score,総合スコア,現行の全評価要素を合成した順位スコア,True,業種,建設業,10d,10営業日,5,7,5,-0.11218550963540533,-0.1167023554603854,0.0,サンプル不足,-0.05152552176430067
v7,score,総合スコア,現行の全評価要素を合成した順位スコア,True,業種,建設業,1d,1営業日,1,18,18,-0.013470561277302041,-0.00545682387787645,0.2222222222222222,サンプル不足,-0.028294470310045214
v7,score,総合スコア,現行の全評価要素を合成した順位スコア,True,業種,建設業,1d,1営業日,2,14,14,-0.017865658236594147,-0.00954892210295738,0.21428571428571427,サンプル不足,-0.028294470310045214
v7,score,総合スコア,現行の全評価要素を合成した順位スコア,True,業種,建設業,1d,1営業日,3,10,10,-0.019028553501405625,-0.016551747816694995,0.2,サンプル不足,-0.028294470310045214
v7,score,総合スコア,現行の全評価要素を合成した順位スコア,True,業種,建設業,1d,1営業日,4,10,10,-0.014314745354059018,-0.0125595238095238,0.4,サンプル不足,-0.028294470310045214
v7,score,総合スコア,現行の全評価要素を合成した順位スコア,True,業種,建設業,1d,1営業日,5,7,6,-0.041765031587347255,-0.032208444620472745,0.0,サンプル不足,-0.028294470310045214
v7,score,総合スコア,現行の全評価要素を合成した順位スコア,True,業種,建設業,3d,3営業日,1,18,15,-0.02661667510525102,-0.02751971954425947,0.4,サンプル不足,-0.039413198868150034
v7,score,総合スコア,現行の全評価要素を合成した順位スコア,True,業種,建設業,3d,3営業日,2,14,14,-0.031141397369294672,-0.004305733846812154,0.42857142857142855,サンプル不足,-0.039413198868150034
v7,score,総合スコア,現行の全評価要素を合成した順位スコア,True,業種,建設業,3d,3営業日,3,10,10,-0.01833126721333779,-0.00044668254148856655,0.5,サンプル不足,-0.039413198868150034
v7,score,総合スコア,現行の全評価要素を合成した順位スコア,True,業種,建設業,3d,3営業日,4,10,9,-0.00744278940041662,-0.0073710073710073,0.3333333333333333,サンプル不足,-0.039413198868150034
v7,score,総合スコア,現行の全評価要素を合成した順位スコア,True,業種,建設業,3d,3営業日,5,7,6,-0.06602987397340106,-0.06053457626312575,0.0,サンプル不足,-0.039413198868150034
v7,score,総合スコア,現行の全評価要素を合成した順位スコア,True,業種,建設業,5d,5営業日,1,18,15,-0.02478080277053436,-0.0289017341040462,0.3333333333333333,サンプル不足,-0.032447176311756795
v7,score,総合スコア,現行の全評価要素を合成した順位スコア,True,業種,建設業,5d,5営業日,2,14,11,-0.04307651698919468,-0.0189189189189189,0.2727272727272727,サンプル不足,-0.032447176311756795
v7,score,総合スコア,現行の全評価要素を合成した順位スコア,True,業種,建設業,5d,5営業日,3,10,10,-0.028221261275349914,-0.014900423418883937,0.4,サンプル不足,-0.032447176311756795
v7,score,総合スコア,現行の全評価要素を合成した順位スコア,True,業種,建設業,5d,5営業日,4,10,9,-0.015238585917436999,-0.0049140049140049,0.3333333333333333,サンプル不足,-0.032447176311756795
v7,score,総合スコア,現行の全評価要素を合成した順位スコア,True,業種,建設業,5d,5営業日,5,7,6,-0.05722797908229116,-0.058956830379862046,0.0,サンプル不足,-0.032447176311756795
v7,score,総合スコア,現行の全評価要素を合成した順位スコア,True,業種,情報・通信業,10d,10営業日,1,125,92,0.009374735159384681,0.010872455461340722,0.5760869565217391,評価可能,0.0008980288439041934
v7,score,総合スコア,現行の全評価要素を合成した順位スコア,True,業種,情報・通信業,10d,10営業日,2,118,92,0.017253970867381497,0.022227637323586083,0.6195652173913043,評価可能,0.0008980288439041934
v7,score,総合スコア,現行の全評価要素を合成した順位スコア,True,業種,情報・通信業,10d,10営業日,3,104,70,0.012362716054511036,-0.002393970432942538,0.4714285714285714,評価可能,0.0008980288439041934
v7,score,総合スコア,現行の全評価要素を合成した順位スコア,True,業種,情報・通信業,10d,10営業日,4,92,61,-0.010895994860325747,-0.0163934426229508,0.39344262295081966,評価可能,0.0008980288439041934
v7,score,総合スコア,現行の全評価要素を合成した順位スコア,True,業種,情報・通信業,10d,10営業日,5,100,61,0.010272764003288875,-0.0037037037037036535,0.4918032786885246,評価可能,0.0008980288439041934
v7,score,総合スコア,現行の全評価要素を合成した順位スコア,True,業種,情報・通信業,1d,1営業日,1,125,122,-0.006930934204268238,-0.003842862298293559,0.4262295081967213,評価可能,0.009913230561974292
v7,score,総合スコア,現行の全評価要素を合成した順位スコア,True,業種,情報・通信業,1d,1営業日,2,118,117,0.007887522154680322,0.0010830324909747446,0.5128205128205128,評価可能,0.009913230561974292
v7,score,総合スコア,現行の全評価要素を合成した順位スコア,True,業種,情報・通信業,1d,1営業日,3,104,99,-0.00462514919798441,-0.003278688524590123,0.40404040404040403,評価可能,0.009913230561974292
v7,score,総合スコア,現行の全評価要素を合成した順位スコア,True,業種,情報・通信業,1d,1営業日,4,92,91,0.004749954230120034,0.0013736263736263687,0.5054945054945055,評価可能,0.009913230561974292
v7,score,総合スコア,現行の全評価要素を合成した順位スコア,True,業種,情報・通信業,1d,1営業日,5,100,98,0.0029822963577060533,-0.0103072865109754,0.37755102040816324,評価可能,0.009913230561974292
v7,score,総合スコア,現行の全評価要素を合成した順位スコア,True,業種,情報・通信業,3d,3営業日,1,125,118,-0.012716320840332642,-0.004455322303941467,0.4322033898305085,評価可能,0.02304446140811381
v7,score,総合スコア,現行の全評価要素を合成した順位スコア,True,業種,情報・通信業,3d,3営業日,2,118,111,0.007077215096952682,0.0027210884353741083,0.5225225225225225,評価可能,0.02304446140811381
v7,score,総合スコア,現行の全評価要素を合成した順位スコア,True,業種,情報・通信業,3d,3営業日,3,104,95,-0.0028598783534023483,-0.0066225165562914245,0.4421052631578947,評価可能,0.02304446140811381
v7,score,総合スコア,現行の全評価要素を合成した順位スコア,True,業種,情報・通信業,3d,3営業日,4,92,84,-0.006190757253091474,-0.01213806723720473,0.44047619047619047,評価可能,0.02304446140811381
v7,score,総合スコア,現行の全評価要素を合成した順位スコア,True,業種,情報・通信業,3d,3営業日,5,100,93,0.010328140567781167,-0.007665094339622591,0.46236559139784944,評価可能,0.02304446140811381
v7,score,総合スコア,現行の全評価要素を合成した順位スコア,True,業種,情報・通信業,5d,5営業日,1,125,112,-0.010806652014562726,-0.0013735883045797662,0.4732142857142857,評価可能,0.017653526090510453
v7,score,総合スコア,現行の全評価要素を合成した順位スコア,True,業種,情報・通信業,5d,5営業日,2,118,104,0.014990408310986993,0.007812047346547613,0.5576923076923077,評価可能,0.017653526090510453
v7,score,総合スコア,現行の全評価要素を合成した順位スコア,True,業種,情報・通信業,5d,5営業日,3,104,91,-0.004392330459845779,-0.0102459016393442,0.4175824175824176,評価可能,0.017653526090510453
v7,score,総合スコア,現行の全評価要素を合成した順位スコア,True,業種,情報・通信業,5d,5営業日,4,92,75,-0.009477278314616313,-0.0162558993183009,0.38666666666666666,評価可能,0.017653526090510453
v7,score,総合スコア,現行の全評価要素を合成した順位スコア,True,業種,情報・通信業,5d,5営業日,5,100,84,0.0068468740759477275,-0.002318979537514143,0.47619047619047616,評価可能,0.017653526090510453
v7,score,総合スコア,現行の全評価要素を合成した順位スコア,True,業種,機械,10d,10営業日,1,38,26,-0.04427689187651593,-0.033628362866551964,0.23076923076923078,サンプル不足,-0.06103319392059092
v7,score,総合スコア,現行の全評価要素を合成した順位スコア,True,業種,機械,10d,10営業日,2,33,24,-0.07123247500729003,-0.062036853457339655,0.125,サンプル不足,-0.06103319392059092
v7,score,総合スコア,現行の全評価要素を合成した順位スコア,True,業種,機械,10d,10営業日,3,44,33,-0.09394547324797818,-0.0887825598829679,0.06060606060606061,評価可能,-0.06103319392059092
v7,score,総合スコア,現行の全評価要素を合成した順位スコア,True,業種,機械,10d,10営業日,4,41,37,-0.07245097880229409,-0.062146892655367214,0.1891891891891892,評価可能,-0.06103319392059092
v7,score,総合スコア,現行の全評価要素を合成した順位スコア,True,業種,機械,10d,10営業日,5,49,40,-0.10531008579710685,-0.08186633171442476,0.225,評価可能,-0.06103319392059092
v7,score,総合スコア,現行の全評価要素を合成した順位スコア,True,業種,機械,1d,1営業日,1,38,34,0.0007425986321718181,-0.0013562187591884295,0.4117647058823529,評価可能,-0.004703928682011551
v7,score,総合スコア,現行の全評価要素を合成した順位スコア,True,業種,機械,1d,1営業日,2,33,33,-0.0036274147406844524,-0.005296610169491567,0.48484848484848486,評価可能,-0.004703928682011551
v7,score,総合スコア,現行の全評価要素を合成した順位スコア,True,業種,機械,1d,1営業日,3,44,44,-0.000596300290134514,-0.008914020427112312,0.4318181818181818,評価可能,-0.004703928682011551
v7,score,総合スコア,現行の全評価要素を合成した順位スコア,True,業種,機械,1d,1営業日,4,41,40,-0.025487153510806,-0.016476142303152877,0.325,評価可能,-0.004703928682011551
v7,score,総合スコア,現行の全評価要素を合成した順位スコア,True,業種,機械,1d,1営業日,5,49,48,-0.003961330049839733,-0.009320086821991813,0.4375,評価可能,-0.004703928682011551
v7,score,総合スコア,現行の全評価要素を合成した順位スコア,True,業種,機械,3d,3営業日,1,38,29,-0.033936659556769395,-0.01895043731778423,0.20689655172413793,サンプル不足,0.009806872603771357
v7,score,総合スコア,現行の全評価要素を合成した順位スコア,True,業種,機械,3d,3営業日,2,33,31,-0.024592692494484068,-0.02458130740140463,0.2903225806451613,評価可能,0.009806872603771357
v7,score,総合スコア,現行の全評価要素を合成した順位スコア,True,業種,機械,3d,3営業日,3,44,40,-0.023086141429948658,-0.025866237222722688,0.3,評価可能,0.009806872603771357
v7,score,総合スコア,現行の全評価要素を合成した順位スコア,True,業種,機械,3d,3営業日,4,41,40,-0.02804663213318164,-0.04135788881551594,0.275,評価可能,0.009806872603771357
v7,score,総合スコア,現行の全評価要素を合成した順位スコア,True,業種,機械,3d,3営業日,5,49,47,-0.02412978695299804,-0.009842519685039353,0.40425531914893614,評価可能,0.009806872603771357
v7,score,総合スコア,現行の全評価要素を合成した順位スコア,True,業種,機械,5d,5営業日,1,38,27,-0.041119894466595246,-0.02704056084126194,0.18518518518518517,サンプル不足,-0.01743711147632536
v7,score,総合スコア,現行の全評価要素を合成した順位スコア,True,業種,機械,5d,5営業日,2,33,27,-0.04277399183460169,-0.03947368421052633,0.2962962962962963,サンプル不足,-0.01743711147632536
v7,score,総合スコア,現行の全評価要素を合成した順位スコア,True,業種,機械,5d,5営業日,3,44,37,-0.04152558827534855,-0.04400000000000004,0.2972972972972973,評価可能,-0.01743711147632536
v7,score,総合スコア,現行の全評価要素を合成した順位スコア,True,業種,機械,5d,5営業日,4,41,39,-0.06340614611036972,-0.05549390287075551,0.1794871794871795,評価可能,-0.01743711147632536
v7,score,総合スコア,現行の全評価要素を合成した順位スコア,True,業種,機械,5d,5営業日,5,49,47,-0.058557005942920605,-0.06451612903225812,0.2978723404255319,評価可能,-0.01743711147632536
v7,score,総合スコア,現行の全評価要素を合成した順位スコア,True,業種,海運業,10d,10営業日,1,2,1,0.04751131221719462,0.04751131221719462,1.0,サンプル不足,0.04496180606237532
v7,score,総合スコア,現行の全評価要素を合成した順位スコア,True,業種,海運業,10d,10営業日,2,6,3,0.07946993612670816,0.05888538380651953,1.0,サンプル不足,0.04496180606237532
v7,score,総合スコア,現行の全評価要素を合成した順位スコア,True,業種,海運業,10d,10営業日,3,4,3,0.01355944632553933,0.013331138907175744,0.6666666666666666,サンプル不足,0.04496180606237532
v7,score,総合スコア,現行の全評価要素を合成した順位スコア,True,業種,海運業,10d,10営業日,4,7,3,0.026898249085399284,0.01746258018531721,1.0,サンプル不足,0.04496180606237532
v7,score,総合スコア,現行の全評価要素を合成した順位スコア,True,業種,海運業,10d,10営業日,5,3,1,0.09247311827956994,0.09247311827956994,1.0,サンプル不足,0.04496180606237532
v7,score,総合スコア,現行の全評価要素を合成した順位スコア,True,業種,海運業,1d,1営業日,1,2,2,0.01846472565242807,0.01846472565242807,1.0,サンプル不足,-0.033923642060137836
v7,score,総合スコア,現行の全評価要素を合成した順位スコア,True,業種,海運業,1d,1営業日,2,6,5,0.013086146512508546,0.00840630472854631,1.0,サンプル不足,-0.033923642060137836
v7,score,総合スコア,現行の全評価要素を合成した順位スコア,True,業種,海運業,1d,1営業日,3,4,4,0.010330139808014838,0.013799102315101175,0.75,サンプル不足,-0.033923642060137836
v7,score,総合スコア,現行の全評価要素を合成した順位スコア,True,業種,海運業,1d,1営業日,4,7,7,0.01590967960030056,0.009730126675234096,0.7142857142857143,サンプル不足,-0.033923642060137836
v7,score,総合スコア,現行の全評価要素を合成した順位スコア,True,業種,海運業,1d,1営業日,5,3,3,-0.015458916407709763,-0.0009596928982725794,0.3333333333333333,サンプル不足,-0.033923642060137836
v7,score,総合スコア,現行の全評価要素を合成した順位スコア,True,業種,海運業,3d,3営業日,1,2,1,0.034806822137138926,0.034806822137138926,1.0,サンプル不足,-0.03101511229296035
v7,score,総合スコア,現行の全評価要素を合成した順位スコア,True,業種,海運業,3d,3営業日,2,6,4,0.026470450824470304,0.019908421757002248,1.0,サンプル不足,-0.03101511229296035
v7,score,総合スコア,現行の全評価要素を合成した順位スコア,True,業種,海運業,3d,3営業日,3,4,4,0.026991848281101904,0.020967470676952704,1.0,サンプル不足,-0.03101511229296035
v7,score,総合スコア,現行の全評価要素を合成した順位スコア,True,業種,海運業,3d,3営業日,4,7,7,0.018013317557689486,0.01746258018531721,0.8571428571428571,サンプル不足,-0.03101511229296035
v7,score,総合スコア,現行の全評価要素を合成した順位スコア,True,業種,海運業,3d,3営業日,5,3,3,0.0037917098441785737,0.0028790786948176272,0.6666666666666666,サンプル不足,-0.03101511229296035
v7,score,総合スコア,現行の全評価要素を合成した順位スコア,True,業種,海運業,5d,5営業日,1,2,1,0.04768534632788035,0.04768534632788035,1.0,サンプル不足,-0.017577819446159992
v7,score,総合スコア,現行の全評価要素を合成した順位スコア,True,業種,海運業,5d,5営業日,2,6,3,0.0366376548694729,0.02381818181818174,1.0,サンプル不足,-0.017577819446159992
v7,score,総合スコア,現行の全評価要素を合成した順位スコア,True,業種,海運業,5d,5営業日,3,4,3,0.015871006960629225,0.025627240143369256,0.6666666666666666,サンプル不足,-0.017577819446159992
v7,score,総合スコア,現行の全評価要素を合成した順位スコア,True,業種,海運業,5d,5営業日,4,7,6,0.030409529908993038,0.01627578875872071,1.0,サンプル不足,-0.017577819446159992
v7,score,総合スコア,現行の全評価要素を合成した順位スコア,True,業種,海運業,5d,5営業日,5,3,1,0.03010752688172036,0.03010752688172036,1.0,サンプル不足,-0.017577819446159992
v7,score,総合スコア,現行の全評価要素を合成した順位スコア,True,業種,石油・石炭製品,10d,10営業日,1,4,3,-0.011489520016182414,-0.009373828271466045,0.3333333333333333,サンプル不足,-0.06264841101830028
v7,score,総合スコア,現行の全評価要素を合成した順位スコア,True,業種,石油・石炭製品,10d,10営業日,2,2,2,-0.002662705967679757,-0.002662705967679757,0.5,サンプル不足,-0.06264841101830028
v7,score,総合スコア,現行の全評価要素を合成した順位スコア,True,業種,石油・石炭製品,10d,10営業日,4,1,1,-0.0037593984962406,-0.0037593984962406,0.0,サンプル不足,-0.06264841101830028
v7,score,総合スコア,現行の全評価要素を合成した順位スコア,True,業種,石油・石炭製品,10d,10営業日,5,1,1,-0.0741379310344827,-0.0741379310344827,0.0,サンプル不足,-0.06264841101830028
v7,score,総合スコア,現行の全評価要素を合成した順位スコア,True,業種,石油・石炭製品,1d,1営業日,1,4,4,-0.053530754518285525,-0.02881102581642217,0.0,サンプル不足,-0.029227866171369674
v7,score,総合スコア,現行の全評価要素を合成した順位スコア,True,業種,石油・石炭製品,1d,1営業日,2,2,2,-0.0050317592529634525,-0.0050317592529634525,0.5,サンプル不足,-0.029227866171369674
v7,score,総合スコア,現行の全評価要素を合成した順位スコア,True,業種,石油・石炭製品,1d,1営業日,4,1,1,0.019736842105263,0.019736842105263,1.0,サンプル不足,-0.029227866171369674
v7,score,総合スコア,現行の全評価要素を合成した順位スコア,True,業種,石油・石炭製品,1d,1営業日,5,1,1,-0.0827586206896552,-0.0827586206896552,0.0,サンプル不足,-0.029227866171369674
v7,score,総合スコア,現行の全評価要素を合成した順位スコア,True,業種,石油・石炭製品,3d,3営業日,1,4,4,-0.051632999417451676,-0.03345240809708393,0.0,サンプル不足,-0.013453207479100025
v7,score,総合スコア,現行の全評価要素を合成した順位スコア,True,業種,石油・石炭製品,3d,3営業日,2,2,2,-0.018931319553047277,-0.018931319553047277,0.0,サンプル不足,-0.013453207479100025
v7,score,総合スコア,現行の全評価要素を合成した順位スコア,True,業種,石油・石炭製品,3d,3営業日,4,1,1,-0.0300751879699248,-0.0300751879699248,0.0,サンプル不足,-0.013453207479100025
v7,score,総合スコア,現行の全評価要素を合成した順位スコア,True,業種,石油・石炭製品,3d,3営業日,5,1,1,-0.0650862068965517,-0.0650862068965517,0.0,サンプル不足,-0.013453207479100025
v7,score,総合スコア,現行の全評価要素を合成した順位スコア,True,業種,石油・石炭製品,5d,5営業日,1,4,4,-0.05221388500311799,-0.043563500750746983,0.25,サンプル不足,-0.051665425341709516
v7,score,総合スコア,現行の全評価要素を合成した順位スコア,True,業種,石油・石炭製品,5d,5営業日,2,2,2,-0.009500152988372923,-0.009500152988372923,0.5,サンプル不足,-0.051665425341709516
v7,score,総合スコア,現行の全評価要素を合成した順位スコア,True,業種,石油・石炭製品,5d,5営業日,4,1,1,0.0263157894736842,0.0263157894736842,1.0,サンプル不足,-0.051665425341709516
v7,score,総合スコア,現行の全評価要素を合成した順位スコア,True,業種,石油・石炭製品,5d,5営業日,5,1,1,-0.1038793103448275,-0.1038793103448275,0.0,サンプル不足,-0.051665425341709516
v7,score,総合スコア,現行の全評価要素を合成した順位スコア,True,業種,空運業,10d,10営業日,1,2,1,0.06007684247293055,0.06007684247293055,1.0,サンプル不足,-0.11106554222445175
v7,score,総合スコア,現行の全評価要素を合成した順位スコア,True,業種,空運業,10d,10営業日,3,1,1,-0.02740836847226724,-0.02740836847226724,0.0,サンプル不足,-0.11106554222445175
v7,score,総合スコア,現行の全評価要素を合成した順位スコア,True,業種,空運業,10d,10営業日,4,2,2,-0.050988699751521205,-0.050988699751521205,0.0,サンプル不足,-0.11106554222445175
v7,score,総合スコア,現行の全評価要素を合成した順位スコア,True,業種,空運業,1d,1営業日,1,2,2,-0.008312415621556546,-0.008312415621556546,0.0,サンプル不足,0.01205906113691907
v7,score,総合スコア,現行の全評価要素を合成した順位スコア,True,業種,空運業,1d,1営業日,3,1,1,0.018488485241647812,0.018488485241647812,1.0,サンプル不足,0.01205906113691907
v7,score,総合スコア,現行の全評価要素を合成した順位スコア,True,業種,空運業,1d,1営業日,4,2,2,0.0037466455153625233,0.0037466455153625233,0.5,サンプル不足,0.01205906113691907
v7,score,総合スコア,現行の全評価要素を合成した順位スコア,True,業種,空運業,3d,3営業日,1,2,2,0.0039948869169613155,0.0039948869169613155,0.5,サンプル不足,-0.010667674364912227
v7,score,総合スコア,現行の全評価要素を合成した順位スコア,True,業種,空運業,3d,3営業日,3,1,1,0.02627311060655213,0.02627311060655213,1.0,サンプル不足,-0.010667674364912227
v7,score,総合スコア,現行の全評価要素を合成した順位スコア,True,業種,空運業,3d,3営業日,4,2,2,-0.006672787447950912,-0.006672787447950912,0.5,サンプル不足,-0.010667674364912227
v7,score,総合スコア,現行の全評価要素を合成した順位スコア,True,業種,空運業,5d,5営業日,1,2,2,0.034053137468443406,0.034053137468443406,1.0,サンプル不足,-0.07017078637172608
v7,score,総合スコア,現行の全評価要素を合成した順位スコア,True,業種,空運業,5d,5営業日,3,1,1,-0.009730781706130398,-0.009730781706130398,0.0,サンプル不足,-0.07017078637172608
v7,score,総合スコア,現行の全評価要素を合成した順位スコア,True,業種,空運業,5d,5営業日,4,2,2,-0.03611764890328267,-0.03611764890328267,0.0,サンプル不足,-0.07017078637172608
v7,score,総合スコア,現行の全評価要素を合成した順位スコア,True,業種,精密機器,10d,10営業日,1,11,5,-0.06227002673366146,-0.03925893250992496,0.2,サンプル不足,-0.025962445180038374
v7,score,総合スコア,現行の全評価要素を合成した順位スコア,True,業種,精密機器,10d,10営業日,2,13,10,-0.08193017644636197,-0.07595241603840097,0.2,サンプル不足,-0.025962445180038374
v7,score,総合スコア,現行の全評価要素を合成した順位スコア,True,業種,精密機器,10d,10営業日,3,11,6,-0.08377587954942393,-0.08033412200078863,0.0,サンプル不足,-0.025962445180038374
v7,score,総合スコア,現行の全評価要素を合成した順位スコア,True,業種,精密機器,10d,10営業日,4,7,3,0.16400981219497865,0.00528634361233471,0.6666666666666666,サンプル不足,-0.025962445180038374
v7,score,総合スコア,現行の全評価要素を合成した順位スコア,True,業種,精密機器,10d,10営業日,5,20,14,-0.08823247191369983,-0.0892712550607287,0.14285714285714285,サンプル不足,-0.025962445180038374
v7,score,総合スコア,現行の全評価要素を合成した順位スコア,True,業種,精密機器,1d,1営業日,1,11,10,0.03514495789602297,0.025479207603159915,0.8,サンプル不足,-0.019900547135056984
v7,score,総合スコア,現行の全評価要素を合成した順位スコア,True,業種,精密機器,1d,1営業日,2,13,13,-0.003269950193139935,-0.0005494505494505475,0.46153846153846156,サンプル不足,-0.019900547135056984
v7,score,総合スコア,現行の全評価要素を合成した順位スコア,True,業種,精密機器,1d,1営業日,3,11,10,-0.0031907197131219337,-0.016461149219344273,0.2,サンプル不足,-0.019900547135056984
v7,score,総合スコア,現行の全評価要素を合成した順位スコア,True,業種,精密機器,1d,1営業日,4,7,5,-0.011339971885530199,-0.0022026431718061845,0.4,サンプル不足,-0.019900547135056984
v7,score,総合スコア,現行の全評価要素を合成した順位スコア,True,業種,精密機器,1d,1営業日,5,20,19,0.015244410760965985,0.008303677342823335,0.5789473684210527,サンプル不足,-0.019900547135056984
v7,score,総合スコア,現行の全評価要素を合成した順位スコア,True,業種,精密機器,3d,3営業日,1,11,9,0.0180583102361676,0.0103270223752152,0.5555555555555556,サンプル不足,0.008832094046409302
v7,score,総合スコア,現行の全評価要素を合成した順位スコア,True,業種,精密機器,3d,3営業日,2,13,13,-0.028788407815615147,-0.015490533562822706,0.23076923076923078,サンプル不足,0.008832094046409302
v7,score,総合スコア,現行の全評価要素を合成した順位スコア,True,業種,精密機器,3d,3営業日,3,11,10,0.008045512610593136,-0.011086844420177749,0.4,サンプル不足,0.008832094046409302
v7,score,総合スコア,現行の全評価要素を合成した順位スコア,True,業種,精密機器,3d,3営業日,4,7,5,-0.040837214347431594,-0.037754595131644364,0.2,サンプル不足,0.008832094046409302
v7,score,総合スコア,現行の全評価要素を合成した順位スコア,True,業種,精密機器,3d,3営業日,5,20,18,0.026890404282576903,0.010662177328844002,0.5,サンプル不足,0.008832094046409302
v7,score,総合スコア,現行の全評価要素を合成した順位スコア,True,業種,精密機器,5d,5営業日,1,11,7,0.0033793839820801925,0.00044111160123505577,0.5714285714285714,サンプル不足,0.0341828560749592
v7,score,総合スコア,現行の全評価要素を合成した順位スコア,True,業種,精密機器,5d,5営業日,2,13,12,-0.03970340473434475,-0.030227062094531937,0.5,サンプル不足,0.0341828560749592
v7,score,総合スコア,現行の全評価要素を合成した順位スコア,True,業種,精密機器,5d,5営業日,3,11,9,0.006585469273578646,-0.03685503685503688,0.3333333333333333,サンプル不足,0.0341828560749592
v7,score,総合スコア,現行の全評価要素を合成した順位スコア,True,業種,精密機器,5d,5営業日,4,7,4,-0.007778072110413092,-0.04080739570158587,0.25,サンプル不足,0.0341828560749592
v7,score,総合スコア,現行の全評価要素を合成した順位スコア,True,業種,精密機器,5d,5営業日,5,20,16,0.0375622400570394,0.027549898119848093,0.625,サンプル不足,0.0341828560749592
v7,score,総合スコア,現行の全評価要素を合成した順位スコア,True,業種,繊維製品,10d,10営業日,1,7,5,-0.035041969853025594,-0.03791821561338293,0.2,サンプル不足,0.006559722486658093
v7,score,総合スコア,現行の全評価要素を合成した順位スコア,True,業種,繊維製品,10d,10営業日,2,3,3,0.051398208822669565,0.032967032967033,1.0,サンプル不足,0.006559722486658093
v7,score,総合スコア,現行の全評価要素を合成した順位スコア,True,業種,繊維製品,10d,10営業日,3,5,4,0.02468887410558926,0.025660173160173057,0.75,サンプル不足,0.006559722486658093
v7,score,総合スコア,現行の全評価要素を合成した順位スコア,True,業種,繊維製品,10d,10営業日,4,3,1,-0.0284822473663675,-0.0284822473663675,0.0,サンプル不足,0.006559722486658093
v7,score,総合スコア,現行の全評価要素を合成した順位スコア,True,業種,繊維製品,1d,1営業日,1,7,7,-0.007481362162270675,-0.00591715976331364,0.2857142857142857,サンプル不足,0.03206056406041519
v7,score,総合スコア,現行の全評価要素を合成した順位スコア,True,業種,繊維製品,1d,1営業日,2,3,3,-0.003983530677580556,0.004449388209121219,0.6666666666666666,サンプル不足,0.03206056406041519
v7,score,総合スコア,現行の全評価要素を合成した順位スコア,True,業種,繊維製品,1d,1営業日,3,5,5,0.02684097629454521,0.0265957446808511,0.8,サンプル不足,0.03206056406041519
v7,score,総合スコア,現行の全評価要素を合成した順位スコア,True,業種,繊維製品,1d,1営業日,4,3,2,0.02457920189814452,0.02457920189814452,1.0,サンプル不足,0.03206056406041519
v7,score,総合スコア,現行の全評価要素を合成した順位スコア,True,業種,繊維製品,3d,3営業日,1,7,7,-0.004006623080426817,-0.004704652378463181,0.42857142857142855,サンプル不足,0.028197024953232216
v7,score,総合スコア,現行の全評価要素を合成した順位スコア,True,業種,繊維製品,3d,3営業日,2,3,3,0.01386219013272743,0.0274725274725273,0.6666666666666666,サンプル不足,0.028197024953232216
v7,score,総合スコア,現行の全評価要素を合成した順位スコア,True,業種,繊維製品,3d,3営業日,3,5,4,0.03064514846026941,0.03658156911581567,0.75,サンプル不足,0.028197024953232216
v7,score,総合スコア,現行の全評価要素を合成した順位スコア,True,業種,繊維製品,3d,3営業日,4,3,1,0.0241904018728054,0.0241904018728054,1.0,サンプル不足,0.028197024953232216
v7,score,総合スコア,現行の全評価要素を合成した順位スコア,True,業種,繊維製品,5d,5営業日,1,7,7,-0.003897637668880955,0.00591715976331364,0.5714285714285714,サンプル不足,0.007409147618159055
v7,score,総合スコア,現行の全評価要素を合成した順位スコア,True,業種,繊維製品,5d,5営業日,2,3,3,0.012725713171563695,0.0192307692307691,0.6666666666666666,サンプル不足,0.007409147618159055
v7,score,総合スコア,現行の全評価要素を合成した順位スコア,True,業種,繊維製品,5d,5営業日,3,5,4,0.029050230833967343,0.023744588744588718,0.75,サンプル不足,0.007409147618159055
v7,score,総合スコア,現行の全評価要素を合成した順位スコア,True,業種,繊維製品,5d,5営業日,4,3,1,0.0035115099492781,0.0035115099492781,1.0,サンプル不足,0.007409147618159055
v7,score,総合スコア,現行の全評価要素を合成した順位スコア,True,業種,証券、商品先物取引業,10d,10営業日,1,15,10,0.06522190981485833,0.07167889348569434,0.8,サンプル不足,-0.06525472717008057
v7,score,総合スコア,現行の全評価要素を合成した順位スコア,True,業種,証券、商品先物取引業,10d,10営業日,2,21,14,0.06795174153600128,0.06073765722393154,0.9285714285714286,サンプル不足,-0.06525472717008057
v7,score,総合スコア,現行の全評価要素を合成した順位スコア,True,業種,証券、商品先物取引業,10d,10営業日,3,13,10,0.05702875031027309,0.05757700438086566,0.8,サンプル不足,-0.06525472717008057
v7,score,総合スコア,現行の全評価要素を合成した順位スコア,True,業種,証券、商品先物取引業,10d,10営業日,4,29,25,0.01259865190528008,0.018476499189627127,0.56,サンプル不足,-0.06525472717008057
v7,score,総合スコア,現行の全評価要素を合成した順位スコア,True,業種,証券、商品先物取引業,10d,10営業日,5,15,15,-3.281735522224031e-05,-0.0116279069767442,0.4666666666666667,サンプル不足,-0.06525472717008057
v7,score,総合スコア,現行の全評価要素を合成した順位スコア,True,業種,証券、商品先物取引業,1d,1営業日,1,15,15,0.0020090312495118054,-0.0021676300578035,0.4666666666666667,サンプル不足,0.0008074039518699621
v7,score,総合スコア,現行の全評価要素を合成した順位スコア,True,業種,証券、商品先物取引業,1d,1営業日,2,21,21,0.005034473722573691,0.012453300124533051,0.7142857142857143,サンプル不足,0.0008074039518699621
v7,score,総合スコア,現行の全評価要素を合成した順位スコア,True,業種,証券、商品先物取引業,1d,1営業日,3,13,13,0.004566119903428854,0.004619758351101622,0.5384615384615384,サンプル不足,0.0008074039518699621
v7,score,総合スコア,現行の全評価要素を合成した順位スコア,True,業種,証券、商品先物取引業,1d,1営業日,4,29,29,0.006721326147161626,0.00440667296191366,0.6551724137931034,サンプル不足,0.0008074039518699621
v7,score,総合スコア,現行の全評価要素を合成した順位スコア,True,業種,証券、商品先物取引業,1d,1営業日,5,15,15,0.0028164352013817675,0.008510638297872353,0.6,サンプル不足,0.0008074039518699621
v7,score,総合スコア,現行の全評価要素を合成した順位スコア,True,業種,証券、商品先物取引業,3d,3営業日,1,15,14,0.012366023385262487,0.005232017019013399,0.5714285714285714,サンプル不足,-0.012572367699702035
v7,score,総合スコア,現行の全評価要素を合成した順位スコア,True,業種,証券、商品先物取引業,3d,3営業日,2,21,21,0.01015934403380497,0.004743833017077703,0.6190476190476191,サンプル不足,-0.012572367699702035
v7,score,総合スコア,現行の全評価要素を合成した順位スコア,True,業種,証券、商品先物取引業,3d,3営業日,3,13,13,0.011488729659929274,0.007450331125827825,0.6923076923076923,サンプル不足,-0.012572367699702035
v7,score,総合スコア,現行の全評価要素を合成した順位スコア,True,業種,証券、商品先物取引業,3d,3営業日,4,29,29,0.017476694536484462,0.00541418516513259,0.6206896551724138,サンプル不足,-0.012572367699702035
v7,score,総合スコア,現行の全評価要素を合成した順位スコア,True,業種,証券、商品先物取引業,3d,3営業日,5,15,15,-0.00020634431443954844,-0.003729024238657508,0.4666666666666667,サンプル不足,-0.012572367699702035
v7,score,総合スコア,現行の全評価要素を合成した順位スコア,True,業種,証券、商品先物取引業,5d,5営業日,1,15,11,0.025821343411228284,0.021788990825688,0.7272727272727273,サンプル不足,-0.017559315437747976
v7,score,総合スコア,現行の全評価要素を合成した順位スコア,True,業種,証券、商品先物取引業,5d,5営業日,2,21,20,0.01976985944817507,0.014529834552025056,0.7,サンプル不足,-0.017559315437747976
v7,score,総合スコア,現行の全評価要素を合成した順位スコア,True,業種,証券、商品先物取引業,5d,5営業日,3,13,13,0.018247775525107496,0.03219575016097864,0.6923076923076923,サンプル不足,-0.017559315437747976
v7,score,総合スコア,現行の全評価要素を合成した順位スコア,True,業種,証券、商品先物取引業,5d,5営業日,4,29,29,0.014242189445928503,0.014427412082957725,0.6206896551724138,サンプル不足,-0.017559315437747976
v7,score,総合スコア,現行の全評価要素を合成した順位スコア,True,業種,証券、商品先物取引業,5d,5営業日,5,15,15,0.008262027973480307,-0.0009225092250922939,0.4666666666666667,サンプル不足,-0.017559315437747976
v7,score,総合スコア,現行の全評価要素を合成した順位スコア,True,業種,輸送用機器,10d,10営業日,1,34,24,0.022907184752601853,0.0038031990181902064,0.5,サンプル不足,-0.059964112059185275
v7,score,総合スコア,現行の全評価要素を合成した順位スコア,True,業種,輸送用機器,10d,10営業日,2,31,18,0.020535478614436546,0.009221642367368,0.5555555555555556,サンプル不足,-0.059964112059185275
v7,score,総合スコア,現行の全評価要素を合成した順位スコア,True,業種,輸送用機器,10d,10営業日,3,28,21,0.012269292251000628,0.008568286921251778,0.5238095238095238,サンプル不足,-0.059964112059185275
v7,score,総合スコア,現行の全評価要素を合成した順位スコア,True,業種,輸送用機器,10d,10営業日,4,19,9,-0.01816274873638483,-0.026266416510318913,0.1111111111111111,サンプル不足,-0.059964112059185275
v7,score,総合スコア,現行の全評価要素を合成した順位スコア,True,業種,輸送用機器,10d,10営業日,5,14,6,-0.03705692730658342,-0.05135380491003361,0.3333333333333333,サンプル不足,-0.059964112059185275
v7,score,総合スコア,現行の全評価要素を合成した順位スコア,True,業種,輸送用機器,1d,1営業日,1,34,34,0.0009039660109418833,-0.00016716817118023197,0.4411764705882353,評価可能,0.022383849087068818
v7,score,総合スコア,現行の全評価要素を合成した順位スコア,True,業種,輸送用機器,1d,1営業日,2,31,29,0.003809123539525109,-0.004103967168262668,0.4482758620689655,サンプル不足,0.022383849087068818
v7,score,総合スコア,現行の全評価要素を合成した順位スコア,True,業種,輸送用機器,1d,1営業日,3,28,28,-0.001073001083383687,0.0013550135501354532,0.5,サンプル不足,0.022383849087068818
v7,score,総合スコア,現行の全評価要素を合成した順位スコア,True,業種,輸送用機器,1d,1営業日,4,19,19,-0.0074717341942279894,-0.010956470239857907,0.3684210526315789,サンプル不足,0.022383849087068818
v7,score,総合スコア,現行の全評価要素を合成した順位スコア,True,業種,輸送用機器,1d,1営業日,5,14,13,0.0232878150980107,0.012422360248447228,0.6153846153846154,サンプル不足,0.022383849087068818
v7,score,総合スコア,現行の全評価要素を合成した順位スコア,True,業種,輸送用機器,3d,3営業日,1,34,33,-0.00228180725734484,-0.0031699585466958835,0.48484848484848486,評価可能,0.02960594222089185
v7,score,総合スコア,現行の全評価要素を合成した順位スコア,True,業種,輸送用機器,3d,3営業日,2,31,29,-0.010240406893480327,-0.011982991882489413,0.41379310344827586,サンプル不足,0.02960594222089185
v7,score,総合スコア,現行の全評価要素を合成した順位スコア,True,業種,輸送用機器,3d,3営業日,3,28,26,-0.009191706170386334,-0.0027237764874020187,0.46153846153846156,サンプル不足,0.02960594222089185
v7,score,総合スコア,現行の全評価要素を合成した順位スコア,True,業種,輸送用機器,3d,3営業日,4,19,19,-0.01235331784950734,-0.0209643605870021,0.47368421052631576,サンプル不足,0.02960594222089185
v7,score,総合スコア,現行の全評価要素を合成した順位スコア,True,業種,輸送用機器,3d,3営業日,5,14,11,0.02732413496354701,-0.00373233804318851,0.45454545454545453,サンプル不足,0.02960594222089185
v7,score,総合スコア,現行の全評価要素を合成した順位スコア,True,業種,輸送用機器,5d,5営業日,1,34,32,-0.002551735273691364,-0.009479925023041957,0.4375,評価可能,-0.013258009367021147
v7,score,総合スコア,現行の全評価要素を合成した順位スコア,True,業種,輸送用機器,5d,5営業日,2,31,27,-0.006052489389585313,-0.009124087591240837,0.4074074074074074,サンプル不足,-0.013258009367021147
v7,score,総合スコア,現行の全評価要素を合成した順位スコア,True,業種,輸送用機器,5d,5営業日,3,28,24,-0.0015043480480733094,-0.0040688730078133895,0.5,サンプル不足,-0.013258009367021147
v7,score,総合スコア,現行の全評価要素を合成した順位スコア,True,業種,輸送用機器,5d,5営業日,4,19,18,0.022938431087373947,-0.026252403920075162,0.3333333333333333,サンプル不足,-0.013258009367021147
v7,score,総合スコア,現行の全評価要素を合成した順位スコア,True,業種,輸送用機器,5d,5営業日,5,14,8,-0.01580974464071251,-0.005450398412275237,0.5,サンプル不足,-0.013258009367021147
v7,score,総合スコア,現行の全評価要素を合成した順位スコア,True,業種,金属製品,10d,10営業日,1,19,17,0.03469603280420186,0.0024509803921568,0.5294117647058824,サンプル不足,-0.2443381812963657
v7,score,総合スコア,現行の全評価要素を合成した順位スコア,True,業種,金属製品,10d,10営業日,2,15,13,-0.009445342357886057,-0.0078817733990147,0.38461538461538464,サンプル不足,-0.2443381812963657
v7,score,総合スコア,現行の全評価要素を合成した順位スコア,True,業種,金属製品,10d,10営業日,3,14,11,-0.03706151109196896,-0.0107991360691144,0.36363636363636365,サンプル不足,-0.2443381812963657
v7,score,総合スコア,現行の全評価要素を合成した順位スコア,True,業種,金属製品,10d,10営業日,4,16,14,-0.019864828035109895,-0.06559293724648055,0.2857142857142857,サンプル不足,-0.2443381812963657
v7,score,総合スコア,現行の全評価要素を合成した順位スコア,True,業種,金属製品,10d,10営業日,5,30,27,-0.20964214849216384,-0.20268485915492962,0.07407407407407407,サンプル不足,-0.2443381812963657
v7,score,総合スコア,現行の全評価要素を合成した順位スコア,True,業種,金属製品,1d,1営業日,1,19,19,0.02002317696214716,0.00814075630252109,0.631578947368421,サンプル不足,-0.009194875488565324
v7,score,総合スコア,現行の全評価要素を合成した順位スコア,True,業種,金属製品,1d,1営業日,2,15,15,-0.0014073910218662972,0.0006042296072508,0.5333333333333333,サンプル不足,-0.009194875488565324
v7,score,総合スコア,現行の全評価要素を合成した順位スコア,True,業種,金属製品,1d,1営業日,3,14,14,-0.00209818995847724,-0.012181318959341401,0.35714285714285715,サンプル不足,-0.009194875488565324
v7,score,総合スコア,現行の全評価要素を合成した順位スコア,True,業種,金属製品,1d,1営業日,4,16,16,-0.023650166585450577,-0.022909815698874958,0.3125,サンプル不足,-0.009194875488565324
v7,score,総合スコア,現行の全評価要素を合成した順位スコア,True,業種,金属製品,1d,1営業日,5,30,28,0.010828301473581837,-0.0013513513513513,0.4642857142857143,サンプル不足,-0.009194875488565324
v7,score,総合スコア,現行の全評価要素を合成した順位スコア,True,業種,金属製品,3d,3営業日,1,19,18,0.04412814853475047,-0.0044841540320872,0.5,サンプル不足,-0.06148744326660642
v7,score,総合スコア,現行の全評価要素を合成した順位スコア,True,業種,金属製品,3d,3営業日,2,15,15,0.0005370367571552755,-0.0088669950738916,0.4666666666666667,サンプル不足,-0.06148744326660642
v7,score,総合スコア,現行の全評価要素を合成した順位スコア,True,業種,金属製品,3d,3営業日,3,14,13,0.000987802441169803,-0.0202122283981809,0.3076923076923077,サンプル不足,-0.06148744326660642
v7,score,総合スコア,現行の全評価要素を合成した順位スコア,True,業種,金属製品,3d,3営業日,4,16,15,-0.0332631120319904,-0.03268909568122169,0.2,サンプル不足,-0.06148744326660642
v7,score,総合スコア,現行の全評価要素を合成した順位スコア,True,業種,金属製品,3d,3営業日,5,30,27,-0.01735929473185595,-0.0158898305084745,0.37037037037037035,サンプル不足,-0.06148744326660642
v7,score,総合スコア,現行の全評価要素を合成した順位スコア,True,業種,金属製品,5d,5営業日,1,19,18,0.03892042529016562,0.00494585374476225,0.5555555555555556,サンプル不足,-0.11480850993189459
v7,score,総合スコア,現行の全評価要素を合成した順位スコア,True,業種,金属製品,5d,5営業日,2,15,15,-0.001954668977137171,-0.0029556650246305,0.4,サンプル不足,-0.11480850993189459
v7,score,総合スコア,現行の全評価要素を合成した順位スコア,True,業種,金属製品,5d,5営業日,3,14,12,0.001782218509826003,-0.02378768602621383,0.4166666666666667,サンプル不足,-0.11480850993189459
v7,score,総合スコア,現行の全評価要素を合成した順位スコア,True,業種,金属製品,5d,5営業日,4,16,14,-0.04497138785293357,-0.05421776874837517,0.21428571428571427,サンプル不足,-0.11480850993189459
v7,score,総合スコア,現行の全評価要素を合成した順位スコア,True,業種,金属製品,5d,5営業日,5,30,27,-0.07588808464172897,-0.06153846153846154,0.2962962962962963,サンプル不足,-0.11480850993189459
v7,score,総合スコア,現行の全評価要素を合成した順位スコア,True,業種,鉄鋼,10d,10営業日,1,13,7,0.013707405353989316,0.0010940919037198,0.5714285714285714,サンプル不足,-0.04994002532484612
v7,score,総合スコア,現行の全評価要素を合成した順位スコア,True,業種,鉄鋼,10d,10営業日,2,9,4,0.01711036651854566,0.0043173100827502,0.75,サンプル不足,-0.04994002532484612
v7,score,総合スコア,現行の全評価要素を合成した順位スコア,True,業種,鉄鋼,10d,10営業日,3,6,4,0.042393392954238066,0.037976917873713406,0.5,サンプル不足,-0.04994002532484612
v7,score,総合スコア,現行の全評価要素を合成した順位スコア,True,業種,鉄鋼,10d,10営業日,4,9,2,0.11288927114409664,0.11288927114409664,1.0,サンプル不足,-0.04994002532484612
v7,score,総合スコア,現行の全評価要素を合成した順位スコア,True,業種,鉄鋼,10d,10営業日,5,10,3,-0.036232619970856805,-0.04947847017919227,0.3333333333333333,サンプル不足,-0.04994002532484612
v7,score,総合スコア,現行の全評価要素を合成した順位スコア,True,業種,鉄鋼,1d,1営業日,1,13,12,0.013900004243415991,0.0003341333364330623,0.5,サンプル不足,-0.0038926172959718834
v7,score,総合スコア,現行の全評価要素を合成した順位スコア,True,業種,鉄鋼,1d,1営業日,2,9,9,-0.010025980916077747,0.0,0.4444444444444444,サンプル不足,-0.0038926172959718834
v7,score,総合スコア,現行の全評価要素を合成した順位スコア,True,業種,鉄鋼,1d,1営業日,3,6,6,0.015731979445324066,0.014702540258209114,0.8333333333333334,サンプル不足,-0.0038926172959718834
v7,score,総合スコア,現行の全評価要素を合成した順位スコア,True,業種,鉄鋼,1d,1営業日,4,9,8,0.018693889989089843,0.025752066762725567,0.625,サンプル不足,-0.0038926172959718834
v7,score,総合スコア,現行の全評価要素を合成した順位スコア,True,業種,鉄鋼,1d,1営業日,5,10,10,0.010007386947444108,-0.0040680013757574685,0.5,サンプル不足,-0.0038926172959718834
v7,score,総合スコア,現行の全評価要素を合成した順位スコア,True,業種,鉄鋼,3d,3営業日,1,13,10,0.024495501244291045,0.021553117434749303,0.7,サンプル不足,-0.02994696140495132
v7,score,総合スコア,現行の全評価要素を合成した順位スコア,True,業種,鉄鋼,3d,3営業日,2,9,9,-0.022215113287542148,0.0,0.4444444444444444,サンプル不足,-0.02994696140495132
v7,score,総合スコア,現行の全評価要素を合成した順位スコア,True,業種,鉄鋼,3d,3営業日,3,6,5,0.022237903054036414,0.006891271056661541,0.8,サンプル不足,-0.02994696140495132
v7,score,総合スコア,現行の全評価要素を合成した順位スコア,True,業種,鉄鋼,3d,3営業日,4,9,6,0.05931729671311503,0.06600067594999803,1.0,サンプル不足,-0.02994696140495132
v7,score,総合スコア,現行の全評価要素を合成した順位スコア,True,業種,鉄鋼,3d,3営業日,5,10,7,-0.005451460160660274,-0.0067278660765481835,0.42857142857142855,サンプル不足,-0.02994696140495132
v7,score,総合スコア,現行の全評価要素を合成した順位スコア,True,業種,鉄鋼,5d,5営業日,1,13,8,0.028630444911484046,0.0006923146663165711,0.5,サンプル不足,-0.01135341797841197
v7,score,総合スコア,現行の全評価要素を合成した順位スコア,True,業種,鉄鋼,5d,5営業日,2,9,7,4.107856356636019e-05,0.0022522522522523,0.5714285714285714,サンプル不足,-0.01135341797841197
v7,score,総合スコア,現行の全評価要素を合成した順位スコア,True,業種,鉄鋼,5d,5営業日,3,6,5,0.025000755288832593,0.01585802354966037,0.6,サンプル不足,-0.01135341797841197
v7,score,総合スコア,現行の全評価要素を合成した順位スコア,True,業種,鉄鋼,5d,5営業日,4,9,4,0.08995816208307494,0.06963549655575352,1.0,サンプル不足,-0.01135341797841197
v7,score,総合スコア,現行の全評価要素を合成した順位スコア,True,業種,鉄鋼,5d,5営業日,5,10,6,0.017277026933072075,0.015987452529762913,0.5,サンプル不足,-0.01135341797841197
v7,score,総合スコア,現行の全評価要素を合成した順位スコア,True,業種,鉱業,10d,10営業日,2,1,1,-0.0696623238500399,-0.0696623238500399,0.0,サンプル不足,0.0
v7,score,総合スコア,現行の全評価要素を合成した順位スコア,True,業種,鉱業,10d,10営業日,3,1,0,,,,サンプル不足,0.0
v7,score,総合スコア,現行の全評価要素を合成した順位スコア,True,業種,鉱業,1d,1営業日,2,1,1,-0.028981653815474573,-0.028981653815474573,0.0,サンプル不足,0.06369239761712753
v7,score,総合スコア,現行の全評価要素を合成した順位スコア,True,業種,鉱業,1d,1営業日,3,1,1,0.034710743801652955,0.034710743801652955,1.0,サンプル不足,0.06369239761712753
v7,score,総合スコア,現行の全評価要素を合成した順位スコア,True,業種,鉱業,3d,3営業日,2,1,1,-0.038553576176548754,-0.038553576176548754,0.0,サンプル不足,0.17243787369720986
v7,score,総合スコア,現行の全評価要素を合成した順位スコア,True,業種,鉱業,3d,3営業日,3,1,1,0.1338842975206611,0.1338842975206611,1.0,サンプル不足,0.17243787369720986
v7,score,総合スコア,現行の全評価要素を合成した順位スコア,True,業種,鉱業,5d,5営業日,2,1,1,-0.035628822121776094,-0.035628822121776094,0.0,サンプル不足,0.08521559898128028
v7,score,総合スコア,現行の全評価要素を合成した順位スコア,True,業種,鉱業,5d,5営業日,3,1,1,0.04958677685950419,0.04958677685950419,1.0,サンプル不足,0.08521559898128028
v7,score,総合スコア,現行の全評価要素を合成した順位スコア,True,業種,銀行業,10d,10営業日,1,36,25,0.046787067738034024,0.04916276164174338,0.84,サンプル不足,-0.06846988395222019
v7,score,総合スコア,現行の全評価要素を合成した順位スコア,True,業種,銀行業,10d,10営業日,2,46,38,0.04164963648844894,0.0435812190753091,0.6842105263157895,評価可能,-0.06846988395222019
v7,score,総合スコア,現行の全評価要素を合成した順位スコア,True,業種,銀行業,10d,10営業日,3,74,65,0.02608889016147222,0.030511678142297827,0.7076923076923077,評価可能,-0.06846988395222019
v7,score,総合スコア,現行の全評価要素を合成した順位スコア,True,業種,銀行業,10d,10営業日,4,62,49,0.009096331377070034,0.008443908323281013,0.5306122448979592,評価可能,-0.06846988395222019
v7,score,総合スコア,現行の全評価要素を合成した順位スコア,True,業種,銀行業,10d,10営業日,5,55,51,-0.021682816214186162,-0.006917575331222836,0.39215686274509803,評価可能,-0.06846988395222019
v7,score,総合スコア,現行の全評価要素を合成した順位スコア,True,業種,銀行業,1d,1営業日,1,36,36,0.004430197029413487,0.008488101436403106,0.6388888888888888,評価可能,0.0010819432080588585
v7,score,総合スコア,現行の全評価要素を合成した順位スコア,True,業種,銀行業,1d,1営業日,2,46,46,0.002534970181613711,0.0031782000990212556,0.5869565217391305,評価可能,0.0010819432080588585
v7,score,総合スコア,現行の全評価要素を合成した順位スコア,True,業種,銀行業,1d,1営業日,3,74,73,-0.002348817949788107,0.0007127583749109156,0.5205479452054794,評価可能,0.0010819432080588585
v7,score,総合スコア,現行の全評価要素を合成した順位スコア,True,業種,銀行業,1d,1営業日,4,62,62,-0.0003189225165654617,0.0,0.4838709677419355,評価可能,0.0010819432080588585
v7,score,総合スコア,現行の全評価要素を合成した順位スコア,True,業種,銀行業,1d,1営業日,5,55,55,0.005512140237472345,0.007246376811594235,0.6363636363636364,評価可能,0.0010819432080588585
v7,score,総合スコア,現行の全評価要素を合成した順位スコア,True,業種,銀行業,3d,3営業日,1,36,31,0.01844669551319566,0.018769529605019653,0.7741935483870968,評価可能,-0.023362605421280512
v7,score,総合スコア,現行の全評価要素を合成した順位スコア,True,業種,銀行業,3d,3営業日,2,46,43,0.009021878767647488,0.008196721311475308,0.5813953488372093,評価可能,-0.023362605421280512
v7,score,総合スコア,現行の全評価要素を合成した順位スコア,True,業種,銀行業,3d,3営業日,3,74,70,0.00483358588364894,0.006928788564844468,0.5571428571428572,評価可能,-0.023362605421280512
v7,score,総合スコア,現行の全評価要素を合成した順位スコア,True,業種,銀行業,3d,3営業日,4,62,58,0.0004420106808779674,0.0012623648831437961,0.5344827586206896,評価可能,-0.023362605421280512
v7,score,総合スコア,現行の全評価要素を合成した順位スコア,True,業種,銀行業,3d,3営業日,5,55,53,-0.004915909908084852,-0.00588235294117645,0.4528301886792453,評価可能,-0.023362605421280512
v7,score,総合スコア,現行の全評価要素を合成した順位スコア,True,業種,銀行業,5d,5営業日,1,36,30,0.02761226583004796,0.028656472196655347,0.7666666666666667,評価可能,-0.04086620634610034
v7,score,総合スコア,現行の全評価要素を合成した順位スコア,True,業種,銀行業,5d,5営業日,2,46,42,0.02107009863092385,0.027063007607091127,0.6904761904761905,評価可能,-0.04086620634610034
v7,score,総合スコア,現行の全評価要素を合成した順位スコア,True,業種,銀行業,5d,5営業日,3,74,67,0.009368584460994304,0.012114537444933848,0.5373134328358209,評価可能,-0.04086620634610034
v7,score,総合スコア,現行の全評価要素を合成した順位スコア,True,業種,銀行業,5d,5営業日,4,62,58,0.004663982803815617,0.010275746854026435,0.603448275862069,評価可能,-0.04086620634610034
v7,score,総合スコア,現行の全評価要素を合成した順位スコア,True,業種,銀行業,5d,5営業日,5,55,53,-0.013253940516052375,-0.004652827487473199,0.4339622641509434,評価可能,-0.04086620634610034
v7,score,総合スコア,現行の全評価要素を合成した順位スコア,True,業種,陸運業,10d,10営業日,1,10,8,0.0014859039829249916,-0.00015777888215899594,0.5,サンプル不足,0.02638900847821054
v7,score,総合スコア,現行の全評価要素を合成した順位スコア,True,業種,陸運業,10d,10営業日,2,4,2,-0.0033297443290690593,-0.0033297443290690593,0.5,サンプル不足,0.02638900847821054
v7,score,総合スコア,現行の全評価要素を合成した順位スコア,True,業種,陸運業,10d,10営業日,3,8,7,0.0020720058275012893,0.006408202499198934,0.5714285714285714,サンプル不足,0.02638900847821054
v7,score,総合スコア,現行の全評価要素を合成した順位スコア,True,業種,陸運業,10d,10営業日,5,7,3,0.02787491246113553,0.01116173120728936,0.6666666666666666,サンプル不足,0.02638900847821054
v7,score,総合スコア,現行の全評価要素を合成した順位スコア,True,業種,陸運業,1d,1営業日,1,10,9,0.0009611830365188139,-0.0034762456546929,0.4444444444444444,サンプル不足,0.013837157014992633
v7,score,総合スコア,現行の全評価要素を合成した順位スコア,True,業種,陸運業,1d,1営業日,2,4,3,0.006004896926886244,0.00979068197164068,0.6666666666666666,サンプル不足,0.013837157014992633
v7,score,総合スコア,現行の全評価要素を合成した順位スコア,True,業種,陸運業,1d,1営業日,3,8,8,-0.006148070708534438,3.0265142494239846e-05,0.5,サンプル不足,0.013837157014992633
v7,score,総合スコア,現行の全評価要素を合成した順位スコア,True,業種,陸運業,1d,1営業日,5,7,6,0.014798340051511446,0.019359912571745408,0.6666666666666666,サンプル不足,0.013837157014992633
v7,score,総合スコア,現行の全評価要素を合成した順位スコア,True,業種,陸運業,3d,3営業日,1,10,9,0.005863947584117907,0.0069524913093859,0.7777777777777778,サンプル不足,-0.0336782577898789
v7,score,総合スコア,現行の全評価要素を合成した順位スコア,True,業種,陸運業,3d,3営業日,2,4,3,-0.021055776973414955,-0.0227027027027026,0.0,サンプル不足,-0.0336782577898789
v7,score,総合スコア,現行の全評価要素を合成した順位スコア,True,業種,陸運業,3d,3営業日,3,8,8,-0.02054714168405615,-0.011029091182440054,0.375,サンプル不足,-0.0336782577898789
v7,score,総合スコア,現行の全評価要素を合成した順位スコア,True,業種,陸運業,3d,3営業日,5,7,5,-0.027814310205760993,-0.02336007550731478,0.2,サンプル不足,-0.0336782577898789
v7,score,総合スコア,現行の全評価要素を合成した順位スコア,True,業種,陸運業,5d,5営業日,1,10,9,-0.008793066257570266,-0.01738548980274157,0.4444444444444444,サンプル不足,0.01847000432188089
v7,score,総合スコア,現行の全評価要素を合成した順位スコア,True,業種,陸運業,5d,5営業日,2,4,3,-0.04090863186560417,-0.0205405405405405,0.3333333333333333,サンプル不足,0.01847000432188089
v7,score,総合スコア,現行の全評価要素を合成した順位スコア,True,業種,陸運業,5d,5営業日,3,8,8,-0.019032018158568483,-0.003048002219755853,0.5,サンプル不足,0.01847000432188089
v7,score,総合スコア,現行の全評価要素を合成した順位スコア,True,業種,陸運業,5d,5営業日,5,7,5,0.009676938064310626,0.004783599088838297,0.6,サンプル不足,0.01847000432188089
v7,score,総合スコア,現行の全評価要素を合成した順位スコア,True,業種,電気・ガス業,10d,10営業日,1,4,4,-0.015345381292492195,-0.020103526734926002,0.25,サンプル不足,-0.045977048911835065
v7,score,総合スコア,現行の全評価要素を合成した順位スコア,True,業種,電気・ガス業,10d,10営業日,2,4,3,0.04107859228005332,0.07013500164636155,0.6666666666666666,サンプル不足,-0.045977048911835065
v7,score,総合スコア,現行の全評価要素を合成した順位スコア,True,業種,電気・ガス業,10d,10営業日,3,4,2,0.031227890130501756,0.031227890130501756,0.5,サンプル不足,-0.045977048911835065
v7,score,総合スコア,現行の全評価要素を合成した順位スコア,True,業種,電気・ガス業,10d,10営業日,4,6,4,-0.05205362301375155,-0.04547491470808179,0.0,サンプル不足,-0.045977048911835065
v7,score,総合スコア,現行の全評価要素を合成した順位スコア,True,業種,電気・ガス業,10d,10営業日,5,3,3,-0.06132243020432726,-0.08256029684601118,0.0,サンプル不足,-0.045977048911835065
v7,score,総合スコア,現行の全評価要素を合成した順位スコア,True,業種,電気・ガス業,1d,1営業日,1,4,4,-0.0007876804445473935,-0.0096587030716724,0.5,サンプル不足,0.004195039996038578
v7,score,総合スコア,現行の全評価要素を合成した順位スコア,True,業種,電気・ガス業,1d,1営業日,2,4,4,-0.012113951283032776,-0.013396078000951273,0.25,サンプル不足,0.004195039996038578
v7,score,総合スコア,現行の全評価要素を合成した順位スコア,True,業種,電気・ガス業,1d,1営業日,3,4,4,0.013661654264155554,0.008054035299352225,0.75,サンプル不足,0.004195039996038578
v7,score,総合スコア,現行の全評価要素を合成した順位スコア,True,業種,電気・ガス業,1d,1営業日,4,6,6,-0.006628387901916888,0.0024158117971855853,0.5,サンプル不足,0.004195039996038578
v7,score,総合スコア,現行の全評価要素を合成した順位スコア,True,業種,電気・ガス業,1d,1営業日,5,3,3,0.0034073595514911847,0.005256241787122251,0.6666666666666666,サンプル不足,0.004195039996038578
v7,score,総合スコア,現行の全評価要素を合成した順位スコア,True,業種,電気・ガス業,3d,3営業日,1,4,4,-0.0005319343100965747,0.00103981797497165,0.5,サンプル不足,-0.019369815983686253
v7,score,総合スコア,現行の全評価要素を合成した順位スコア,True,業種,電気・ガス業,3d,3営業日,2,4,4,-0.004970714088576189,-0.009546701789046153,0.5,サンプル不足,-0.019369815983686253
v7,score,総合スコア,現行の全評価要素を合成した順位スコア,True,業種,電気・ガス業,3d,3営業日,3,4,4,0.01970204584181806,0.016470137890658765,1.0,サンプル不足,-0.019369815983686253
v7,score,総合スコア,現行の全評価要素を合成した順位スコア,True,業種,電気・ガス業,3d,3営業日,4,6,6,0.007353864853592314,0.014281434598151233,0.6666666666666666,サンプル不足,-0.019369815983686253
v7,score,総合スコア,現行の全評価要素を合成した順位スコア,True,業種,電気・ガス業,3d,3営業日,5,3,3,-0.019901750293782827,-0.008039579468150926,0.3333333333333333,サンプル不足,-0.019369815983686253
v7,score,総合スコア,現行の全評価要素を合成した順位スコア,True,業種,電気・ガス業,5d,5営業日,1,4,4,0.007157420520195402,0.0032627986348122504,0.5,サンプル不足,-0.02752282896654837
v7,score,総合スコア,現行の全評価要素を合成した順位スコア,True,業種,電気・ガス業,5d,5営業日,2,4,4,0.001733660988331498,-0.004421944170050873,0.5,サンプル不足,-0.02752282896654837
v7,score,総合スコア,現行の全評価要素を合成した順位スコア,True,業種,電気・ガス業,5d,5営業日,3,4,4,0.03227450922850006,0.028345087567822835,1.0,サンプル不足,-0.02752282896654837
v7,score,総合スコア,現行の全評価要素を合成した順位スコア,True,業種,電気・ガス業,5d,5営業日,4,6,6,0.0005530520729935354,0.016905786647972154,0.6666666666666666,サンプル不足,-0.02752282896654837
v7,score,総合スコア,現行の全評価要素を合成した順位スコア,True,業種,電気・ガス業,5d,5営業日,5,3,3,-0.020365408446352967,-0.04029758214507129,0.3333333333333333,サンプル不足,-0.02752282896654837
v7,score,総合スコア,現行の全評価要素を合成した順位スコア,True,業種,電気機器,10d,10営業日,1,87,64,-0.04349564602373229,-0.048003417605313015,0.234375,評価可能,-0.06922438400867068
v7,score,総合スコア,現行の全評価要素を合成した順位スコア,True,業種,電気機器,10d,10営業日,2,80,61,-0.07541631251060825,-0.04900990099009905,0.26229508196721313,評価可能,-0.06922438400867068
v7,score,総合スコア,現行の全評価要素を合成した順位スコア,True,業種,電気機器,10d,10営業日,3,94,75,-0.09614423192780815,-0.09931359931359929,0.16,評価可能,-0.06922438400867068
v7,score,総合スコア,現行の全評価要素を合成した順位スコア,True,業種,電気機器,10d,10営業日,4,103,85,-0.10017197053829996,-0.08449396471680592,0.16470588235294117,評価可能,-0.06922438400867068
v7,score,総合スコア,現行の全評価要素を合成した順位スコア,True,業種,電気機器,10d,10営業日,5,160,146,-0.11272003003240297,-0.10662623977351049,0.18493150684931506,評価可能,-0.06922438400867068
v7,score,総合スコア,現行の全評価要素を合成した順位スコア,True,業種,電気機器,1d,1営業日,1,87,85,-0.0063464970319908436,-0.005409438537586242,0.4588235294117647,評価可能,-0.00554260626849711
v7,score,総合スコア,現行の全評価要素を合成した順位スコア,True,業種,電気機器,1d,1営業日,2,80,78,-0.009807396940809853,-0.012390999878776343,0.41025641025641024,評価可能,-0.00554260626849711
v7,score,総合スコア,現行の全評価要素を合成した順位スコア,True,業種,電気機器,1d,1営業日,3,94,91,-0.0011715552417305324,-0.0016103059581320522,0.4835164835164835,評価可能,-0.00554260626849711
v7,score,総合スコア,現行の全評価要素を合成した順位スコア,True,業種,電気機器,1d,1営業日,4,103,102,-0.008332807024140174,-0.01442167207792211,0.35294117647058826,評価可能,-0.00554260626849711
v7,score,総合スコア,現行の全評価要素を合成した順位スコア,True,業種,電気機器,1d,1営業日,5,160,159,-0.011889103300487954,-0.015184381778741818,0.389937106918239,評価可能,-0.00554260626849711
v7,score,総合スコア,現行の全評価要素を合成した順位スコア,True,業種,電気機器,3d,3営業日,1,87,80,-0.011198232618978303,-0.005900240138385637,0.4375,評価可能,-0.024264773087358193
v7,score,総合スコア,現行の全評価要素を合成した順位スコア,True,業種,電気機器,3d,3営業日,2,80,74,-0.022643241009666523,-0.0232207797699594,0.36486486486486486,評価可能,-0.024264773087358193
v7,score,総合スコア,現行の全評価要素を合成した順位スコア,True,業種,電気機器,3d,3営業日,3,94,88,-0.02325803294598263,-0.02966557657911867,0.3409090909090909,評価可能,-0.024264773087358193
v7,score,総合スコア,現行の全評価要素を合成した順位スコア,True,業種,電気機器,3d,3営業日,4,103,99,-0.028868898729866782,-0.03104575163398693,0.3939393939393939,評価可能,-0.024264773087358193
v7,score,総合スコア,現行の全評価要素を合成した順位スコア,True,業種,電気機器,3d,3営業日,5,160,154,-0.035463005706336495,-0.03452596228364763,0.2532467532467532,評価可能,-0.024264773087358193
v7,score,総合スコア,現行の全評価要素を合成した順位スコア,True,業種,電気機器,5d,5営業日,1,87,72,-0.018156213750061503,-0.011132632318819169,0.4027777777777778,評価可能,-0.03829082417543227
v7,score,総合スコア,現行の全評価要素を合成した順位スコア,True,業種,電気機器,5d,5営業日,2,80,67,-0.03191256075851851,-0.038903502699709214,0.3283582089552239,評価可能,-0.03829082417543227
v7,score,総合スコア,現行の全評価要素を合成した順位スコア,True,業種,電気機器,5d,5営業日,3,94,80,-0.04699261173929603,-0.04549500076682944,0.2375,評価可能,-0.03829082417543227
v7,score,総合スコア,現行の全評価要素を合成した順位スコア,True,業種,電気機器,5d,5営業日,4,103,94,-0.04036072952230112,-0.04598665145133768,0.26595744680851063,評価可能,-0.03829082417543227
v7,score,総合スコア,現行の全評価要素を合成した順位スコア,True,業種,電気機器,5d,5営業日,5,160,153,-0.05644703792549377,-0.04804410606458387,0.24836601307189543,評価可能,-0.03829082417543227
v7,score,総合スコア,現行の全評価要素を合成した順位スコア,True,業種,非鉄金属,10d,10営業日,1,9,7,-0.15824428687419864,-0.15953835709436526,0.0,サンプル不足,-0.05678275948173478
v7,score,総合スコア,現行の全評価要素を合成した順位スコア,True,業種,非鉄金属,10d,10営業日,2,3,3,-0.16039334433912245,-0.11688980432543772,0.0,サンプル不足,-0.05678275948173478
v7,score,総合スコア,現行の全評価要素を合成した順位スコア,True,業種,非鉄金属,10d,10営業日,3,5,4,-0.15874412599247692,-0.1775608958991683,0.0,サンプル不足,-0.05678275948173478
v7,score,総合スコア,現行の全評価要素を合成した順位スコア,True,業種,非鉄金属,10d,10営業日,4,12,11,-0.19647256193457688,-0.2054824088063889,0.0,サンプル不足,-0.05678275948173478
v7,score,総合スコア,現行の全評価要素を合成した順位スコア,True,業種,非鉄金属,10d,10営業日,5,5,4,-0.21502704635593342,-0.22699553538103762,0.0,サンプル不足,-0.05678275948173478
v7,score,総合スコア,現行の全評価要素を合成した順位スコア,True,業種,非鉄金属,1d,1営業日,1,9,8,0.011421831507526264,-0.0013047192131325769,0.375,サンプル不足,-0.04473242531703476
v7,score,総合スコア,現行の全評価要素を合成した順位スコア,True,業種,非鉄金属,1d,1営業日,2,3,3,-0.010785636738647741,-0.040700318326512,0.3333333333333333,サンプル不足,-0.04473242531703476
v7,score,総合スコア,現行の全評価要素を合成した順位スコア,True,業種,非鉄金属,1d,1営業日,3,5,5,-0.0010768760850534908,0.0003526093088856985,0.6,サンプル不足,-0.04473242531703476
v7,score,総合スコア,現行の全評価要素を合成した順位スコア,True,業種,非鉄金属,1d,1営業日,4,12,12,-0.012326371927046534,-0.0171685605921017,0.4166666666666667,サンプル不足,-0.04473242531703476
v7,score,総合スコア,現行の全評価要素を合成した順位スコア,True,業種,非鉄金属,1d,1営業日,5,5,5,-0.033310593809508494,-0.02682287652227533,0.2,サンプル不足,-0.04473242531703476
v7,score,総合スコア,現行の全評価要素を合成した順位スコア,True,業種,非鉄金属,3d,3営業日,1,9,8,-0.04190167205500152,-0.0540329575550334,0.25,サンプル不足,-0.029565136654278096
v7,score,総合スコア,現行の全評価要素を合成した順位スコア,True,業種,非鉄金属,3d,3営業日,2,3,3,-0.08402413461414955,-0.08101613456917267,0.0,サンプル不足,-0.029565136654278096
v7,score,総合スコア,現行の全評価要素を合成した順位スコア,True,業種,非鉄金属,3d,3営業日,3,5,5,0.018688478249697993,0.0036231884057971175,0.6,サンプル不足,-0.029565136654278096
v7,score,総合スコア,現行の全評価要素を合成した順位スコア,True,業種,非鉄金属,3d,3営業日,4,12,12,-0.07313036745955363,-0.09059190031152653,0.08333333333333333,サンプル不足,-0.029565136654278096
v7,score,総合スコア,現行の全評価要素を合成した順位スコア,True,業種,非鉄金属,3d,3営業日,5,5,5,-0.07146680870927961,-0.06779661016949157,0.0,サンプル不足,-0.029565136654278096
v7,score,総合スコア,現行の全評価要素を合成した順位スコア,True,業種,非鉄金属,5d,5営業日,1,9,7,-0.0275726325634853,-0.03882045539380363,0.2857142857142857,サンプル不足,-0.0733634354774036
v7,score,総合スコア,現行の全評価要素を合成した順位スコア,True,業種,非鉄金属,5d,5営業日,2,3,3,-0.1489590469741392,-0.15142428785607198,0.0,サンプル不足,-0.0733634354774036
v7,score,総合スコア,現行の全評価要素を合成した順位スコア,True,業種,非鉄金属,5d,5営業日,3,5,5,-0.04865277646897783,-0.044797922415192315,0.2,サンプル不足,-0.0733634354774036
v7,score,総合スコア,現行の全評価要素を合成した順位スコア,True,業種,非鉄金属,5d,5営業日,4,12,11,-0.12256947041802455,-0.10278936964638696,0.0,サンプル不足,-0.0733634354774036
v7,score,総合スコア,現行の全評価要素を合成した順位スコア,True,業種,非鉄金属,5d,5営業日,5,5,4,-0.1009360680408889,-0.10161148934673897,0.0,サンプル不足,-0.0733634354774036
v7,score,総合スコア,現行の全評価要素を合成した順位スコア,True,業種,食料品,10d,10営業日,1,27,20,0.027022177173967054,0.026018392048403838,0.7,サンプル不足,-0.09150664876686904
v7,score,総合スコア,現行の全評価要素を合成した順位スコア,True,業種,食料品,10d,10営業日,2,32,25,0.00828046311082833,0.0166369578134284,0.6,サンプル不足,-0.09150664876686904
v7,score,総合スコア,現行の全評価要素を合成した順位スコア,True,業種,食料品,10d,10営業日,3,26,18,-0.009121173273520126,-0.013230093890988892,0.4444444444444444,サンプル不足,-0.09150664876686904
v7,score,総合スコア,現行の全評価要素を合成した順位スコア,True,業種,食料品,10d,10営業日,4,27,20,0.01372866147956137,0.016709075700171216,0.55,サンプル不足,-0.09150664876686904
v7,score,総合スコア,現行の全評価要素を合成した順位スコア,True,業種,食料品,10d,10営業日,5,11,7,-0.06448447159290198,-0.050951503990178,0.0,サンプル不足,-0.09150664876686904
v7,score,総合スコア,現行の全評価要素を合成した順位スコア,True,業種,食料品,1d,1営業日,1,27,27,-0.007715390852461951,-0.0029694323144104917,0.3333333333333333,サンプル不足,-0.008194838491466055
v7,score,総合スコア,現行の全評価要素を合成した順位スコア,True,業種,食料品,1d,1営業日,2,32,32,0.003868863459414432,0.0006136851795028875,0.5,評価可能,-0.008194838491466055
v7,score,総合スコア,現行の全評価要素を合成した順位スコア,True,業種,食料品,1d,1営業日,3,26,25,-0.0028723598876056844,-0.00182892515475519,0.44,サンプル不足,-0.008194838491466055
v7,score,総合スコア,現行の全評価要素を合成した順位スコア,True,業種,食料品,1d,1営業日,4,27,27,0.00643069807495007,0.0041036717062634676,0.6296296296296297,サンプル不足,-0.008194838491466055
v7,score,総合スコア,現行の全評価要素を合成した順位スコア,True,業種,食料品,1d,1営業日,5,11,11,-0.015910229343928006,-0.021538461538461506,0.36363636363636365,サンプル不足,-0.008194838491466055
v7,score,総合スコア,現行の全評価要素を合成した順位スコア,True,業種,食料品,3d,3営業日,1,27,25,-0.0003400939742923792,-0.006353240152477735,0.48,サンプル不足,-0.026974674479668503
v7,score,総合スコア,現行の全評価要素を合成した順位スコア,True,業種,食料品,3d,3営業日,2,32,31,-0.0037564180465259156,-0.004916881292437392,0.45161290322580644,評価可能,-0.026974674479668503
v7,score,総合スコア,現行の全評価要素を合成した順位スコア,True,業種,食料品,3d,3営業日,3,26,23,-0.006878825184717641,-0.011361650061178064,0.391304347826087,サンプル不足,-0.026974674479668503
v7,score,総合スコア,現行の全評価要素を合成した順位スコア,True,業種,食料品,3d,3営業日,4,27,26,0.0019969116383447413,0.004063419209741959,0.5769230769230769,サンプル不足,-0.026974674479668503
v7,score,総合スコア,現行の全評価要素を合成した順位スコア,True,業種,食料品,3d,3営業日,5,11,11,-0.027314768453960882,-0.03492221118834826,0.2727272727272727,サンプル不足,-0.026974674479668503
v7,score,総合スコア,現行の全評価要素を合成した順位スコア,True,業種,食料品,5d,5営業日,1,27,24,0.009534156533994637,0.011115047483783447,0.6666666666666666,サンプル不足,-0.0389434534143951
v7,score,総合スコア,現行の全評価要素を合成した順位スコア,True,業種,食料品,5d,5営業日,2,32,31,0.0033768736703159666,0.005041518386714072,0.5806451612903226,評価可能,-0.0389434534143951
v7,score,総合スコア,現行の全評価要素を合成した順位スコア,True,業種,食料品,5d,5営業日,3,26,22,0.001221935743458373,0.008368795526264572,0.5909090909090909,サンプル不足,-0.0389434534143951
v7,score,総合スコア,現行の全評価要素を合成した順位スコア,True,業種,食料品,5d,5営業日,4,27,25,0.0019808088506976795,-0.006039946638430771,0.48,サンプル不足,-0.0389434534143951
v7,score,総合スコア,現行の全評価要素を合成した順位スコア,True,業種,食料品,5d,5営業日,5,11,11,-0.029409296880400462,-0.04595827900912641,0.2727272727272727,サンプル不足,-0.0389434534143951
v7,volatility_20d,20日変動率,低いほど望ましい年率換算変動率,False,全体,全体,10d,10営業日,1,740,540,-0.09273581615635143,-0.11337112057945054,0.2222222222222222,評価可能,0.11192211764066298
v7,volatility_20d,20日変動率,低いほど望ましい年率換算変動率,False,全体,全体,10d,10営業日,2,740,540,-0.04523665965159194,-0.040802245996909015,0.3277777777777778,評価可能,0.11192211764066298
v7,volatility_20d,20日変動率,低いほど望ましい年率換算変動率,False,全体,全体,10d,10営業日,3,740,539,-0.009711336244843726,-0.011111111111111072,0.4359925788497217,評価可能,0.11192211764066298
v7,volatility_20d,20日変動率,低いほど望ましい年率換算変動率,False,全体,全体,10d,10営業日,4,740,540,0.009807893019890159,0.009009901189695024,0.562962962962963,評価可能,0.11192211764066298
v7,volatility_20d,20日変動率,低いほど望ましい年率換算変動率,False,全体,全体,10d,10営業日,5,740,539,0.019186301484311545,0.014776762877918515,0.6066790352504638,評価可能,0.11192211764066298
v7,volatility_20d,20日変動率,低いほど望ましい年率換算変動率,False,全体,全体,1d,1営業日,1,740,720,-0.004693364808747495,-0.010797531292860985,0.4111111111111111,評価可能,0.004507863379991452
v7,volatility_20d,20日変動率,低いほど望ましい年率換算変動率,False,全体,全体,1d,1営業日,2,740,720,-0.0003731038134827362,-0.0011369614135372519,0.4777777777777778,評価可能,0.004507863379991452
v7,volatility_20d,20日変動率,低いほど望ましい年率換算変動率,False,全体,全体,1d,1営業日,3,740,720,-0.001117469823886596,-0.0024326088929040868,0.45416666666666666,評価可能,0.004507863379991452
v7,volatility_20d,20日変動率,低いほど望ましい年率換算変動率,False,全体,全体,1d,1営業日,4,740,720,-0.00014374855095264816,0.0,0.4875,評価可能,0.004507863379991452
v7,volatility_20d,20日変動率,低いほど望ましい年率換算変動率,False,全体,全体,1d,1営業日,5,740,720,-0.00018550142875604344,0.0,0.4722222222222222,評価可能,0.004507863379991452
v7,volatility_20d,20日変動率,低いほど望ましい年率換算変動率,False,全体,全体,3d,3営業日,1,740,680,-0.021535138745108623,-0.03055289502238906,0.34558823529411764,評価可能,0.0226569543454547
v7,volatility_20d,20日変動率,低いほど望ましい年率換算変動率,False,全体,全体,3d,3営業日,2,740,680,-0.01314186960988646,-0.013697092347343676,0.4117647058823529,評価可能,0.0226569543454547
v7,volatility_20d,20日変動率,低いほど望ましい年率換算変動率,False,全体,全体,3d,3営業日,3,740,680,-0.005807619611334296,-0.007415062528829437,0.4235294117647059,評価可能,0.0226569543454547
v7,volatility_20d,20日変動率,低いほど望ましい年率換算変動率,False,全体,全体,3d,3営業日,4,740,680,0.0025516220150080286,0.0003072104163875933,0.5029411764705882,評価可能,0.0226569543454547
v7,volatility_20d,20日変動率,低いほど望ましい年率換算変動率,False,全体,全体,3d,3営業日,5,740,678,0.0011218156003460762,0.0009110144911522733,0.5191740412979351,評価可能,0.0226569543454547
v7,volatility_20d,20日変動率,低いほど望ましい年率換算変動率,False,全体,全体,5d,5営業日,1,740,640,-0.04080594835263125,-0.05237375917134229,0.3140625,評価可能,0.04351130610338658
v7,volatility_20d,20日変動率,低いほど望ましい年率換算変動率,False,全体,全体,5d,5営業日,2,740,640,-0.02123314566646072,-0.02298735771504405,0.3765625,評価可能,0.04351130610338658
v7,volatility_20d,20日変動率,低いほど望ましい年率換算変動率,False,全体,全体,5d,5営業日,3,740,640,-0.004114949579888463,-0.0060039405552818614,0.4453125,評価可能,0.04351130610338658
v7,volatility_20d,20日変動率,低いほど望ましい年率換算変動率,False,全体,全体,5d,5営業日,4,740,640,0.005502260552985323,0.004834450351555941,0.5296875,評価可能,0.04351130610338658
v7,volatility_20d,20日変動率,低いほど望ましい年率換算変動率,False,全体,全体,5d,5営業日,5,740,638,0.0027053577507553245,0.0028840522961879247,0.5329153605015674,評価可能,0.04351130610338658
v7,volatility_20d,20日変動率,低いほど望ましい年率換算変動率,False,業種,その他製品,10d,10営業日,1,16,13,-0.07623773283233173,-0.0518134715025906,0.23076923076923078,サンプル不足,0.106039356164219
v7,volatility_20d,20日変動率,低いほど望ましい年率換算変動率,False,業種,その他製品,10d,10営業日,2,18,10,-0.011717276230400562,-0.013301501649743674,0.3,サンプル不足,0.106039356164219
v7,volatility_20d,20日変動率,低いほど望ましい年率換算変動率,False,業種,その他製品,10d,10営業日,3,13,10,0.01660196476366394,0.012956259426847683,0.5,サンプル不足,0.106039356164219
v7,volatility_20d,20日変動率,低いほど望ましい年率換算変動率,False,業種,その他製品,10d,10営業日,4,15,8,0.047551385673180374,0.02873650041168416,0.625,サンプル不足,0.106039356164219
v7,volatility_20d,20日変動率,低いほど望ましい年率換算変動率,False,業種,その他製品,10d,10営業日,5,9,4,0.02980162333188726,0.03214603078212139,1.0,サンプル不足,0.106039356164219
v7,volatility_20d,20日変動率,低いほど望ましい年率換算変動率,False,業種,その他製品,1d,1営業日,1,16,16,0.001102734035463895,-0.01904001599670374,0.4375,サンプル不足,-0.0002001024319847203
v7,volatility_20d,20日変動率,低いほど望ましい年率換算変動率,False,業種,その他製品,1d,1営業日,2,18,17,0.02290326588881003,0.019433647973348123,0.7058823529411765,サンプル不足,-0.0002001024319847203
v7,volatility_20d,20日変動率,低いほど望ましい年率換算変動率,False,業種,その他製品,1d,1営業日,3,13,12,0.015088687289545377,-0.0008426374552348848,0.4166666666666667,サンプル不足,-0.0002001024319847203
v7,volatility_20d,20日変動率,低いほど望ましい年率換算変動率,False,業種,その他製品,1d,1営業日,4,15,12,0.009180289717616882,0.007816164226351785,0.6666666666666666,サンプル不足,-0.0002001024319847203
v7,volatility_20d,20日変動率,低いほど望ましい年率換算変動率,False,業種,その他製品,1d,1営業日,5,9,8,0.0009026316034791747,0.002340093603744098,0.5,サンプル不足,-0.0002001024319847203
v7,volatility_20d,20日変動率,低いほど望ましい年率換算変動率,False,業種,その他製品,3d,3営業日,1,16,14,-0.04194015151263777,-0.03323030884515049,0.2857142857142857,サンプル不足,0.052457203356286744
v7,volatility_20d,20日変動率,低いほど望ましい年率換算変動率,False,業種,その他製品,3d,3営業日,2,18,14,0.01807664462632724,0.00306748466257665,0.5,サンプル不足,0.052457203356286744
v7,volatility_20d,20日変動率,低いほど望ましい年率換算変動率,False,業種,その他製品,3d,3営業日,3,13,12,0.02286449540403253,-0.01644141762174861,0.4166666666666667,サンプル不足,0.052457203356286744
v7,volatility_20d,20日変動率,低いほど望ましい年率換算変動率,False,業種,その他製品,3d,3営業日,4,15,9,-0.024087828182666887,-0.022917164000954893,0.1111111111111111,サンプル不足,0.052457203356286744
v7,volatility_20d,20日変動率,低いほど望ましい年率換算変動率,False,業種,その他製品,3d,3営業日,5,9,7,0.01051705184364898,0.013740458015267132,0.5714285714285714,サンプル不足,0.052457203356286744
v7,volatility_20d,20日変動率,低いほど望ましい年率換算変動率,False,業種,その他製品,5d,5営業日,1,16,14,-0.05269589446265653,-0.05763262407616841,0.21428571428571427,サンプル不足,0.05758179119168338
v7,volatility_20d,20日変動率,低いほど望ましい年率換算変動率,False,業種,その他製品,5d,5営業日,2,18,14,-0.006063908814831522,-0.019637158098965324,0.42857142857142855,サンプル不足,0.05758179119168338
v7,volatility_20d,20日変動率,低いほど望ましい年率換算変動率,False,業種,その他製品,5d,5営業日,3,13,11,0.018375235503573215,-0.0219178082191781,0.45454545454545453,サンプル不足,0.05758179119168338
v7,volatility_20d,20日変動率,低いほど望ましい年率換算変動率,False,業種,その他製品,5d,5営業日,4,15,8,8.17496244662208e-05,-0.00041487837934971357,0.5,サンプル不足,0.05758179119168338
v7,volatility_20d,20日変動率,低いほど望ましい年率換算変動率,False,業種,その他製品,5d,5営業日,5,9,6,0.004885896729026849,0.0033415406260991487,0.5,サンプル不足,0.05758179119168338
v7,volatility_20d,20日変動率,低いほど望ましい年率換算変動率,False,業種,その他金融業,10d,10営業日,1,3,3,-0.17143638551580784,-0.0664335664335664,0.0,サンプル不足,0.15968746399714723
v7,volatility_20d,20日変動率,低いほど望ましい年率換算変動率,False,業種,その他金融業,10d,10営業日,2,3,0,,,,サンプル不足,0.15968746399714723
v7,volatility_20d,20日変動率,低いほど望ましい年率換算変動率,False,業種,その他金融業,10d,10営業日,3,13,9,0.018224175093908834,0.023375785910043634,0.7777777777777778,サンプル不足,0.15968746399714723
v7,volatility_20d,20日変動率,低いほど望ましい年率換算変動率,False,業種,その他金融業,10d,10営業日,4,4,2,0.017239248946805175,0.017239248946805175,0.5,サンプル不足,0.15968746399714723
v7,volatility_20d,20日変動率,低いほど望ましい年率換算変動率,False,業種,その他金融業,10d,10営業日,5,14,8,-0.011748921518660596,-0.01130102972524627,0.375,サンプル不足,0.15968746399714723
v7,volatility_20d,20日変動率,低いほど望ましい年率換算変動率,False,業種,その他金融業,1d,1営業日,1,3,3,-0.06920075512133272,-0.0093240093240093,0.3333333333333333,サンプル不足,0.06530945798698344
v7,volatility_20d,20日変動率,低いほど望ましい年率換算変動率,False,業種,その他金融業,1d,1営業日,2,3,3,0.012320096434770797,0.013170055452865093,0.6666666666666666,サンプル不足,0.06530945798698344
v7,volatility_20d,20日変動率,低いほど望ましい年率換算変動率,False,業種,その他金融業,1d,1営業日,3,13,13,0.00466317869257155,0.01387908727358278,0.6153846153846154,サンプル不足,0.06530945798698344
v7,volatility_20d,20日変動率,低いほど望ましい年率換算変動率,False,業種,その他金融業,1d,1営業日,4,4,4,-0.0013484042348026748,0.0027309307389992155,0.75,サンプル不足,0.06530945798698344
v7,volatility_20d,20日変動率,低いほど望ましい年率換算変動率,False,業種,その他金融業,1d,1営業日,5,14,14,-0.0038912971343492858,-0.0020620748299319813,0.2857142857142857,サンプル不足,0.06530945798698344
v7,volatility_20d,20日変動率,低いほど望ましい年率換算変動率,False,業種,その他金融業,3d,3営業日,1,3,3,-0.11595881054364814,-0.0116550116550117,0.3333333333333333,サンプル不足,0.10709552315957721
v7,volatility_20d,20日変動率,低いほど望ましい年率換算変動率,False,業種,その他金融業,3d,3営業日,2,3,3,0.02559635331726155,0.01754385964912286,1.0,サンプル不足,0.10709552315957721
v7,volatility_20d,20日変動率,低いほど望ましい年率換算変動率,False,業種,その他金融業,3d,3営業日,3,13,13,0.0011195442345464358,0.0015624999999999112,0.5384615384615384,サンプル不足,0.10709552315957721
v7,volatility_20d,20日変動率,低いほど望ましい年率換算変動率,False,業種,その他金融業,3d,3営業日,4,4,3,0.0022424987583068434,-0.011932078935291468,0.3333333333333333,サンプル不足,0.10709552315957721
v7,volatility_20d,20日変動率,低いほど望ましい年率換算変動率,False,業種,その他金融業,3d,3営業日,5,14,13,-0.00886328738407093,-0.002097168822090212,0.3076923076923077,サンプル不足,0.10709552315957721
v7,volatility_20d,20日変動率,低いほど望ましい年率換算変動率,False,業種,その他金融業,5d,5営業日,1,3,3,-0.11625979315510003,0.008158508158508,0.6666666666666666,サンプル不足,0.10725561086473043
v7,volatility_20d,20日変動率,低いほど望ましい年率換算変動率,False,業種,その他金融業,5d,5営業日,2,3,3,0.04697690854896271,0.04824561403508776,1.0,サンプル不足,0.10725561086473043
v7,volatility_20d,20日変動率,低いほど望ましい年率換算変動率,False,業種,その他金融業,5d,5営業日,3,13,12,0.0009298527452631378,-0.0038027386208311365,0.4166666666666667,サンプル不足,0.10725561086473043
v7,volatility_20d,20日変動率,低いほど望ましい年率換算変動率,False,業種,その他金融業,5d,5営業日,4,4,2,-0.00849922621451743,-0.00849922621451743,0.0,サンプル不足,0.10725561086473043
v7,volatility_20d,20日変動率,低いほど望ましい年率換算変動率,False,業種,その他金融業,5d,5営業日,5,14,13,-0.009004182290369606,-0.017990495587236977,0.38461538461538464,サンプル不足,0.10725561086473043
v7,volatility_20d,20日変動率,低いほど望ましい年率換算変動率,False,業種,ガラス・土石製品,10d,10営業日,1,5,5,-0.1905925266828356,-0.1304347826086956,0.0,サンプル不足,0.1830018281925161
v7,volatility_20d,20日変動率,低いほど望ましい年率換算変動率,False,業種,ガラス・土石製品,10d,10営業日,2,2,1,-0.0726072607260726,-0.0726072607260726,0.0,サンプル不足,0.1830018281925161
v7,volatility_20d,20日変動率,低いほど望ましい年率換算変動率,False,業種,ガラス・土石製品,10d,10営業日,3,8,6,-0.09555824906545286,-0.0939635225262012,0.16666666666666666,サンプル不足,0.1830018281925161
v7,volatility_20d,20日変動率,低いほど望ましい年率換算変動率,False,業種,ガラス・土石製品,10d,10営業日,4,5,4,-0.04281902292212452,-0.0228510266491918,0.5,サンプル不足,0.1830018281925161
v7,volatility_20d,20日変動率,低いほど望ましい年率換算変動率,False,業種,ガラス・土石製品,10d,10営業日,5,3,3,-0.0075906984903195,0.0251623376623375,0.6666666666666666,サンプル不足,0.1830018281925161
v7,volatility_20d,20日変動率,低いほど望ましい年率換算変動率,False,業種,ガラス・土石製品,1d,1営業日,1,5,5,-0.09163983792400862,-0.1141304347826086,0.0,サンプル不足,0.0823648443898008
v7,volatility_20d,20日変動率,低いほど望ましい年率換算変動率,False,業種,ガラス・土石製品,1d,1営業日,2,2,2,-0.06115962375747595,-0.06115962375747595,0.0,サンプル不足,0.0823648443898008
v7,volatility_20d,20日変動率,低いほど望ましい年率換算変動率,False,業種,ガラス・土石製品,1d,1営業日,3,8,8,0.0017935712776576823,-0.003571940039885646,0.5,サンプル不足,0.0823648443898008
v7,volatility_20d,20日変動率,低いほど望ましい年率換算変動率,False,業種,ガラス・土石製品,1d,1営業日,4,5,5,-0.006446866926880489,0.0,0.4,サンプル不足,0.0823648443898008
v7,volatility_20d,20日変動率,低いほど望ましい年率換算変動率,False,業種,ガラス・土石製品,1d,1営業日,5,3,3,-0.009274993534207833,-0.0243506493506493,0.3333333333333333,サンプル不足,0.0823648443898008
v7,volatility_20d,20日変動率,低いほど望ましい年率換算変動率,False,業種,ガラス・土石製品,3d,3営業日,1,5,5,-0.1458970831843157,-0.1299435028248587,0.0,サンプル不足,0.14220693891677644
v7,volatility_20d,20日変動率,低いほど望ましい年率換算変動率,False,業種,ガラス・土石製品,3d,3営業日,2,2,2,-0.12065315662969417,-0.12065315662969417,0.0,サンプル不足,0.14220693891677644
v7,volatility_20d,20日変動率,低いほど望ましい年率換算変動率,False,業種,ガラス・土石製品,3d,3営業日,3,8,6,-0.02356834555520503,-0.0347556825915339,0.3333333333333333,サンプル不足,0.14220693891677644
v7,volatility_20d,20日変動率,低いほど望ましい年率換算変動率,False,業種,ガラス・土石製品,3d,3営業日,4,5,5,-0.019783669301493483,-0.0207951070336391,0.2,サンプル不足,0.14220693891677644
v7,volatility_20d,20日変動率,低いほど望ましい年率換算変動率,False,業種,ガラス・土石製品,3d,3営業日,5,3,3,-0.0036901442675392657,-0.0249520153550864,0.3333333333333333,サンプル不足,0.14220693891677644
v7,volatility_20d,20日変動率,低いほど望ましい年率換算変動率,False,業種,ガラス・土石製品,5d,5営業日,1,5,5,-0.12042233144715837,-0.125,0.2,サンプル不足,0.11627264131961407
v7,volatility_20d,20日変動率,低いほど望ましい年率換算変動率,False,業種,ガラス・土石製品,5d,5営業日,2,2,1,-0.1419141914191419,-0.1419141914191419,0.0,サンプル不足,0.11627264131961407
v7,volatility_20d,20日変動率,低いほど望ましい年率換算変動率,False,業種,ガラス・土石製品,5d,5営業日,3,8,6,-0.040099207725242204,-0.024118687899823008,0.5,サンプル不足,0.11627264131961407
v7,volatility_20d,20日変動率,低いほど望ましい年率換算変動率,False,業種,ガラス・土石製品,5d,5営業日,4,5,5,-0.046867180806738094,-0.02583586626139822,0.0,サンプル不足,0.11627264131961407
v7,volatility_20d,20日変動率,低いほど望ましい年率換算変動率,False,業種,ガラス・土石製品,5d,5営業日,5,3,3,-0.004149690127544299,-0.0056818181818182,0.3333333333333333,サンプル不足,0.11627264131961407
v7,volatility_20d,20日変動率,低いほど望ましい年率換算変動率,False,業種,ゴム製品,10d,10営業日,1,1,1,-0.1267029972752044,-0.1267029972752044,0.0,サンプル不足,0.19354012024358172
v7,volatility_20d,20日変動率,低いほど望ましい年率換算変動率,False,業種,ゴム製品,10d,10営業日,2,3,2,-0.09774719861649565,-0.09774719861649565,0.0,サンプル不足,0.19354012024358172
v7,volatility_20d,20日変動率,低いほど望ましい年率換算変動率,False,業種,ゴム製品,10d,10営業日,3,2,1,-0.1353092783505154,-0.1353092783505154,0.0,サンプル不足,0.19354012024358172
v7,volatility_20d,20日変動率,低いほど望ましい年率換算変動率,False,業種,ゴム製品,10d,10営業日,4,9,2,0.10804451494555552,0.10804451494555552,1.0,サンプル不足,0.19354012024358172
v7,volatility_20d,20日変動率,低いほど望ましい年率換算変動率,False,業種,ゴム製品,10d,10営業日,5,20,15,0.06683712296837732,0.049611155805846074,1.0,サンプル不足,0.19354012024358172
v7,volatility_20d,20日変動率,低いほど望ましい年率換算変動率,False,業種,ゴム製品,1d,1営業日,1,1,1,0.0177111716621254,0.0177111716621254,1.0,サンプル不足,-0.004643736582877551
v7,volatility_20d,20日変動率,低いほど望ましい年率換算変動率,False,業種,ゴム製品,1d,1営業日,2,3,3,-0.04054256152499145,-0.01596892533448424,0.0,サンプル不足,-0.004643736582877551
v7,volatility_20d,20日変動率,低いほど望ましい年率換算変動率,False,業種,ゴム製品,1d,1営業日,3,2,2,-0.01720937160026932,-0.01720937160026932,0.0,サンプル不足,-0.004643736582877551
v7,volatility_20d,20日変動率,低いほど望ましい年率換算変動率,False,業種,ゴム製品,1d,1営業日,4,9,8,0.0023313513104225234,-0.00556499450142614,0.25,サンプル不足,-0.004643736582877551
v7,volatility_20d,20日変動率,低いほど望ましい年率換算変動率,False,業種,ゴム製品,1d,1営業日,5,20,19,0.01306743507924785,0.007067137809187329,0.7368421052631579,サンプル不足,-0.004643736582877551
v7,volatility_20d,20日変動率,低いほど望ましい年率換算変動率,False,業種,ゴム製品,3d,3営業日,1,1,1,-0.0326975476839237,-0.0326975476839237,0.0,サンプル不足,0.059299128263786124
v7,volatility_20d,20日変動率,低いほど望ましい年率換算変動率,False,業種,ゴム製品,3d,3営業日,2,3,3,-0.03757475471877144,-0.05740181268882172,0.3333333333333333,サンプル不足,0.059299128263786124
v7,volatility_20d,20日変動率,低いほど望ましい年率換算変動率,False,業種,ゴム製品,3d,3営業日,3,2,1,0.0257731958762885,0.0257731958762885,1.0,サンプル不足,0.059299128263786124
v7,volatility_20d,20日変動率,低いほど望ましい年率換算変動率,False,業種,ゴム製品,3d,3営業日,4,9,6,-0.0047831254394187055,0.003906338097597717,0.5,サンプル不足,0.059299128263786124
v7,volatility_20d,20日変動率,低いほど望ましい年率換算変動率,False,業種,ゴム製品,3d,3営業日,5,20,17,0.026601580579862425,0.02248423361667129,0.7647058823529411,サンプル不足,0.059299128263786124
v7,volatility_20d,20日変動率,低いほど望ましい年率換算変動率,False,業種,ゴム製品,5d,5営業日,1,1,1,-0.1444141689373297,-0.1444141689373297,0.0,サンプル不足,0.17907580387345426
v7,volatility_20d,20日変動率,低いほど望ましい年率換算変動率,False,業種,ゴム製品,5d,5営業日,2,3,3,0.018692779344632933,0.010574018126888296,0.6666666666666666,サンプル不足,0.17907580387345426
v7,volatility_20d,20日変動率,低いほど望ましい年率換算変動率,False,業種,ゴム製品,5d,5営業日,3,2,1,-0.0927835051546391,-0.0927835051546391,0.0,サンプル不足,0.17907580387345426
v7,volatility_20d,20日変動率,低いほど望ましい年率換算変動率,False,業種,ゴム製品,5d,5営業日,4,9,6,0.03454604192306595,0.048125217997907144,0.6666666666666666,サンプル不足,0.17907580387345426
v7,volatility_20d,20日変動率,低いほど望ましい年率換算変動率,False,業種,ゴム製品,5d,5営業日,5,20,16,0.034661634936124563,0.029842393335717254,0.9375,サンプル不足,0.17907580387345426
v7,volatility_20d,20日変動率,低いほど望ましい年率換算変動率,False,業種,サービス業,10d,10営業日,1,55,47,-0.049496020352875585,-0.040650406504065,0.2978723404255319,評価可能,0.06998111539975788
v7,volatility_20d,20日変動率,低いほど望ましい年率換算変動率,False,業種,サービス業,10d,10営業日,2,56,32,0.005280772856235601,0.01112300532170005,0.59375,評価可能,0.06998111539975788
v7,volatility_20d,20日変動率,低いほど望ましい年率換算変動率,False,業種,サービス業,10d,10営業日,3,76,56,0.009079528930329692,0.007853826543651188,0.5535714285714286,評価可能,0.06998111539975788
v7,volatility_20d,20日変動率,低いほど望ましい年率換算変動率,False,業種,サービス業,10d,10営業日,4,83,66,0.034148340654757116,0.03280244615125638,0.7272727272727273,評価可能,0.06998111539975788
v7,volatility_20d,20日変動率,低いほど望ましい年率換算変動率,False,業種,サービス業,10d,10営業日,5,77,54,0.020485095046882295,0.02262800417972832,0.6851851851851852,評価可能,0.06998111539975788
v7,volatility_20d,20日変動率,低いほど望ましい年率換算変動率,False,業種,サービス業,1d,1営業日,1,55,53,0.010644127168067348,-0.0018181818181818299,0.4716981132075472,評価可能,-0.01651341465246434
v7,volatility_20d,20日変動率,低いほど望ましい年率換算変動率,False,業種,サービス業,1d,1営業日,2,56,54,0.010918428854193828,0.01091172101024318,0.6481481481481481,評価可能,-0.01651341465246434
v7,volatility_20d,20日変動率,低いほど望ましい年率換算変動率,False,業種,サービス業,1d,1営業日,3,76,72,-0.00122560256321242,-0.005221369590753422,0.4305555555555556,評価可能,-0.01651341465246434
v7,volatility_20d,20日変動率,低いほど望ましい年率換算変動率,False,業種,サービス業,1d,1営業日,4,83,81,0.007259527700564989,0.004133807133727352,0.5802469135802469,評価可能,-0.01651341465246434
v7,volatility_20d,20日変動率,低いほど望ましい年率換算変動率,False,業種,サービス業,1d,1営業日,5,77,76,-0.005869287484396992,-0.0001152604887044717,0.42105263157894735,評価可能,-0.01651341465246434
v7,volatility_20d,20日変動率,低いほど望ましい年率換算変動率,False,業種,サービス業,3d,3営業日,1,55,52,0.012198808912551132,-0.004460629460629423,0.46153846153846156,評価可能,-0.012005331759724161
v7,volatility_20d,20日変動率,低いほど望ましい年率換算変動率,False,業種,サービス業,3d,3営業日,2,56,49,0.0001405573872554579,0.0,0.4897959183673469,評価可能,-0.012005331759724161
v7,volatility_20d,20日変動率,低いほど望ましい年率換算変動率,False,業種,サービス業,3d,3営業日,3,76,70,-0.005224716392029453,-0.00447154471544714,0.42857142857142855,評価可能,-0.012005331759724161
v7,volatility_20d,20日変動率,低いほど望ましい年率換算変動率,False,業種,サービス業,3d,3営業日,4,83,76,0.009247091451128548,0.0042242318169878335,0.5526315789473685,評価可能,-0.012005331759724161
v7,volatility_20d,20日変動率,低いほど望ましい年率換算変動率,False,業種,サービス業,3d,3営業日,5,77,72,0.00019347715282697113,0.0014019058846644894,0.5555555555555556,評価可能,-0.012005331759724161
v7,volatility_20d,20日変動率,低いほど望ましい年率換算変動率,False,業種,サービス業,5d,5営業日,1,55,52,-0.008668744476497207,-0.029814129668780803,0.36538461538461536,評価可能,0.00677756142877182
v7,volatility_20d,20日変動率,低いほど望ましい年率換算変動率,False,業種,サービス業,5d,5営業日,2,56,47,-0.010624605645343014,-0.012682926829268304,0.40425531914893614,評価可能,0.00677756142877182
v7,volatility_20d,20日変動率,低いほど望ましい年率換算変動率,False,業種,サービス業,5d,5営業日,3,76,66,-0.0019875324729965874,-0.004903695928132057,0.45454545454545453,評価可能,0.00677756142877182
v7,volatility_20d,20日変動率,低いほど望ましい年率換算変動率,False,業種,サービス業,5d,5営業日,4,83,74,0.01499685133756951,0.012542081568837515,0.6216216216216216,評価可能,0.00677756142877182
v7,volatility_20d,20日変動率,低いほど望ましい年率換算変動率,False,業種,サービス業,5d,5営業日,5,77,67,-0.0018911830477253877,0.0014245014245013454,0.5522388059701493,評価可能,0.00677756142877182
v7,volatility_20d,20日変動率,低いほど望ましい年率換算変動率,False,業種,パルプ・紙,10d,10営業日,1,2,2,-0.17380465727425354,-0.17380465727425354,0.0,サンプル不足,0.17296095654760257
v7,volatility_20d,20日変動率,低いほど望ましい年率換算変動率,False,業種,パルプ・紙,10d,10営業日,2,2,2,-0.16105192857221057,-0.16105192857221057,0.0,サンプル不足,0.17296095654760257
v7,volatility_20d,20日変動率,低いほど望ましい年率換算変動率,False,業種,パルプ・紙,10d,10営業日,3,2,0,,,,サンプル不足,0.17296095654760257
v7,volatility_20d,20日変動率,低いほど望ましい年率換算変動率,False,業種,パルプ・紙,10d,10営業日,4,2,1,-0.14150943396226412,-0.14150943396226412,0.0,サンプル不足,0.17296095654760257
v7,volatility_20d,20日変動率,低いほど望ましい年率換算変動率,False,業種,パルプ・紙,10d,10営業日,5,9,5,-0.000843700726650963,0.005292194571255848,0.6,サンプル不足,0.17296095654760257
v7,volatility_20d,20日変動率,低いほど望ましい年率換算変動率,False,業種,パルプ・紙,1d,1営業日,1,2,2,-0.038520147456018596,-0.038520147456018596,0.5,サンプル不足,0.030595578637125524
v7,volatility_20d,20日変動率,低いほど望ましい年率換算変動率,False,業種,パルプ・紙,1d,1営業日,2,2,2,-0.03422216626339815,-0.03422216626339815,0.0,サンプル不足,0.030595578637125524
v7,volatility_20d,20日変動率,低いほど望ましい年率換算変動率,False,業種,パルプ・紙,1d,1営業日,3,2,2,-0.037819923767474506,-0.037819923767474506,0.0,サンプル不足,0.030595578637125524
v7,volatility_20d,20日変動率,低いほど望ましい年率換算変動率,False,業種,パルプ・紙,1d,1営業日,4,2,2,-0.03135587278028712,-0.03135587278028712,0.0,サンプル不足,0.030595578637125524
v7,volatility_20d,20日変動率,低いほど望ましい年率換算変動率,False,業種,パルプ・紙,1d,1営業日,5,9,9,-0.007924568818893073,-0.004222312288683305,0.3333333333333333,サンプル不足,0.030595578637125524
v7,volatility_20d,20日変動率,低いほど望ましい年率換算変動率,False,業種,パルプ・紙,3d,3営業日,1,2,2,-0.1308955033214103,-0.1308955033214103,0.0,サンプル不足,0.1355113148393513
v7,volatility_20d,20日変動率,低いほど望ましい年率換算変動率,False,業種,パルプ・紙,3d,3営業日,2,2,2,-0.07244404161042545,-0.07244404161042545,0.0,サンプル不足,0.1355113148393513
v7,volatility_20d,20日変動率,低いほど望ましい年率換算変動率,False,業種,パルプ・紙,3d,3営業日,3,2,2,-0.04729461533024126,-0.04729461533024126,0.0,サンプル不足,0.1355113148393513
v7,volatility_20d,20日変動率,低いほど望ましい年率換算変動率,False,業種,パルプ・紙,3d,3営業日,4,2,2,-0.03292342781903779,-0.03292342781903779,0.0,サンプル不足,0.1355113148393513
v7,volatility_20d,20日変動率,低いほど望ましい年率換算変動率,False,業種,パルプ・紙,3d,3営業日,5,9,8,0.004615811517940999,0.011967137688706275,0.625,サンプル不足,0.1355113148393513
v7,volatility_20d,20日変動率,低いほど望ましい年率換算変動率,False,業種,パルプ・紙,5d,5営業日,1,2,2,-0.12297521716913641,-0.12297521716913641,0.0,サンプル不足,0.13705417873413
v7,volatility_20d,20日変動率,低いほど望ましい年率換算変動率,False,業種,パルプ・紙,5d,5営業日,2,2,2,-0.10443389394690619,-0.10443389394690619,0.0,サンプル不足,0.13705417873413
v7,volatility_20d,20日変動率,低いほど望ましい年率換算変動率,False,業種,パルプ・紙,5d,5営業日,3,2,1,0.0017889087656528524,0.0017889087656528524,1.0,サンプル不足,0.13705417873413
v7,volatility_20d,20日変動率,低いほど望ましい年率換算変動率,False,業種,パルプ・紙,5d,5営業日,4,2,1,-0.09056603773584904,-0.09056603773584904,0.0,サンプル不足,0.13705417873413
v7,volatility_20d,20日変動率,低いほど望ましい年率換算変動率,False,業種,パルプ・紙,5d,5営業日,5,9,7,0.014078961564993608,0.027036354889514946,0.7142857142857143,サンプル不足,0.13705417873413
v7,volatility_20d,20日変動率,低いほど望ましい年率換算変動率,False,業種,不動産業,10d,10営業日,1,14,5,-0.11208618536272233,-0.09090909090909094,0.0,サンプル不足,0.08722114194870807
v7,volatility_20d,20日変動率,低いほど望ましい年率換算変動率,False,業種,不動産業,10d,10営業日,2,15,11,-0.0363169519297177,-0.05607476635514019,0.45454545454545453,サンプル不足,0.08722114194870807
v7,volatility_20d,20日変動率,低いほど望ましい年率換算変動率,False,業種,不動産業,10d,10営業日,3,10,7,0.07341835740070297,0.10507246376811596,0.8571428571428571,サンプル不足,0.08722114194870807
v7,volatility_20d,20日変動率,低いほど望ましい年率換算変動率,False,業種,不動産業,10d,10営業日,4,4,3,0.008392916100671657,-0.002790178571428603,0.3333333333333333,サンプル不足,0.08722114194870807
v7,volatility_20d,20日変動率,低いほど望ましい年率換算変動率,False,業種,不動産業,10d,10営業日,5,12,9,-0.02486504341401426,-0.0170575692963752,0.2222222222222222,サンプル不足,0.08722114194870807
v7,volatility_20d,20日変動率,低いほど望ましい年率換算変動率,False,業種,不動産業,1d,1営業日,1,14,13,-0.005532045491801103,0.0,0.38461538461538464,サンプル不足,-0.007671581106222996
v7,volatility_20d,20日変動率,低いほど望ましい年率換算変動率,False,業種,不動産業,1d,1営業日,2,15,15,-0.022513600526453927,-0.02608695652173909,0.13333333333333333,サンプル不足,-0.007671581106222996
v7,volatility_20d,20日変動率,低いほど望ましい年率換算変動率,False,業種,不動産業,1d,1営業日,3,10,10,0.015682420132511542,0.02143294549908148,0.7,サンプル不足,-0.007671581106222996
v7,volatility_20d,20日変動率,低いほど望ましい年率換算変動率,False,業種,不動産業,1d,1営業日,4,4,4,-0.014761869325000086,-0.017291595792857314,0.25,サンプル不足,-0.007671581106222996
v7,volatility_20d,20日変動率,低いほど望ましい年率換算変動率,False,業種,不動産業,1d,1営業日,5,12,11,-0.013203626598024099,-0.0093209054593874,0.18181818181818182,サンプル不足,-0.007671581106222996
v7,volatility_20d,20日変動率,低いほど望ましい年率換算変動率,False,業種,不動産業,3d,3営業日,1,14,13,-0.040172168790418857,-0.0007479431563200967,0.23076923076923078,サンプル不足,0.02938275846730882
v7,volatility_20d,20日変動率,低いほど望ましい年率換算変動率,False,業種,不動産業,3d,3営業日,2,15,14,-0.03460521202719214,-0.03680589087397386,0.2857142857142857,サンプル不足,0.02938275846730882
v7,volatility_20d,20日変動率,低いほど望ましい年率換算変動率,False,業種,不動産業,3d,3営業日,3,10,10,0.010150697830218536,-0.002680965147453085,0.4,サンプル不足,0.02938275846730882
v7,volatility_20d,20日変動率,低いほど望ましい年率換算変動率,False,業種,不動産業,3d,3営業日,4,4,4,-0.024613584354645703,-0.013348196598369848,0.25,サンプル不足,0.02938275846730882
v7,volatility_20d,20日変動率,低いほど望ましい年率換算変動率,False,業種,不動産業,3d,3営業日,5,12,11,-0.010789410323110036,-0.0142857142857142,0.18181818181818182,サンプル不足,0.02938275846730882
v7,volatility_20d,20日変動率,低いほど望ましい年率換算変動率,False,業種,不動産業,5d,5営業日,1,14,11,-0.041501216109530906,-0.01382488479262678,0.0,サンプル不足,0.01820662634695556
v7,volatility_20d,20日変動率,低いほど望ましい年率換算変動率,False,業種,不動産業,5d,5営業日,2,15,11,-0.012345373451932352,-0.01869158878504673,0.36363636363636365,サンプル不足,0.01820662634695556
v7,volatility_20d,20日変動率,低いほど望ましい年率換算変動率,False,業種,不動産業,5d,5営業日,3,10,8,0.036320618913007384,0.023815907059874908,0.875,サンプル不足,0.01820662634695556
v7,volatility_20d,20日変動率,低いほど望ましい年率換算変動率,False,業種,不動産業,5d,5営業日,4,4,4,-0.028198812807273467,-0.007734233501245151,0.25,サンプル不足,0.01820662634695556
v7,volatility_20d,20日変動率,低いほど望ましい年率換算変動率,False,業種,不動産業,5d,5営業日,5,12,11,-0.023294589762575344,-0.023454157782516,0.2727272727272727,サンプル不足,0.01820662634695556
v7,volatility_20d,20日変動率,低いほど望ましい年率換算変動率,False,業種,保険業,10d,10営業日,2,2,2,0.009486079504320621,0.009486079504320621,0.5,サンプル不足,0.006326903593638054
v7,volatility_20d,20日変動率,低いほど望ましい年率換算変動率,False,業種,保険業,10d,10営業日,3,20,15,0.0164457796262277,0.008697944122298296,0.6,サンプル不足,0.006326903593638054
v7,volatility_20d,20日変動率,低いほど望ましい年率換算変動率,False,業種,保険業,10d,10営業日,4,32,20,0.017226383770474685,0.008164485109651287,0.75,サンプル不足,0.006326903593638054
v7,volatility_20d,20日変動率,低いほど望ましい年率換算変動率,False,業種,保険業,10d,10営業日,5,36,30,0.015812983097958675,0.017948524280116396,0.6666666666666666,評価可能,0.006326903593638054
v7,volatility_20d,20日変動率,低いほど望ましい年率換算変動率,False,業種,保険業,1d,1営業日,2,2,2,0.02230439515446525,0.02230439515446525,0.5,サンプル不足,-0.02646004968903949
v7,volatility_20d,20日変動率,低いほど望ましい年率換算変動率,False,業種,保険業,1d,1営業日,3,20,20,0.005235122404534531,0.009527387966693057,0.65,サンプル不足,-0.02646004968903949
v7,volatility_20d,20日変動率,低いほど望ましい年率換算変動率,False,業種,保険業,1d,1営業日,4,32,32,-0.0011971291933312624,-0.001722856309848364,0.5,評価可能,-0.02646004968903949
v7,volatility_20d,20日変動率,低いほど望ましい年率換算変動率,False,業種,保険業,1d,1営業日,5,36,36,-0.0041556545345742425,-0.0007671502109294348,0.5,評価可能,-0.02646004968903949
v7,volatility_20d,20日変動率,低いほど望ましい年率換算変動率,False,業種,保険業,3d,3営業日,2,2,2,0.04576235411965235,0.04576235411965235,1.0,サンプル不足,-0.05336377745521823
v7,volatility_20d,20日変動率,低いほど望ましい年率換算変動率,False,業種,保険業,3d,3営業日,3,20,20,0.0034977697354818147,-0.00021319751556375666,0.5,サンプル不足,-0.05336377745521823
v7,volatility_20d,20日変動率,低いほど望ましい年率換算変動率,False,業種,保険業,3d,3営業日,4,32,31,0.0035553704705495923,0.004649890590809669,0.5483870967741935,評価可能,-0.05336377745521823
v7,volatility_20d,20日変動率,低いほど望ましい年率換算変動率,False,業種,保険業,3d,3営業日,5,36,35,-0.007601423335565882,0.0007997867235403078,0.5142857142857142,評価可能,-0.05336377745521823
v7,volatility_20d,20日変動率,低いほど望ましい年率換算変動率,False,業種,保険業,5d,5営業日,2,2,2,0.07410582301848723,0.07410582301848723,1.0,サンプル不足,-0.08167252485478374
v7,volatility_20d,20日変動率,低いほど望ましい年率換算変動率,False,業種,保険業,5d,5営業日,3,20,20,0.005252373826854307,0.014954713183495505,0.6,サンプル不足,-0.08167252485478374
v7,volatility_20d,20日変動率,低いほど望ましい年率換算変動率,False,業種,保険業,5d,5営業日,4,32,31,0.003802934764872998,0.0018672199170124415,0.5161290322580645,評価可能,-0.08167252485478374
v7,volatility_20d,20日変動率,低いほど望ましい年率換算変動率,False,業種,保険業,5d,5営業日,5,36,32,-0.00756670183629652,-0.011711060182707234,0.40625,評価可能,-0.08167252485478374
v7,volatility_20d,20日変動率,低いほど望ましい年率換算変動率,False,業種,倉庫・運輸関連業,10d,10営業日,1,2,1,-0.0215686274509804,-0.0215686274509804,0.0,サンプル不足,0.07036789663568135
v7,volatility_20d,20日変動率,低いほど望ましい年率換算変動率,False,業種,倉庫・運輸関連業,10d,10営業日,2,3,3,-0.09652418308172932,-0.12593632958801493,0.0,サンプル不足,0.07036789663568135
v7,volatility_20d,20日変動率,低いほど望ましい年率換算変動率,False,業種,倉庫・運輸関連業,10d,10営業日,3,2,2,0.0018947284170349713,0.0018947284170349713,0.5,サンプル不足,0.07036789663568135
v7,volatility_20d,20日変動率,低いほど望ましい年率換算変動率,False,業種,倉庫・運輸関連業,10d,10営業日,4,4,4,0.08229266002173688,0.08504567809973973,0.75,サンプル不足,0.07036789663568135
v7,volatility_20d,20日変動率,低いほど望ましい年率換算変動率,False,業種,倉庫・運輸関連業,10d,10営業日,5,8,6,0.04879926918470095,0.0035258352464079268,0.5,サンプル不足,0.07036789663568135
v7,volatility_20d,20日変動率,低いほど望ましい年率換算変動率,False,業種,倉庫・運輸関連業,1d,1営業日,1,2,2,0.009238521836506197,0.009238521836506197,0.5,サンプル不足,-0.015235848617809595
v7,volatility_20d,20日変動率,低いほど望ましい年率換算変動率,False,業種,倉庫・運輸関連業,1d,1営業日,2,3,3,-0.04260433321032784,-0.0019569471624266,0.3333333333333333,サンプル不足,-0.015235848617809595
v7,volatility_20d,20日変動率,低いほど望ましい年率換算変動率,False,業種,倉庫・運輸関連業,1d,1営業日,3,2,2,0.0037274918011593675,0.0037274918011593675,0.5,サンプル不足,-0.015235848617809595
v7,volatility_20d,20日変動率,低いほど望ましい年率換算変動率,False,業種,倉庫・運輸関連業,1d,1営業日,4,4,4,-0.009138402449081512,-0.00743570347957645,0.5,サンプル不足,-0.015235848617809595
v7,volatility_20d,20日変動率,低いほど望ましい年率換算変動率,False,業種,倉庫・運輸関連業,1d,1営業日,5,8,8,-0.005997326781303397,-0.009134266041039396,0.125,サンプル不足,-0.015235848617809595
v7,volatility_20d,20日変動率,低いほど望ましい年率換算変動率,False,業種,倉庫・運輸関連業,3d,3営業日,1,2,2,0.01385284236875037,0.01385284236875037,0.5,サンプル不足,-0.01746877373253746
v7,volatility_20d,20日変動率,低いほど望ましい年率換算変動率,False,業種,倉庫・運輸関連業,3d,3営業日,2,3,3,-0.043116933590487065,-0.0039138943248532,0.3333333333333333,サンプル不足,-0.01746877373253746
v7,volatility_20d,20日変動率,低いほど望ましい年率換算変動率,False,業種,倉庫・運輸関連業,3d,3営業日,3,2,2,-0.0015601910072139788,-0.0015601910072139788,0.5,サンプル不足,-0.01746877373253746
v7,volatility_20d,20日変動率,低いほど望ましい年率換算変動率,False,業種,倉庫・運輸関連業,3d,3営業日,4,4,4,0.02048283022974756,0.021810981578713196,0.5,サンプル不足,-0.01746877373253746
v7,volatility_20d,20日変動率,低いほど望ましい年率換算変動率,False,業種,倉庫・運輸関連業,3d,3営業日,5,8,6,-0.0036159313637870935,-0.0065339141257000355,0.3333333333333333,サンプル不足,-0.01746877373253746
v7,volatility_20d,20日変動率,低いほど望ましい年率換算変動率,False,業種,倉庫・運輸関連業,5d,5営業日,1,2,2,0.0019476099510353437,0.0019476099510353437,0.5,サンプル不足,-0.012998888691330578
v7,volatility_20d,20日変動率,低いほど望ましい年率換算変動率,False,業種,倉庫・運輸関連業,5d,5営業日,2,3,3,-0.04484596016899476,-0.0234833659491193,0.3333333333333333,サンプル不足,-0.012998888691330578
v7,volatility_20d,20日変動率,低いほど望ましい年率換算変動率,False,業種,倉庫・運輸関連業,5d,5営業日,3,2,2,0.02030876290684602,0.02030876290684602,1.0,サンプル不足,-0.012998888691330578
v7,volatility_20d,20日変動率,低いほど望ましい年率換算変動率,False,業種,倉庫・運輸関連業,5d,5営業日,4,4,4,0.03918571711277313,0.04220348878650104,0.75,サンプル不足,-0.012998888691330578
v7,volatility_20d,20日変動率,低いほど望ましい年率換算変動率,False,業種,倉庫・運輸関連業,5d,5営業日,5,8,6,-0.011051278740295234,-0.015287829629050231,0.16666666666666666,サンプル不足,-0.012998888691330578
v7,volatility_20d,20日変動率,低いほど望ましい年率換算変動率,False,業種,化学,10d,10営業日,1,49,33,-0.12514731949264254,-0.1388888888888888,0.15151515151515152,評価可能,0.12835108724766184
v7,volatility_20d,20日変動率,低いほど望ましい年率換算変動率,False,業種,化学,10d,10営業日,2,32,15,-0.09410736028054988,-0.11545585511422107,0.2,サンプル不足,0.12835108724766184
v7,volatility_20d,20日変動率,低いほど望ましい年率換算変動率,False,業種,化学,10d,10営業日,3,55,41,-0.044883807782299584,-0.029535864978902926,0.36585365853658536,評価可能,0.12835108724766184
v7,volatility_20d,20日変動率,低いほど望ましい年率換算変動率,False,業種,化学,10d,10営業日,4,72,51,-0.0036842355598108085,0.002808988764045006,0.5098039215686274,評価可能,0.12835108724766184
v7,volatility_20d,20日変動率,低いほど望ましい年率換算変動率,False,業種,化学,10d,10営業日,5,60,46,0.003203767755019285,0.0055091956373681805,0.5434782608695652,評価可能,0.12835108724766184
v7,volatility_20d,20日変動率,低いほど望ましい年率換算変動率,False,業種,化学,1d,1営業日,1,49,47,-0.006842392800315661,-0.0154639175257731,0.40425531914893614,評価可能,0.0013003500590800321
v7,volatility_20d,20日変動率,低いほど望ましい年率換算変動率,False,業種,化学,1d,1営業日,2,32,29,-0.005589731467299104,-0.0060240963855421326,0.41379310344827586,サンプル不足,0.0013003500590800321
v7,volatility_20d,20日変動率,低いほど望ましい年率換算変動率,False,業種,化学,1d,1営業日,3,55,53,-0.004164484528717846,-0.0013274336283185528,0.39622641509433965,評価可能,0.0013003500590800321
v7,volatility_20d,20日変動率,低いほど望ましい年率換算変動率,False,業種,化学,1d,1営業日,4,72,69,-0.0014375508232978788,-0.00488084984209014,0.42028985507246375,評価可能,0.0013003500590800321
v7,volatility_20d,20日変動率,低いほど望ましい年率換算変動率,False,業種,化学,1d,1営業日,5,60,55,-0.005542042741235629,-0.00557724484104849,0.4,評価可能,0.0013003500590800321
v7,volatility_20d,20日変動率,低いほど望ましい年率換算変動率,False,業種,化学,3d,3営業日,1,49,42,-0.027808252749556134,-0.036214940242746366,0.40476190476190477,評価可能,0.024472309672832735
v7,volatility_20d,20日変動率,低いほど望ましい年率換算変動率,False,業種,化学,3d,3営業日,2,32,23,-0.02724155811147221,-0.0235924932975871,0.391304347826087,サンプル不足,0.024472309672832735
v7,volatility_20d,20日変動率,低いほど望ましい年率換算変動率,False,業種,化学,3d,3営業日,3,55,50,-0.013039977871303583,-0.012637457895779636,0.34,評価可能,0.024472309672832735
v7,volatility_20d,20日変動率,低いほど望ましい年率換算変動率,False,業種,化学,3d,3営業日,4,72,64,-0.00488672051485802,-0.006205539131652449,0.40625,評価可能,0.024472309672832735
v7,volatility_20d,20日変動率,低いほど望ましい年率換算変動率,False,業種,化学,3d,3営業日,5,60,51,-0.003335943076723398,-0.008127878623679252,0.4117647058823529,評価可能,0.024472309672832735
v7,volatility_20d,20日変動率,低いほど望ましい年率換算変動率,False,業種,化学,5d,5営業日,1,49,39,-0.04572018068517906,-0.04528985507246375,0.358974358974359,評価可能,0.04248162829277945
v7,volatility_20d,20日変動率,低いほど望ましい年率換算変動率,False,業種,化学,5d,5営業日,2,32,19,-0.05185826433365583,-0.05913739439750998,0.15789473684210525,サンプル不足,0.04248162829277945
v7,volatility_20d,20日変動率,低いほど望ましい年率換算変動率,False,業種,化学,5d,5営業日,3,55,47,-0.014298836077045898,-0.0079268292682926,0.40425531914893614,評価可能,0.04248162829277945
v7,volatility_20d,20日変動率,低いほど望ましい年率換算変動率,False,業種,化学,5d,5営業日,4,72,61,-0.0028432237899240647,-0.0029294274300931678,0.47540983606557374,評価可能,0.04248162829277945
v7,volatility_20d,20日変動率,低いほど望ましい年率換算変動率,False,業種,化学,5d,5営業日,5,60,48,-0.003238552392399608,-0.004571008286880729,0.4583333333333333,評価可能,0.04248162829277945
v7,volatility_20d,20日変動率,低いほど望ましい年率換算変動率,False,業種,医薬品,10d,10営業日,1,6,5,-0.20253073693249823,-0.1923076923076923,0.0,サンプル不足,0.2065160007242614
v7,volatility_20d,20日変動率,低いほど望ましい年率換算変動率,False,業種,医薬品,10d,10営業日,2,2,2,-0.0616329522134271,-0.0616329522134271,0.5,サンプル不足,0.2065160007242614
v7,volatility_20d,20日変動率,低いほど望ましい年率換算変動率,False,業種,医薬品,10d,10営業日,3,3,2,0.005005477846569351,0.005005477846569351,0.5,サンプル不足,0.2065160007242614
v7,volatility_20d,20日変動率,低いほど望ましい年率換算変動率,False,業種,医薬品,10d,10営業日,4,8,6,-0.01096063239444254,-0.01505300086172845,0.3333333333333333,サンプル不足,0.2065160007242614
v7,volatility_20d,20日変動率,低いほど望ましい年率換算変動率,False,業種,医薬品,10d,10営業日,5,16,8,0.003985263791763158,-0.00611700584492636,0.5,サンプル不足,0.2065160007242614
v7,volatility_20d,20日変動率,低いほど望ましい年率換算変動率,False,業種,医薬品,1d,1営業日,1,6,6,-0.11475951670240736,-0.08645793067903615,0.16666666666666666,サンプル不足,0.10691952892976006
v7,volatility_20d,20日変動率,低いほど望ましい年率換算変動率,False,業種,医薬品,1d,1営業日,2,2,2,0.0048104548632253,0.0048104548632253,0.5,サンプル不足,0.10691952892976006
v7,volatility_20d,20日変動率,低いほど望ましい年率換算変動率,False,業種,医薬品,1d,1営業日,3,3,3,-0.001519714457114148,0.0,0.3333333333333333,サンプル不足,0.10691952892976006
v7,volatility_20d,20日変動率,低いほど望ましい年率換算変動率,False,業種,医薬品,1d,1営業日,4,8,8,-0.014430101979938756,-0.013436356088908974,0.25,サンプル不足,0.10691952892976006
v7,volatility_20d,20日変動率,低いほど望ましい年率換算変動率,False,業種,医薬品,1d,1営業日,5,16,16,-0.007839987772647307,-0.0057792023920058,0.3125,サンプル不足,0.10691952892976006
v7,volatility_20d,20日変動率,低いほど望ましい年率換算変動率,False,業種,医薬品,3d,3営業日,1,6,5,-0.15900975476524762,-0.0728643216080402,0.0,サンプル不足,0.13726244628574835
v7,volatility_20d,20日変動率,低いほど望ましい年率換算変動率,False,業種,医薬品,3d,3営業日,2,2,2,-0.0098058318111089,-0.0098058318111089,0.5,サンプル不足,0.13726244628574835
v7,volatility_20d,20日変動率,低いほど望ましい年率換算変動率,False,業種,医薬品,3d,3営業日,3,3,2,0.009265597965437466,0.009265597965437466,0.5,サンプル不足,0.13726244628574835
v7,volatility_20d,20日変動率,低いほど望ましい年率換算変動率,False,業種,医薬品,3d,3営業日,4,8,7,-0.02261114305555973,-0.006899525657611094,0.42857142857142855,サンプル不足,0.13726244628574835
v7,volatility_20d,20日変動率,低いほど望ましい年率換算変動率,False,業種,医薬品,3d,3営業日,5,16,16,-0.021747308479499267,-0.01736135665550037,0.375,サンプル不足,0.13726244628574835
v7,volatility_20d,20日変動率,低いほど望ましい年率換算変動率,False,業種,医薬品,5d,5営業日,1,6,5,-0.1881934856574647,-0.1153846153846154,0.0,サンプル不足,0.16775556818180754
v7,volatility_20d,20日変動率,低いほど望ましい年率換算変動率,False,業種,医薬品,5d,5営業日,2,2,2,-0.0595516767020725,-0.0595516767020725,0.0,サンプル不足,0.16775556818180754
v7,volatility_20d,20日変動率,低いほど望ましい年率換算変動率,False,業種,医薬品,5d,5営業日,3,3,2,0.03693094670622765,0.03693094670622765,1.0,サンプル不足,0.16775556818180754
v7,volatility_20d,20日変動率,低いほど望ましい年率換算変動率,False,業種,医薬品,5d,5営業日,4,8,7,-0.027091030944675926,-0.03349282296650713,0.2857142857142857,サンプル不足,0.16775556818180754
v7,volatility_20d,20日変動率,低いほど望ましい年率換算変動率,False,業種,医薬品,5d,5営業日,5,16,16,-0.02043791747565714,-0.016860358783601537,0.375,サンプル不足,0.16775556818180754
v7,volatility_20d,20日変動率,低いほど望ましい年率換算変動率,False,業種,卸売業,10d,10営業日,1,31,11,-0.06397575139980337,-0.0622317596566524,0.2727272727272727,サンプル不足,0.03771858673435502
v7,volatility_20d,20日変動率,低いほど望ましい年率換算変動率,False,業種,卸売業,10d,10営業日,2,45,22,0.016233989517091665,0.02813909921667168,0.6363636363636364,サンプル不足,0.03771858673435502
v7,volatility_20d,20日変動率,低いほど望ましい年率換算変動率,False,業種,卸売業,10d,10営業日,3,40,23,0.02533984361720613,0.02164502164502169,0.6086956521739131,サンプル不足,0.03771858673435502
v7,volatility_20d,20日変動率,低いほど望ましい年率換算変動率,False,業種,卸売業,10d,10営業日,4,41,27,0.002311547263251909,-0.0070011668611434,0.4074074074074074,サンプル不足,0.03771858673435502
v7,volatility_20d,20日変動率,低いほど望ましい年率換算変動率,False,業種,卸売業,10d,10営業日,5,39,26,-0.026257164665448345,-0.022505335704757656,0.3076923076923077,サンプル不足,0.03771858673435502
v7,volatility_20d,20日変動率,低いほど望ましい年率換算変動率,False,業種,卸売業,1d,1営業日,1,31,28,0.026892028592755877,0.01686626167403893,0.5357142857142857,サンプル不足,-0.025694927856208517
v7,volatility_20d,20日変動率,低いほど望ましい年率換算変動率,False,業種,卸売業,1d,1営業日,2,45,42,-0.0015405765266551393,0.0017790500963122957,0.5,評価可能,-0.025694927856208517
v7,volatility_20d,20日変動率,低いほど望ましい年率換算変動率,False,業種,卸売業,1d,1営業日,3,40,37,0.00545853167056419,0.0051546391752577,0.5945945945945946,評価可能,-0.025694927856208517
v7,volatility_20d,20日変動率,低いほど望ましい年率換算変動率,False,業種,卸売業,1d,1営業日,4,41,41,0.0049102488350161195,-0.0014144271570014,0.4634146341463415,評価可能,-0.025694927856208517
v7,volatility_20d,20日変動率,低いほど望ましい年率換算変動率,False,業種,卸売業,1d,1営業日,5,39,36,0.0011971007365473604,-0.00107997121623021,0.3888888888888889,評価可能,-0.025694927856208517
v7,volatility_20d,20日変動率,低いほど望ましい年率換算変動率,False,業種,卸売業,3d,3営業日,1,31,26,0.025803128679344735,-0.010934718100890195,0.38461538461538464,サンプル不足,-0.03161090057273734
v7,volatility_20d,20日変動率,低いほど望ましい年率換算変動率,False,業種,卸売業,3d,3営業日,2,45,39,-0.011682199568095393,0.0009157509157509125,0.5128205128205128,評価可能,-0.03161090057273734
v7,volatility_20d,20日変動率,低いほど望ましい年率換算変動率,False,業種,卸売業,3d,3営業日,3,40,32,0.004876498256030604,0.0026915921672405,0.53125,評価可能,-0.03161090057273734
v7,volatility_20d,20日変動率,低いほど望ましい年率換算変動率,False,業種,卸売業,3d,3営業日,4,41,37,0.00825600658976328,-0.007329842931937169,0.4864864864864865,評価可能,-0.03161090057273734
v7,volatility_20d,20日変動率,低いほど望ましい年率換算変動率,False,業種,卸売業,3d,3営業日,5,39,32,-0.005807771893392603,-0.0031560628628749844,0.375,評価可能,-0.03161090057273734
v7,volatility_20d,20日変動率,低いほど望ましい年率換算変動率,False,業種,卸売業,5d,5営業日,1,31,21,0.010786564196127954,-0.024409143742735395,0.38095238095238093,サンプル不足,-0.02371299198219732
v7,volatility_20d,20日変動率,低いほど望ましい年率換算変動率,False,業種,卸売業,5d,5営業日,2,45,33,-0.003894081586326782,0.0,0.48484848484848486,評価可能,-0.02371299198219732
v7,volatility_20d,20日変動率,低いほど望ましい年率換算変動率,False,業種,卸売業,5d,5営業日,3,40,27,0.00648601264277058,0.00496894409937898,0.5185185185185185,サンプル不足,-0.02371299198219732
v7,volatility_20d,20日変動率,低いほど望ましい年率換算変動率,False,業種,卸売業,5d,5営業日,4,41,34,0.01104283787414369,0.0033209723435580585,0.5294117647058824,評価可能,-0.02371299198219732
v7,volatility_20d,20日変動率,低いほど望ましい年率換算変動率,False,業種,卸売業,5d,5営業日,5,39,28,-0.012926427786069365,-0.009950010311937096,0.35714285714285715,サンプル不足,-0.02371299198219732
v7,volatility_20d,20日変動率,低いほど望ましい年率換算変動率,False,業種,小売業,10d,10営業日,1,22,14,0.008555735539283111,0.00850460666194186,0.5,サンプル不足,-0.01486282066585711
v7,volatility_20d,20日変動率,低いほど望ましい年率換算変動率,False,業種,小売業,10d,10営業日,2,43,34,0.009888900818846844,0.004516126003143384,0.5,評価可能,-0.01486282066585711
v7,volatility_20d,20日変動率,低いほど望ましい年率換算変動率,False,業種,小売業,10d,10営業日,3,59,39,0.01922724467286732,-0.0005265929436545,0.48717948717948717,評価可能,-0.01486282066585711
v7,volatility_20d,20日変動率,低いほど望ましい年率換算変動率,False,業種,小売業,10d,10営業日,4,56,44,0.027855589019730852,0.01925253081322439,0.6136363636363636,評価可能,-0.01486282066585711
v7,volatility_20d,20日変動率,低いほど望ましい年率換算変動率,False,業種,小売業,10d,10営業日,5,43,36,-0.006307085126573998,0.0104059091400864,0.5833333333333334,評価可能,-0.01486282066585711
v7,volatility_20d,20日変動率,低いほど望ましい年率換算変動率,False,業種,小売業,1d,1営業日,1,22,22,-0.005544814356958558,-0.003510451912559609,0.3181818181818182,サンプル不足,0.0062793232622795105
v7,volatility_20d,20日変動率,低いほど望ましい年率換算変動率,False,業種,小売業,1d,1営業日,2,43,42,0.001533411006758056,-0.006492969198773513,0.40476190476190477,評価可能,0.0062793232622795105
v7,volatility_20d,20日変動率,低いほど望ましい年率換算変動率,False,業種,小売業,1d,1営業日,3,59,57,0.0030676610701955843,-0.0026246719160104,0.42105263157894735,評価可能,0.0062793232622795105
v7,volatility_20d,20日変動率,低いほど望ましい年率換算変動率,False,業種,小売業,1d,1営業日,4,56,55,0.002029246433708282,0.0008777598632583317,0.5454545454545454,評価可能,0.0062793232622795105
v7,volatility_20d,20日変動率,低いほど望ましい年率換算変動率,False,業種,小売業,1d,1営業日,5,43,43,0.0007345089053209529,-0.0036964021685559345,0.4418604651162791,評価可能,0.0062793232622795105
v7,volatility_20d,20日変動率,低いほど望ましい年率換算変動率,False,業種,小売業,3d,3営業日,1,22,21,-0.0015234566048206034,-0.0057471264367816,0.47619047619047616,サンプル不足,0.001601652038493287
v7,volatility_20d,20日変動率,低いほど望ましい年率換算変動率,False,業種,小売業,3d,3営業日,2,43,40,0.0032871070828508985,-0.004200051505970914,0.475,評価可能,0.001601652038493287
v7,volatility_20d,20日変動率,低いほど望ましい年率換算変動率,False,業種,小売業,3d,3営業日,3,59,54,0.0028441172122225284,-0.00646879756468795,0.3888888888888889,評価可能,0.001601652038493287
v7,volatility_20d,20日変動率,低いほど望ましい年率換算変動率,False,業種,小売業,3d,3営業日,4,56,55,0.012905504703799392,0.009299922500645819,0.6,評価可能,0.001601652038493287
v7,volatility_20d,20日変動率,低いほど望ましい年率換算変動率,False,業種,小売業,3d,3営業日,5,43,42,7.819543367268356e-05,0.00218360071301235,0.5238095238095238,評価可能,0.001601652038493287
v7,volatility_20d,20日変動率,低いほど望ましい年率換算変動率,False,業種,小売業,5d,5営業日,1,22,21,0.0003689369276543174,0.004950495049504955,0.5714285714285714,サンプル不足,-0.005513037702401848
v7,volatility_20d,20日変動率,低いほど望ましい年率換算変動率,False,業種,小売業,5d,5営業日,2,43,40,0.00021113116225840445,-0.0042180021841262405,0.45,評価可能,-0.005513037702401848
v7,volatility_20d,20日変動率,低いほど望ましい年率換算変動率,False,業種,小売業,5d,5営業日,3,59,52,0.005434984916800801,-0.0033991473102589,0.4230769230769231,評価可能,-0.005513037702401848
v7,volatility_20d,20日変動率,低いほど望ましい年率換算変動率,False,業種,小売業,5d,5営業日,4,56,52,0.020157180129439754,0.020041452569508067,0.5961538461538461,評価可能,-0.005513037702401848
v7,volatility_20d,20日変動率,低いほど望ましい年率換算変動率,False,業種,小売業,5d,5営業日,5,43,41,-0.00514410077474753,0.00827189354432667,0.5365853658536586,評価可能,-0.005513037702401848
v7,volatility_20d,20日変動率,低いほど望ましい年率換算変動率,False,業種,建設業,10d,10営業日,1,12,10,-0.11645594878607675,-0.10331166828093954,0.0,サンプル不足,0.1082044160326101
v7,volatility_20d,20日変動率,低いほど望ましい年率換算変動率,False,業種,建設業,10d,10営業日,2,15,10,-0.09625018215773355,-0.08326028639437794,0.2,サンプル不足,0.1082044160326101
v7,volatility_20d,20日変動率,低いほど望ましい年率換算変動率,False,業種,建設業,10d,10営業日,3,10,9,-0.018920629058667225,-0.01443980514961729,0.3333333333333333,サンプル不足,0.1082044160326101
v7,volatility_20d,20日変動率,低いほど望ましい年率換算変動率,False,業種,建設業,10d,10営業日,4,8,6,-0.02250703517788258,-0.03262052709261268,0.3333333333333333,サンプル不足,0.1082044160326101
v7,volatility_20d,20日変動率,低いほど望ましい年率換算変動率,False,業種,建設業,10d,10営業日,5,14,10,-0.008251532753466644,-0.01482183322674122,0.3,サンプル不足,0.1082044160326101
v7,volatility_20d,20日変動率,低いほど望ましい年率換算変動率,False,業種,建設業,1d,1営業日,1,12,12,-0.04128161734718106,-0.03892858899499,0.08333333333333333,サンプル不足,0.03228606995746674
v7,volatility_20d,20日変動率,低いほど望ましい年率換算変動率,False,業種,建設業,1d,1営業日,2,15,14,-0.0233800446677653,-0.023368832095768118,0.14285714285714285,サンプル不足,0.03228606995746674
v7,volatility_20d,20日変動率,低いほど望ましい年率換算変動率,False,業種,建設業,1d,1営業日,3,10,10,0.003739965142515271,0.001808318264014508,0.5,サンプル不足,0.03228606995746674
v7,volatility_20d,20日変動率,低いほど望ましい年率換算変動率,False,業種,建設業,1d,1営業日,4,8,8,-0.020671806354593744,-0.01948923617585413,0.25,サンプル不足,0.03228606995746674
v7,volatility_20d,20日変動率,低いほど望ましい年率換算変動率,False,業種,建設業,1d,1営業日,5,14,14,-0.008995547389714323,-0.005436905146301329,0.21428571428571427,サンプル不足,0.03228606995746674
v7,volatility_20d,20日変動率,低いほど望ましい年率換算変動率,False,業種,建設業,3d,3営業日,1,12,10,-0.06812837904174307,-0.05183421516754845,0.2,サンプル不足,0.05434329260051046
v7,volatility_20d,20日変動率,低いほど望ましい年率換算変動率,False,業種,建設業,3d,3営業日,2,15,13,-0.03884193753980955,-0.038181818181818206,0.3076923076923077,サンプル不足,0.05434329260051046
v7,volatility_20d,20日変動率,低いほど望ましい年率換算変動率,False,業種,建設業,3d,3営業日,3,10,10,-0.006017407240340713,-0.0031230955724543263,0.5,サンプル不足,0.05434329260051046
v7,volatility_20d,20日変動率,低いほど望ましい年率換算変動率,False,業種,建設業,3d,3営業日,4,8,7,-0.006044635615829426,0.0,0.42857142857142855,サンプル不足,0.05434329260051046
v7,volatility_20d,20日変動率,低いほど望ましい年率換算変動率,False,業種,建設業,3d,3営業日,5,14,14,-0.013785086441232608,-0.011613562667418545,0.42857142857142855,サンプル不足,0.05434329260051046
v7,volatility_20d,20日変動率,低いほど望ましい年率換算変動率,False,業種,建設業,5d,5営業日,1,12,10,-0.07783460270446083,-0.088256182883176,0.1,サンプル不足,0.07854336592477582
v7,volatility_20d,20日変動率,低いほど望ましい年率換算変動率,False,業種,建設業,5d,5営業日,2,15,13,-0.048662908542610114,-0.049645390070921946,0.3076923076923077,サンプル不足,0.07854336592477582
v7,volatility_20d,20日変動率,低いほど望ましい年率換算変動率,False,業種,建設業,5d,5営業日,3,10,9,-0.014928699913459794,-0.015961341338409762,0.3333333333333333,サンプル不足,0.07854336592477582
v7,volatility_20d,20日変動率,低いほど望ましい年率換算変動率,False,業種,建設業,5d,5営業日,4,8,6,-0.012028878914625512,-0.007330220146764561,0.5,サンプル不足,0.07854336592477582
v7,volatility_20d,20日変動率,低いほど望ましい年率換算変動率,False,業種,建設業,5d,5営業日,5,14,13,0.0007087632203149938,-0.009640666082383897,0.3076923076923077,サンプル不足,0.07854336592477582
v7,volatility_20d,20日変動率,低いほど望ましい年率換算変動率,False,業種,情報・通信業,10d,10営業日,1,174,114,-0.015307966938806285,-0.0447592242583613,0.38596491228070173,評価可能,0.031054536206752442
v7,volatility_20d,20日変動率,低いほど望ましい年率換算変動率,False,業種,情報・通信業,10d,10営業日,2,142,104,0.01702647924029081,0.01864822419319545,0.5673076923076923,評価可能,0.031054536206752442
v7,volatility_20d,20日変動率,低いほど望ましい年率換算変動率,False,業種,情報・通信業,10d,10営業日,3,72,54,0.03535777553304675,0.019344660194174794,0.5925925925925926,評価可能,0.031054536206752442
v7,volatility_20d,20日変動率,低いほど望ましい年率換算変動率,False,業種,情報・通信業,10d,10営業日,4,57,42,0.008713362205607086,0.014859450584723044,0.5952380952380952,評価可能,0.031054536206752442
v7,volatility_20d,20日変動率,低いほど望ましい年率換算変動率,False,業種,情報・通信業,10d,10営業日,5,94,62,0.015746569267946157,0.011371902327935723,0.5967741935483871,評価可能,0.031054536206752442
v7,volatility_20d,20日変動率,低いほど望ましい年率換算変動率,False,業種,情報・通信業,1d,1営業日,1,174,170,0.000707648153559773,-0.006845287318301252,0.4117647058823529,評価可能,0.0010249157047886623
v7,volatility_20d,20日変動率,低いほど望ましい年率換算変動率,False,業種,情報・通信業,1d,1営業日,2,142,137,0.0012263409438520334,-0.0015948963317384823,0.4744525547445255,評価可能,0.0010249157047886623
v7,volatility_20d,20日変動率,低いほど望ましい年率換算変動率,False,業種,情報・通信業,1d,1営業日,3,72,71,-0.0030473213576861402,-0.008442776735459678,0.39436619718309857,評価可能,0.0010249157047886623
v7,volatility_20d,20日変動率,低いほど望ましい年率換算変動率,False,業種,情報・通信業,1d,1営業日,4,57,56,0.0019787447987313156,-0.0002538715410002612,0.4642857142857143,評価可能,0.0010249157047886623
v7,volatility_20d,20日変動率,低いほど望ましい年率換算変動率,False,業種,情報・通信業,1d,1営業日,5,94,93,0.0017325638583484354,0.0,0.4946236559139785,評価可能,0.0010249157047886623
v7,volatility_20d,20日変動率,低いほど望ましい年率換算変動率,False,業種,情報・通信業,3d,3営業日,1,174,158,-0.008631401850796505,-0.03365508365508363,0.34810126582278483,評価可能,0.01134169086950064
v7,volatility_20d,20日変動率,低いほど望ましい年率換算変動率,False,業種,情報・通信業,3d,3営業日,2,142,133,0.000932958316122068,0.0,0.49624060150375937,評価可能,0.01134169086950064
v7,volatility_20d,20日変動率,低いほど望ましい年率換算変動率,False,業種,情報・通信業,3d,3営業日,3,72,69,-0.001651106423267998,-0.0020016012810247785,0.4927536231884058,評価可能,0.01134169086950064
v7,volatility_20d,20日変動率,低いほど望ましい年率換算変動率,False,業種,情報・通信業,3d,3営業日,4,57,54,0.01058628280616821,0.005057493826017612,0.5555555555555556,評価可能,0.01134169086950064
v7,volatility_20d,20日変動率,低いほど望ましい年率換算変動率,False,業種,情報・通信業,3d,3営業日,5,94,87,0.0027102890187041357,0.0006739784067739674,0.5287356321839081,評価可能,0.01134169086950064
v7,volatility_20d,20日変動率,低いほど望ましい年率換算変動率,False,業種,情報・通信業,5d,5営業日,1,174,146,-0.02202488290486984,-0.04619282223824406,0.3219178082191781,評価可能,0.029385092378520456
v7,volatility_20d,20日変動率,低いほど望ましい年率換算変動率,False,業種,情報・通信業,5d,5営業日,2,142,125,0.0044678918382662185,0.0006064281382656,0.504,評価可能,0.029385092378520456
v7,volatility_20d,20日変動率,低いほど望ましい年率換算変動率,False,業種,情報・通信業,5d,5営業日,3,72,64,0.0202184552947937,-0.005149742079003206,0.453125,評価可能,0.029385092378520456
v7,volatility_20d,20日変動率,低いほど望ましい年率換算変動率,False,業種,情報・通信業,5d,5営業日,4,57,49,0.011692347434094152,0.013134328358209046,0.6530612244897959,評価可能,0.029385092378520456
v7,volatility_20d,20日変動率,低いほど望ましい年率換算変動率,False,業種,情報・通信業,5d,5営業日,5,94,82,0.007360209473650615,0.004491859016216626,0.573170731707317,評価可能,0.029385092378520456
v7,volatility_20d,20日変動率,低いほど望ましい年率換算変動率,False,業種,機械,10d,10営業日,1,61,49,-0.14054937946026758,-0.13723608445297508,0.14285714285714285,評価可能,0.13095588438391884
v7,volatility_20d,20日変動率,低いほど望ましい年率換算変動率,False,業種,機械,10d,10営業日,2,58,49,-0.08498823978114954,-0.08403154263183832,0.10204081632653061,評価可能,0.13095588438391884
v7,volatility_20d,20日変動率,低いほど望ましい年率換算変動率,False,業種,機械,10d,10営業日,3,43,30,-0.0567178338113701,-0.06487420688099851,0.16666666666666666,評価可能,0.13095588438391884
v7,volatility_20d,20日変動率,低いほど望ましい年率換算変動率,False,業種,機械,10d,10営業日,4,26,22,-0.00023888844467185764,-0.02471564811394908,0.3181818181818182,サンプル不足,0.13095588438391884
v7,volatility_20d,20日変動率,低いほど望ましい年率換算変動率,False,業種,機械,10d,10営業日,5,17,10,-0.009593495076348752,-0.004362296445976438,0.3,サンプル不足,0.13095588438391884
v7,volatility_20d,20日変動率,低いほど望ましい年率換算変動率,False,業種,機械,1d,1営業日,1,61,59,-0.007320754394261935,-0.0125932835820895,0.4067796610169492,評価可能,0.0018286837315317373
v7,volatility_20d,20日変動率,低いほど望ましい年率換算変動率,False,業種,機械,1d,1営業日,2,58,58,-0.006412737778609466,-0.006751281754094118,0.46551724137931033,評価可能,0.0018286837315317373
v7,volatility_20d,20日変動率,低いほど望ましい年率換算変動率,False,業種,機械,1d,1営業日,3,43,40,-0.006621895182307508,-0.009023326498690809,0.375,評価可能,0.0018286837315317373
v7,volatility_20d,20日変動率,低いほど望ましい年率換算変動率,False,業種,機械,1d,1営業日,4,26,26,-0.006681203470093238,-0.0076753910393148606,0.4230769230769231,サンプル不足,0.0018286837315317373
v7,volatility_20d,20日変動率,低いほど望ましい年率換算変動率,False,業種,機械,1d,1営業日,5,17,16,-0.005492070662730198,-0.001041666666666663,0.375,サンプル不足,0.0018286837315317373
v7,volatility_20d,20日変動率,低いほど望ましい年率換算変動率,False,業種,機械,3d,3営業日,1,61,59,-0.027097497685532445,-0.023474178403755874,0.3898305084745763,評価可能,0.020752526255166964
v7,volatility_20d,20日変動率,低いほど望ましい年率換算変動率,False,業種,機械,3d,3営業日,2,58,56,-0.03992878913683119,-0.03841873435874096,0.21428571428571427,評価可能,0.020752526255166964
v7,volatility_20d,20日変動率,低いほど望ましい年率換算変動率,False,業種,機械,3d,3営業日,3,43,36,-0.024320807174418785,-0.028188054548495933,0.2777777777777778,評価可能,0.020752526255166964
v7,volatility_20d,20日変動率,低いほど望ましい年率換算変動率,False,業種,機械,3d,3営業日,4,26,23,-0.005789099209071763,-0.009842519685039353,0.391304347826087,サンプル不足,0.020752526255166964
v7,volatility_20d,20日変動率,低いほど望ましい年率換算変動率,False,業種,機械,3d,3営業日,5,17,13,-0.006344971430365479,-0.0013531799729363,0.23076923076923078,サンプル不足,0.020752526255166964
v7,volatility_20d,20日変動率,低いほど望ましい年率換算変動率,False,業種,機械,5d,5営業日,1,61,56,-0.06477543615515337,-0.06486170112338335,0.3392857142857143,評価可能,0.055413302538185716
v7,volatility_20d,20日変動率,低いほど望ましい年率換算変動率,False,業種,機械,5d,5営業日,2,58,53,-0.058747146903079875,-0.0541353383458647,0.18867924528301888,評価可能,0.055413302538185716
v7,volatility_20d,20日変動率,低いほど望ましい年率換算変動率,False,業種,機械,5d,5営業日,3,43,33,-0.04848344354882649,-0.05549390287075551,0.15151515151515152,評価可能,0.055413302538185716
v7,volatility_20d,20日変動率,低いほど望ましい年率換算変動率,False,業種,機械,5d,5営業日,4,26,22,-0.025632549511737504,-0.032918857011231595,0.3181818181818182,サンプル不足,0.055413302538185716
v7,volatility_20d,20日変動率,低いほど望ましい年率換算変動率,False,業種,機械,5d,5営業日,5,17,13,-0.00936213361696765,-0.0022346368715083,0.3076923076923077,サンプル不足,0.055413302538185716
v7,volatility_20d,20日変動率,低いほど望ましい年率換算変動率,False,業種,海運業,10d,10営業日,2,3,1,0.05305672847438947,0.05305672847438947,1.0,サンプル不足,-0.005481953656348668
v7,volatility_20d,20日変動率,低いほど望ましい年率換算変動率,False,業種,海運業,10d,10営業日,3,6,5,0.04176734450902229,0.04109090909090907,0.8,サンプル不足,-0.005481953656348668
v7,volatility_20d,20日変動率,低いほど望ましい年率換算変動率,False,業種,海運業,10d,10営業日,4,8,5,0.0475747748180408,0.028422468886646568,1.0,サンプル不足,-0.005481953656348668
v7,volatility_20d,20日変動率,低いほど望ましい年率換算変動率,False,業種,海運業,10d,10営業日,5,5,0,,,,サンプル不足,-0.005481953656348668
v7,volatility_20d,20日変動率,低いほど望ましい年率換算変動率,False,業種,海運業,1d,1営業日,2,3,3,0.03367120678659027,0.009730126675234096,0.6666666666666666,サンプル不足,-0.03785809511006135
v7,volatility_20d,20日変動率,低いほど望ましい年率換算変動率,False,業種,海運業,1d,1営業日,3,6,6,0.008999602945378271,0.006730888821048553,1.0,サンプル不足,-0.03785809511006135
v7,volatility_20d,20日変動率,低いほど望ましい年率換算変動率,False,業種,海運業,1d,1営業日,4,8,8,0.008801008292534593,0.01046838034895814,0.75,サンプル不足,-0.03785809511006135
v7,volatility_20d,20日変動率,低いほど望ましい年率換算変動率,False,業種,海運業,1d,1営業日,5,5,4,-0.004186888323471083,0.00420634908885259,0.5,サンプル不足,-0.03785809511006135
v7,volatility_20d,20日変動率,低いほど望ましい年率換算変動率,False,業種,海運業,3d,3営業日,2,3,3,0.04054527055743059,0.02441711033596472,1.0,サンプル不足,-0.005331971707811044
v7,volatility_20d,20日変動率,低いほど望ましい年率換算変動率,False,業種,海運業,3d,3営業日,3,6,6,0.014993854565049166,0.014858088174704465,1.0,サンプル不足,-0.005331971707811044
v7,volatility_20d,20日変動率,低いほど望ましい年率換算変動率,False,業種,海運業,3d,3営業日,4,8,6,0.0056120394224541586,0.004789514959870789,0.8333333333333334,サンプル不足,-0.005331971707811044
v7,volatility_20d,20日変動率,低いほど望ましい年率換算変動率,False,業種,海運業,3d,3営業日,5,5,4,0.035213298849619545,0.04086478220816381,0.75,サンプル不足,-0.005331971707811044
v7,volatility_20d,20日変動率,低いほど望ましい年率換算変動率,False,業種,海運業,5d,5営業日,2,3,2,0.07091771324896012,0.07091771324896012,1.0,サンプル不足,-0.05441903633884808
v7,volatility_20d,20日変動率,低いほど望ましい年率換算変動率,False,業種,海運業,5d,5営業日,3,6,6,0.029491425032545465,0.024722710980775497,1.0,サンプル不足,-0.05441903633884808
v7,volatility_20d,20日変動率,低いほど望ましい年率換算変動率,False,業種,海運業,5d,5営業日,4,8,6,0.01649867691011205,0.013783274214680619,0.8333333333333334,サンプル不足,-0.05441903633884808
v7,volatility_20d,20日変動率,低いほど望ましい年率換算変動率,False,業種,海運業,5d,5営業日,5,5,0,,,,サンプル不足,-0.05441903633884808
v7,volatility_20d,20日変動率,低いほど望ましい年率換算変動率,False,業種,石油・石炭製品,10d,10営業日,1,1,1,-0.0037593984962406,-0.0037593984962406,0.0,サンプル不足,-0.005614429775225445
v7,volatility_20d,20日変動率,低いほど望ましい年率換算変動率,False,業種,石油・石炭製品,10d,10営業日,2,1,1,-0.0741379310344827,-0.0741379310344827,0.0,サンプル不足,-0.005614429775225445
v7,volatility_20d,20日変動率,低いほど望ましい年率換算変動率,False,業種,石油・石炭製品,10d,10営業日,3,1,1,-0.1058122205663188,-0.1058122205663188,0.0,サンプル不足,-0.005614429775225445
v7,volatility_20d,20日変動率,低いほど望ましい年率換算変動率,False,業種,石油・石炭製品,10d,10営業日,4,3,3,0.025130692284626027,0.02234848484848495,0.6666666666666666,サンプル不足,-0.005614429775225445
v7,volatility_20d,20日変動率,低いほど望ましい年率換算変動率,False,業種,石油・石炭製品,10d,10営業日,5,2,1,-0.009373828271466045,-0.009373828271466045,0.0,サンプル不足,-0.005614429775225445
v7,volatility_20d,20日変動率,低いほど望ましい年率換算変動率,False,業種,石油・石炭製品,1d,1営業日,1,1,1,0.019736842105263,0.019736842105263,1.0,サンプル不足,-0.03966613060521745
v7,volatility_20d,20日変動率,低いほど望ましい年率換算変動率,False,業種,石油・石炭製品,1d,1営業日,2,1,1,-0.0827586206896552,-0.0827586206896552,0.0,サンプル不足,-0.03966613060521745
v7,volatility_20d,20日変動率,低いほど望ましい年率換算変動率,False,業種,石油・石炭製品,1d,1営業日,3,1,1,-0.1418777943368107,-0.1418777943368107,0.0,サンプル不足,-0.03966613060521745
v7,volatility_20d,20日変動率,低いほど望ましい年率換算変動率,False,業種,石油・石炭製品,1d,1営業日,4,3,3,-0.014150055080783134,-0.012715033657442087,0.3333333333333333,サンプル不足,-0.03966613060521745
v7,volatility_20d,20日変動率,低いほど望ましい年率換算変動率,False,業種,石油・石炭製品,1d,1営業日,5,2,2,-0.019929288499954456,-0.019929288499954456,0.0,サンプル不足,-0.03966613060521745
v7,volatility_20d,20日変動率,低いほど望ましい年率換算変動率,False,業種,石油・石炭製品,3d,3営業日,1,1,1,-0.0300751879699248,-0.0300751879699248,0.0,サンプル不足,0.008627445208956353
v7,volatility_20d,20日変動率,低いほど望ましい年率換算変動率,False,業種,石油・石炭製品,3d,3営業日,2,1,1,-0.0650862068965517,-0.0650862068965517,0.0,サンプル不足,0.008627445208956353
v7,volatility_20d,20日変動率,低いほど望ましい年率換算変動率,False,業種,石油・石炭製品,3d,3営業日,3,1,1,-0.1302533532041728,-0.1302533532041728,0.0,サンプル不足,0.008627445208956353
v7,volatility_20d,20日変動率,低いほど望ましい年率換算変動率,False,業種,石油・石炭製品,3d,3営業日,4,3,3,-0.02374859934993052,-0.03066566940912485,0.0,サンプル不足,0.008627445208956353
v7,volatility_20d,20日変動率,低いほど望ましい年率換算変動率,False,業種,石油・石炭製品,3d,3営業日,5,2,2,-0.021447742760968447,-0.021447742760968447,0.0,サンプル不足,0.008627445208956353
v7,volatility_20d,20日変動率,低いほど望ましい年率換算変動率,False,業種,石油・石炭製品,5d,5営業日,1,1,1,0.0263157894736842,0.0263157894736842,1.0,サンプル不足,-0.026465982563954677
v7,volatility_20d,20日変動率,低いほど望ましい年率換算変動率,False,業種,石油・石炭製品,5d,5営業日,2,1,1,-0.1038793103448275,-0.1038793103448275,0.0,サンプル不足,-0.026465982563954677
v7,volatility_20d,20日変動率,低いほど望ましい年率換算変動率,False,業種,石油・石炭製品,5d,5営業日,3,1,1,-0.138301043219076,-0.138301043219076,0.0,サンプル不足,-0.026465982563954677
v7,volatility_20d,20日変動率,低いほど望ましい年率換算変動率,False,業種,石油・石炭製品,5d,5営業日,4,3,3,-0.029751472196533613,-0.024682124158563967,0.3333333333333333,サンプル不足,-0.026465982563954677
v7,volatility_20d,20日変動率,低いほど望ましい年率換算変動率,False,業種,石油・石炭製品,5d,5営業日,5,2,2,-0.00015019309027047845,-0.00015019309027047845,0.5,サンプル不足,-0.026465982563954677
v7,volatility_20d,20日変動率,低いほど望ましい年率換算変動率,False,業種,空運業,10d,10営業日,3,1,0,,,,サンプル不足,-0.013441516128896621
v7,volatility_20d,20日変動率,低いほど望ましい年率換算変動率,False,業種,空運業,10d,10営業日,4,3,3,-0.01396685234337062,-0.03454001992693456,0.3333333333333333,サンプル不足,-0.013441516128896621
v7,volatility_20d,20日変動率,低いほど望ましい年率換算変動率,False,業種,空運業,10d,10営業日,5,1,1,-0.02740836847226724,-0.02740836847226724,0.0,サンプル不足,-0.013441516128896621
v7,volatility_20d,20日変動率,低いほど望ましい年率換算変動率,False,業種,空運業,1d,1営業日,3,1,1,-0.01173485569299082,-0.01173485569299082,0.0,サンプル不足,0.03022334093463863
v7,volatility_20d,20日変動率,低いほど望ましい年率換算変動率,False,業種,空運業,1d,1営業日,4,3,3,0.0008677718268675916,-0.004889975550122272,0.3333333333333333,サンプル不足,0.03022334093463863
v7,volatility_20d,20日変動率,低いほど望ましい年率換算変動率,False,業種,空運業,1d,1営業日,5,1,1,0.018488485241647812,0.018488485241647812,1.0,サンプル不足,0.03022334093463863
v7,volatility_20d,20日変動率,低いほど望ましい年率換算変動率,False,業種,空運業,3d,3営業日,3,1,1,-0.01680938788455444,-0.01680938788455444,0.0,サンプル不足,0.04308249849110657
v7,volatility_20d,20日変動率,低いほど望ましい年率換算変動率,False,業種,空運業,3d,3営業日,4,3,3,0.0038178622741917487,0.02479916171847707,0.6666666666666666,サンプル不足,0.04308249849110657
v7,volatility_20d,20日変動率,低いほど望ましい年率換算変動率,False,業種,空運業,3d,3営業日,5,1,1,0.02627311060655213,0.02627311060655213,1.0,サンプル不足,0.04308249849110657
v7,volatility_20d,20日変動率,低いほど望ましい年率換算変動率,False,業種,空運業,5d,5営業日,3,1,1,0.0034887408816999255,0.0034887408816999255,1.0,サンプル不足,-0.013219522587830324
v7,volatility_20d,20日変動率,低いほど望ましい年率換算変動率,False,業種,空運業,5d,5営業日,4,3,3,-0.0025392545837928195,-0.009133178346064419,0.3333333333333333,サンプル不足,-0.013219522587830324
v7,volatility_20d,20日変動率,低いほど望ましい年率換算変動率,False,業種,空運業,5d,5営業日,5,1,1,-0.009730781706130398,-0.009730781706130398,0.0,サンプル不足,-0.013219522587830324
v7,volatility_20d,20日変動率,低いほど望ましい年率換算変動率,False,業種,精密機器,10d,10営業日,1,18,11,-0.047879960628275486,-0.13036303630363033,0.18181818181818182,サンプル不足,-0.0029093019917269813
v7,volatility_20d,20日変動率,低いほど望ましい年率換算変動率,False,業種,精密機器,10d,10営業日,2,19,13,-0.1046773307894492,-0.08906882591093113,0.07692307692307693,サンプル不足,-0.0029093019917269813
v7,volatility_20d,20日変動率,低いほど望ましい年率換算変動率,False,業種,精密機器,10d,10営業日,3,16,10,-0.02858904279814526,-0.0287497617987168,0.3,サンプル不足,-0.0029093019917269813
v7,volatility_20d,20日変動率,低いほど望ましい年率換算変動率,False,業種,精密機器,10d,10営業日,4,9,4,-0.05078926262000247,-0.059233203354756014,0.25,サンプル不足,-0.0029093019917269813
v7,volatility_20d,20日変動率,低いほど望ましい年率換算変動率,False,業種,精密機器,1d,1営業日,1,18,17,0.020738879643780912,0.01171112556929077,0.6470588235294118,サンプル不足,-0.005785858851635515
v7,volatility_20d,20日変動率,低いほど望ましい年率換算変動率,False,業種,精密機器,1d,1営業日,2,19,18,0.002974829444273764,-0.0015432098765432,0.4444444444444444,サンプル不足,-0.005785858851635515
v7,volatility_20d,20日変動率,低いほど望ましい年率換算変動率,False,業種,精密機器,1d,1営業日,3,16,15,-5.3470342488474526e-05,-0.0034748076445768605,0.4,サンプル不足,-0.005785858851635515
v7,volatility_20d,20日変動率,低いほど望ましい年率換算変動率,False,業種,精密機器,1d,1営業日,4,9,7,0.014953020792145397,0.0039525691699604515,0.5714285714285714,サンプル不足,-0.005785858851635515
v7,volatility_20d,20日変動率,低いほど望ましい年率換算変動率,False,業種,精密機器,3d,3営業日,1,18,17,0.03957924509129465,0.049645390070921946,0.5294117647058824,サンプル不足,-0.03720961864810582
v7,volatility_20d,20日変動率,低いほど望ましい年率換算変動率,False,業種,精密機器,3d,3営業日,2,19,17,-0.011817488872008683,-0.0123456790123457,0.35294117647058826,サンプル不足,-0.03720961864810582
v7,volatility_20d,20日変動率,低いほど望ましい年率換算変動率,False,業種,精密機器,3d,3営業日,3,16,15,-0.022506386160621682,-0.021857923497267784,0.26666666666666666,サンプル不足,-0.03720961864810582
v7,volatility_20d,20日変動率,低いほど望ましい年率換算変動率,False,業種,精密機器,3d,3営業日,4,9,6,0.0023696264431888325,0.00025049026597728785,0.5,サンプル不足,-0.03720961864810582
v7,volatility_20d,20日変動率,低いほど望ましい年率換算変動率,False,業種,精密機器,5d,5営業日,1,18,16,0.04229940150728263,0.02893151815181516,0.625,サンプル不足,-0.021665333361680635
v7,volatility_20d,20日変動率,低いほど望ましい年率換算変動率,False,業種,精密機器,5d,5営業日,2,19,14,-0.03489415618271406,-0.08899676375404528,0.2857142857142857,サンプル不足,-0.021665333361680635
v7,volatility_20d,20日変動率,低いほど望ましい年率換算変動率,False,業種,精密機器,5d,5営業日,3,16,12,-0.011309086619710598,-0.0018891488407326573,0.5,サンプル不足,-0.021665333361680635
v7,volatility_20d,20日変動率,低いほど望ましい年率換算変動率,False,業種,精密機器,5d,5営業日,4,9,6,0.020634068145601998,0.03536056334969384,0.6666666666666666,サンプル不足,-0.021665333361680635
v7,volatility_20d,20日変動率,低いほど望ましい年率換算変動率,False,業種,繊維製品,10d,10営業日,2,2,2,0.023594083682670186,0.023594083682670186,0.5,サンプル不足,-0.036098310934142695
v7,volatility_20d,20日変動率,低いほど望ましい年率換算変動率,False,業種,繊維製品,10d,10営業日,3,6,4,0.01865498614684926,0.0076925801880716,0.5,サンプル不足,-0.036098310934142695
v7,volatility_20d,20日変動率,低いほど望ましい年率換算変動率,False,業種,繊維製品,10d,10営業日,4,4,1,0.0024752778149679,0.0024752778149679,1.0,サンプル不足,-0.036098310934142695
v7,volatility_20d,20日変動率,低いほど望ましい年率換算変動率,False,業種,繊維製品,10d,10営業日,5,6,6,-0.012504227251472511,-0.00868850602057136,0.5,サンプル不足,-0.036098310934142695
v7,volatility_20d,20日変動率,低いほど望ましい年率換算変動率,False,業種,繊維製品,1d,1営業日,2,2,2,0.014041366764217396,0.014041366764217396,1.0,サンプル不足,-0.000301699454819393
v7,volatility_20d,20日変動率,低いほど望ましい年率換算変動率,False,業種,繊維製品,1d,1営業日,3,6,6,0.0034018517393916967,-0.0007338857770962104,0.5,サンプル不足,-0.000301699454819393
v7,volatility_20d,20日変動率,低いほど望ましい年率換算変動率,False,業種,繊維製品,1d,1営業日,4,4,3,-0.003962896573598094,-0.000522739153162588,0.3333333333333333,サンプル不足,-0.000301699454819393
v7,volatility_20d,20日変動率,低いほど望ましい年率換算変動率,False,業種,繊維製品,1d,1営業日,5,6,6,0.013739667309398003,0.009141828491143512,0.6666666666666666,サンプル不足,-0.000301699454819393
v7,volatility_20d,20日変動率,低いほど望ましい年率換算変動率,False,業種,繊維製品,3d,3営業日,2,2,2,0.03690777505338927,0.03690777505338927,1.0,サンプル不足,-0.026939954541759133
v7,volatility_20d,20日変動率,低いほど望ましい年率換算変動率,False,業種,繊維製品,3d,3営業日,3,6,4,0.0017688112205335466,0.003504522844380677,0.5,サンプル不足,-0.026939954541759133
v7,volatility_20d,20日変動率,低いほど望ましい年率換算変動率,False,業種,繊維製品,3d,3営業日,4,4,3,0.006537828830128031,-0.004704652378463181,0.3333333333333333,サンプル不足,-0.026939954541759133
v7,volatility_20d,20日変動率,低いほど望ましい年率換算変動率,False,業種,繊維製品,3d,3営業日,5,6,6,0.009967820511630135,0.018373739749188094,0.6666666666666666,サンプル不足,-0.026939954541759133
v7,volatility_20d,20日変動率,低いほど望ましい年率換算変動率,False,業種,繊維製品,5d,5営業日,2,2,2,0.04538479791188804,0.04538479791188804,0.5,サンプル不足,-0.05686351656548576
v7,volatility_20d,20日変動率,低いほど望ましい年率換算変動率,False,業種,繊維製品,5d,5営業日,3,6,4,0.01415449785573002,0.0070162895299886695,1.0,サンプル不足,-0.05686351656548576
v7,volatility_20d,20日変動率,低いほど望ましい年率換算変動率,False,業種,繊維製品,5d,5営業日,4,4,3,0.01736361126418733,0.0235149126265092,0.6666666666666666,サンプル不足,-0.05686351656548576
v7,volatility_20d,20日変動率,低いほど望ましい年率換算変動率,False,業種,繊維製品,5d,5営業日,5,6,6,-0.011478718653597715,-0.009349480350585677,0.5,サンプル不足,-0.05686351656548576
v7,volatility_20d,20日変動率,低いほど望ましい年率換算変動率,False,業種,証券、商品先物取引業,10d,10営業日,2,13,7,0.019968631720482872,0.0047961630695443,0.5714285714285714,サンプル不足,0.046395815402423615
v7,volatility_20d,20日変動率,低いほど望ましい年率換算変動率,False,業種,証券、商品先物取引業,10d,10営業日,3,22,15,-0.026498053256928937,-0.02375000000000005,0.2,サンプル不足,0.046395815402423615
v7,volatility_20d,20日変動率,低いほど望ましい年率換算変動率,False,業種,証券、商品先物取引業,10d,10営業日,4,21,15,0.019367390221467613,0.04429967426710091,0.6,サンプル不足,0.046395815402423615
v7,volatility_20d,20日変動率,低いほど望ましい年率換算変動率,False,業種,証券、商品先物取引業,10d,10営業日,5,37,37,0.06636444712290648,0.06376811594202891,0.918918918918919,評価可能,0.046395815402423615
v7,volatility_20d,20日変動率,低いほど望ましい年率換算変動率,False,業種,証券、商品先物取引業,1d,1営業日,2,13,13,0.020420235056339053,0.02163934426229508,0.7692307692307693,サンプル不足,-0.01182487913735562
v7,volatility_20d,20日変動率,低いほど望ましい年率換算変動率,False,業種,証券、商品先物取引業,1d,1営業日,3,22,22,-0.006556933633646559,-0.0021304170932094912,0.5,サンプル不足,-0.01182487913735562
v7,volatility_20d,20日変動率,低いほど望ましい年率換算変動率,False,業種,証券、商品先物取引業,1d,1営業日,4,21,21,-0.00032641537356461895,0.002977801840822858,0.5238095238095238,サンプル不足,-0.01182487913735562
v7,volatility_20d,20日変動率,低いほど望ましい年率換算変動率,False,業種,証券、商品先物取引業,1d,1営業日,5,37,37,0.008595355918983433,0.008510638297872353,0.6756756756756757,評価可能,-0.01182487913735562
v7,volatility_20d,20日変動率,低いほど望ましい年率換算変動率,False,業種,証券、商品先物取引業,3d,3営業日,2,13,12,0.021846894989190704,0.015382098534470692,0.6666666666666666,サンプル不足,-0.0019153388192526578
v7,volatility_20d,20日変動率,低いほど望ましい年率換算変動率,False,業種,証券、商品先物取引業,3d,3営業日,3,22,22,-0.008780327539685885,-0.014520280134318045,0.36363636363636365,サンプル不足,-0.0019153388192526578
v7,volatility_20d,20日変動率,低いほど望ましい年率換算変動率,False,業種,証券、商品先物取引業,3d,3営業日,4,21,21,0.011099519154248057,0.007450331125827825,0.6666666666666666,サンプル不足,-0.0019153388192526578
v7,volatility_20d,20日変動率,低いほど望ましい年率換算変動率,False,業種,証券、商品先物取引業,3d,3営業日,5,37,37,0.019931556169938046,0.015173621243069757,0.6756756756756757,評価可能,-0.0019153388192526578
v7,volatility_20d,20日変動率,低いほど望ましい年率換算変動率,False,業種,証券、商品先物取引業,5d,5営業日,2,13,12,0.02909850537296899,0.025534539473684226,0.75,サンプル不足,0.004226333301490064
v7,volatility_20d,20日変動率,低いほど望ましい年率換算変動率,False,業種,証券、商品先物取引業,5d,5営業日,3,22,21,-0.020463345897782998,-0.019026824703680556,0.2857142857142857,サンプル不足,0.004226333301490064
v7,volatility_20d,20日変動率,低いほど望ましい年率換算変動率,False,業種,証券、商品先物取引業,5d,5営業日,4,21,18,0.01672978501502061,0.01099798037239752,0.6666666666666666,サンプル不足,0.004226333301490064
v7,volatility_20d,20日変動率,低いほど望ましい年率換算変動率,False,業種,証券、商品先物取引業,5d,5営業日,5,37,37,0.033324838674459054,0.031941808981657216,0.7837837837837838,評価可能,0.004226333301490064
v7,volatility_20d,20日変動率,低いほど望ましい年率換算変動率,False,業種,輸送用機器,10d,10営業日,1,9,3,-0.061513365154576886,-0.058622471479421456,0.0,サンプル不足,0.1636056275554032
v7,volatility_20d,20日変動率,低いほど望ましい年率換算変動率,False,業種,輸送用機器,10d,10営業日,2,17,13,-0.07241841044273946,-0.07256113828842237,0.07692307692307693,サンプル不足,0.1636056275554032
v7,volatility_20d,20日変動率,低いほど望ましい年率換算変動率,False,業種,輸送用機器,10d,10営業日,3,28,14,-0.022216227096529036,-0.01664233220900696,0.42857142857142855,サンプル不足,0.1636056275554032
v7,volatility_20d,20日変動率,低いほど望ましい年率換算変動率,False,業種,輸送用機器,10d,10営業日,4,45,29,0.009948741685565574,0.0176991150442478,0.5862068965517241,サンプル不足,0.1636056275554032
v7,volatility_20d,20日変動率,低いほど望ましい年率換算変動率,False,業種,輸送用機器,10d,10営業日,5,27,19,0.1020922624008263,0.020654715510522115,0.631578947368421,サンプル不足,0.1636056275554032
v7,volatility_20d,20日変動率,低いほど望ましい年率換算変動率,False,業種,輸送用機器,1d,1営業日,1,9,8,0.006286829251253241,0.004081828295838363,0.5,サンプル不足,-0.0005287645790261622
v7,volatility_20d,20日変動率,低いほど望ましい年率換算変動率,False,業種,輸送用機器,1d,1営業日,2,17,17,0.0008013130678961515,-0.004509850462853127,0.4117647058823529,サンプル不足,-0.0005287645790261622
v7,volatility_20d,20日変動率,低いほど望ましい年率換算変動率,False,業種,輸送用機器,1d,1営業日,3,28,28,-0.0006055923217771288,-8.723978076885519e-05,0.5,サンプル不足,-0.0005287645790261622
v7,volatility_20d,20日変動率,低いほど望ましい年率換算変動率,False,業種,輸送用機器,1d,1営業日,4,45,44,0.0017105452417025295,-0.0008134413293017229,0.4318181818181818,評価可能,-0.0005287645790261622
v7,volatility_20d,20日変動率,低いほど望ましい年率換算変動率,False,業種,輸送用機器,1d,1営業日,5,27,26,0.005758064672227079,0.00319829424307035,0.5,サンプル不足,-0.0005287645790261622
v7,volatility_20d,20日変動率,低いほど望ましい年率換算変動率,False,業種,輸送用機器,3d,3営業日,1,9,6,-0.047999691184435866,-0.053916167016428596,0.16666666666666666,サンプル不足,0.04888509688037374
v7,volatility_20d,20日変動率,低いほど望ましい年率換算変動率,False,業種,輸送用機器,3d,3営業日,2,17,17,-0.017135812540810914,-0.0209643605870021,0.29411764705882354,サンプル不足,0.04888509688037374
v7,volatility_20d,20日変動率,低いほど望ましい年率換算変動率,False,業種,輸送用機器,3d,3営業日,3,28,27,-0.02761185743453455,-0.014805825242718451,0.3333333333333333,サンプル不足,0.04888509688037374
v7,volatility_20d,20日変動率,低いほど望ましい年率換算変動率,False,業種,輸送用機器,3d,3営業日,4,45,43,0.01761136312231187,0.007656458055925519,0.5813953488372093,評価可能,0.04888509688037374
v7,volatility_20d,20日変動率,低いほど望ましい年率換算変動率,False,業種,輸送用機器,3d,3営業日,5,27,25,0.0008854056959378759,0.002238805970149249,0.56,サンプル不足,0.04888509688037374
v7,volatility_20d,20日変動率,低いほど望ましい年率換算変動率,False,業種,輸送用機器,5d,5営業日,1,9,6,-0.0701906443002137,-0.08126485934332789,0.16666666666666666,サンプル不足,0.07733091638236603
v7,volatility_20d,20日変動率,低いほど望ましい年率換算変動率,False,業種,輸送用機器,5d,5営業日,2,17,15,-0.04496150555455612,-0.04492939666238771,0.26666666666666666,サンプル不足,0.07733091638236603
v7,volatility_20d,20日変動率,低いほど望ましい年率換算変動率,False,業種,輸送用機器,5d,5営業日,3,28,26,-0.013328765839401794,-0.018703127725132274,0.4230769230769231,サンプル不足,0.07733091638236603
v7,volatility_20d,20日変動率,低いほど望ましい年率換算変動率,False,業種,輸送用機器,5d,5営業日,4,45,39,0.0329006361556644,0.006299212598425141,0.5128205128205128,評価可能,0.07733091638236603
v7,volatility_20d,20日変動率,低いほど望ましい年率換算変動率,False,業種,輸送用機器,5d,5営業日,5,27,23,0.0071402720821523245,-0.002731174404994152,0.4782608695652174,サンプル不足,0.07733091638236603
v7,volatility_20d,20日変動率,低いほど望ましい年率換算変動率,False,業種,金属製品,10d,10営業日,1,42,37,-0.11934165915758399,-0.16929221211448853,0.2702702702702703,評価可能,0.1268859985971284
v7,volatility_20d,20日変動率,低いほど望ましい年率換算変動率,False,業種,金属製品,10d,10営業日,2,14,14,-0.0913349674466846,-0.10815384986701733,0.14285714285714285,サンプル不足,0.1268859985971284
v7,volatility_20d,20日変動率,低いほど望ましい年率換算変動率,False,業種,金属製品,10d,10営業日,3,14,14,-0.00548076957409823,-0.00873945944870925,0.42857142857142855,サンプル不足,0.1268859985971284
v7,volatility_20d,20日変動率,低いほど望ましい年率換算変動率,False,業種,金属製品,10d,10営業日,4,11,7,-0.026208686292369155,-0.0576599326599326,0.2857142857142857,サンプル不足,0.1268859985971284
v7,volatility_20d,20日変動率,低いほど望ましい年率換算変動率,False,業種,金属製品,10d,10営業日,5,13,10,0.007544339439544412,-0.006315670810042783,0.4,サンプル不足,0.1268859985971284
v7,volatility_20d,20日変動率,低いほど望ましい年率換算変動率,False,業種,金属製品,1d,1営業日,1,42,41,-0.00403521487399678,-0.013785557986870867,0.4146341463414634,評価可能,0.01033002006769873
v7,volatility_20d,20日変動率,低いほど望ましい年率換算変動率,False,業種,金属製品,1d,1営業日,2,14,14,0.031705498881184166,0.03208788159432915,0.7142857142857143,サンプル不足,0.01033002006769873
v7,volatility_20d,20日変動率,低いほど望ましい年率換算変動率,False,業種,金属製品,1d,1営業日,3,14,14,0.0009885056551629425,-0.012181318959341401,0.2857142857142857,サンプル不足,0.01033002006769873
v7,volatility_20d,20日変動率,低いほど望ましい年率換算変動率,False,業種,金属製品,1d,1営業日,4,11,10,-0.011936010776591446,-0.0064698186686138,0.3,サンプル不足,0.01033002006769873
v7,volatility_20d,20日変動率,低いほど望ましい年率換算変動率,False,業種,金属製品,1d,1営業日,5,13,13,0.00629480519370195,0.0019646365422396,0.6923076923076923,サンプル不足,0.01033002006769873
v7,volatility_20d,20日変動率,低いほど望ましい年率換算変動率,False,業種,金属製品,3d,3営業日,1,42,40,-0.013314151783913838,-0.021915025715575808,0.375,評価可能,0.01868218060021496
v7,volatility_20d,20日変動率,低いほど望ましい年率換算変動率,False,業種,金属製品,3d,3営業日,2,14,14,0.020409841894116352,-0.009289751781764555,0.42857142857142855,サンプル不足,0.01868218060021496
v7,volatility_20d,20日変動率,低いほど望ましい年率換算変動率,False,業種,金属製品,3d,3営業日,3,14,14,0.017747145243809347,-0.009758223078143769,0.42857142857142855,サンプル不足,0.01868218060021496
v7,volatility_20d,20日変動率,低いほど望ましい年率換算変動率,False,業種,金属製品,3d,3営業日,4,11,9,-0.02368044967507115,-0.03022222222222226,0.2222222222222222,サンプル不足,0.01868218060021496
v7,volatility_20d,20日変動率,低いほど望ましい年率換算変動率,False,業種,金属製品,3d,3営業日,5,13,11,0.005368028816301123,-0.00949913644214162,0.36363636363636365,サンプル不足,0.01868218060021496
v7,volatility_20d,20日変動率,低いほど望ましい年率換算変動率,False,業種,金属製品,5d,5営業日,1,42,39,-0.048715955553608574,-0.0803191489361702,0.3076923076923077,評価可能,0.05799725094141906
v7,volatility_20d,20日変動率,低いほど望ましい年率換算変動率,False,業種,金属製品,5d,5営業日,2,14,14,-0.013936095036164239,-0.024580919581187688,0.42857142857142855,サンプル不足,0.05799725094141906
v7,volatility_20d,20日変動率,低いほど望ましい年率換算変動率,False,業種,金属製品,5d,5営業日,3,14,14,0.022009694992379297,0.00297139695533065,0.5714285714285714,サンプル不足,0.05799725094141906
v7,volatility_20d,20日変動率,低いほど望ましい年率換算変動率,False,業種,金属製品,5d,5営業日,4,11,8,-0.0376432318307635,-0.04213841766493317,0.25,サンプル不足,0.05799725094141906
v7,volatility_20d,20日変動率,低いほど望ましい年率換算変動率,False,業種,金属製品,5d,5営業日,5,13,11,0.009281295387810489,-0.0029556650246305,0.36363636363636365,サンプル不足,0.05799725094141906
v7,volatility_20d,20日変動率,低いほど望ましい年率換算変動率,False,業種,鉄鋼,10d,10営業日,2,2,1,-0.04947847017919227,-0.04947847017919227,0.0,サンプル不足,0.07758764623348008
v7,volatility_20d,20日変動率,低いほど望ましい年率換算変動率,False,業種,鉄鋼,10d,10営業日,3,5,2,-0.04747428917120389,-0.04747428917120389,0.5,サンプル不足,0.07758764623348008
v7,volatility_20d,20日変動率,低いほど望ましい年率換算変動率,False,業種,鉄鋼,10d,10営業日,4,4,2,0.0869184827259829,0.0869184827259829,1.0,サンプル不足,0.07758764623348008
v7,volatility_20d,20日変動率,低いほど望ましい年率換算変動率,False,業種,鉄鋼,10d,10営業日,5,36,15,0.028109176054287813,0.0033783783783782,0.6,サンプル不足,0.07758764623348008
v7,volatility_20d,20日変動率,低いほど望ましい年率換算変動率,False,業種,鉄鋼,1d,1営業日,2,2,2,-0.006170178863271314,-0.006170178863271314,0.5,サンプル不足,0.016660683118589367
v7,volatility_20d,20日変動率,低いほど望ましい年率換算変動率,False,業種,鉄鋼,1d,1営業日,3,5,5,-0.005711847737823161,-0.011737089201877882,0.4,サンプル不足,0.016660683118589367
v7,volatility_20d,20日変動率,低いほど望ましい年率換算変動率,False,業種,鉄鋼,1d,1営業日,4,4,4,0.02620138511756026,0.011297064996176387,0.5,サンプル不足,0.016660683118589367
v7,volatility_20d,20日変動率,低いほど望ましい年率換算変動率,False,業種,鉄鋼,1d,1営業日,5,36,34,0.010490504255318053,0.009577147787270368,0.5882352941176471,評価可能,0.016660683118589367
v7,volatility_20d,20日変動率,低いほど望ましい年率換算変動率,False,業種,鉄鋼,3d,3営業日,2,2,1,0.014174913078363272,0.014174913078363272,1.0,サンプル不足,0.005600383229538177
v7,volatility_20d,20日変動率,低いほど望ましい年率換算変動率,False,業種,鉄鋼,3d,3営業日,3,5,4,-0.0504483493722343,-0.08398090927078439,0.25,サンプル不足,0.005600383229538177
v7,volatility_20d,20日変動率,低いほど望ましい年率換算変動率,False,業種,鉄鋼,3d,3営業日,4,4,4,0.0269655637671537,0.033697883037375864,0.75,サンプル不足,0.005600383229538177
v7,volatility_20d,20日変動率,低いほど望ましい年率換算変動率,False,業種,鉄鋼,3d,3営業日,5,36,28,0.01977529630790145,0.009713044999082876,0.6785714285714286,サンプル不足,0.005600383229538177
v7,volatility_20d,20日変動率,低いほど望ましい年率換算変動率,False,業種,鉄鋼,5d,5営業日,2,2,1,0.033163947579566644,0.033163947579566644,1.0,サンプル不足,-0.008832167594604989
v7,volatility_20d,20日変動率,低いほど望ましい年率換算変動率,False,業種,鉄鋼,5d,5営業日,3,5,3,-0.01715386583971031,-0.06203515889114264,0.3333333333333333,サンプル不足,-0.008832167594604989
v7,volatility_20d,20日変動率,低いほど望ましい年率換算変動率,False,業種,鉄鋼,5d,5営業日,4,4,4,0.075207046470535,0.068379337220011,0.75,サンプル不足,-0.008832167594604989
v7,volatility_20d,20日変動率,低いほど望ましい年率換算変動率,False,業種,鉄鋼,5d,5営業日,5,36,22,0.024331779984961655,0.003224572564321271,0.5909090909090909,サンプル不足,-0.008832167594604989
v7,volatility_20d,20日変動率,低いほど望ましい年率換算変動率,False,業種,鉱業,10d,10営業日,1,1,0,,,,サンプル不足,0.0
v7,volatility_20d,20日変動率,低いほど望ましい年率換算変動率,False,業種,鉱業,10d,10営業日,3,1,1,-0.0696623238500399,-0.0696623238500399,0.0,サンプル不足,0.0
v7,volatility_20d,20日変動率,低いほど望ましい年率換算変動率,False,業種,鉱業,1d,1営業日,1,1,1,0.034710743801652955,0.034710743801652955,1.0,サンプル不足,-0.06369239761712753
v7,volatility_20d,20日変動率,低いほど望ましい年率換算変動率,False,業種,鉱業,1d,1営業日,3,1,1,-0.028981653815474573,-0.028981653815474573,0.0,サンプル不足,-0.06369239761712753
v7,volatility_20d,20日変動率,低いほど望ましい年率換算変動率,False,業種,鉱業,3d,3営業日,1,1,1,0.1338842975206611,0.1338842975206611,1.0,サンプル不足,-0.17243787369720986
v7,volatility_20d,20日変動率,低いほど望ましい年率換算変動率,False,業種,鉱業,3d,3営業日,3,1,1,-0.038553576176548754,-0.038553576176548754,0.0,サンプル不足,-0.17243787369720986
v7,volatility_20d,20日変動率,低いほど望ましい年率換算変動率,False,業種,鉱業,5d,5営業日,1,1,1,0.04958677685950419,0.04958677685950419,1.0,サンプル不足,-0.08521559898128028
v7,volatility_20d,20日変動率,低いほど望ましい年率換算変動率,False,業種,鉱業,5d,5営業日,3,1,1,-0.035628822121776094,-0.035628822121776094,0.0,サンプル不足,-0.08521559898128028
v7,volatility_20d,20日変動率,低いほど望ましい年率換算変動率,False,業種,銀行業,10d,10営業日,1,2,1,-0.005952380952380931,-0.005952380952380931,0.0,サンプル不足,0.05093102377414314
v7,volatility_20d,20日変動率,低いほど望ましい年率換算変動率,False,業種,銀行業,10d,10営業日,2,30,19,-0.010983209520085626,-0.0022975301550832716,0.42105263157894735,サンプル不足,0.05093102377414314
v7,volatility_20d,20日変動率,低いほど望ましい年率換算変動率,False,業種,銀行業,10d,10営業日,3,76,62,0.0120433477039366,0.0051768815871561236,0.5161290322580645,評価可能,0.05093102377414314
v7,volatility_20d,20日変動率,低いほど望ましい年率換算変動率,False,業種,銀行業,10d,10営業日,4,105,95,0.010127077593059034,0.012571428571428678,0.6,評価可能,0.05093102377414314
v7,volatility_20d,20日変動率,低いほど望ましい年率換算変動率,False,業種,銀行業,10d,10営業日,5,60,51,0.044978642821762206,0.05044516625892714,0.8235294117647058,評価可能,0.05093102377414314
v7,volatility_20d,20日変動率,低いほど望ましい年率換算変動率,False,業種,銀行業,1d,1営業日,1,2,2,-0.014617509683299112,-0.014617509683299112,0.0,サンプル不足,0.015902405121822134
v7,volatility_20d,20日変動率,低いほど望ましい年率換算変動率,False,業種,銀行業,1d,1営業日,2,30,30,0.0031874037836383613,0.0061102448104137785,0.5666666666666667,評価可能,0.015902405121822134
v7,volatility_20d,20日変動率,低いほど望ましい年率換算変動率,False,業種,銀行業,1d,1営業日,3,76,76,0.0043666216502147946,0.002864112052190615,0.5789473684210527,評価可能,0.015902405121822134
v7,volatility_20d,20日変動率,低いほど望ましい年率換算変動率,False,業種,銀行業,1d,1営業日,4,105,105,-0.0008193584982783843,0.0017647058823528905,0.5523809523809524,評価可能,0.015902405121822134
v7,volatility_20d,20日変動率,低いほど望ましい年率換算変動率,False,業種,銀行業,1d,1営業日,5,60,59,0.0012848954385230199,0.003837953091684332,0.576271186440678,評価可能,0.015902405121822134
v7,volatility_20d,20日変動率,低いほど望ましい年率換算変動率,False,業種,銀行業,3d,3営業日,1,2,1,0.02678571428571419,0.02678571428571419,1.0,サンプル不足,-0.025690835220298337
v7,volatility_20d,20日変動率,低いほど望ましい年率換算変動率,False,業種,銀行業,3d,3営業日,2,30,25,0.015247710462307657,0.02011735121542335,0.64,サンプル不足,-0.025690835220298337
v7,volatility_20d,20日変動率,低いほど望ましい年率換算変動率,False,業種,銀行業,3d,3営業日,3,76,68,0.004326904901824131,0.0033251706507044787,0.5441176470588235,評価可能,-0.025690835220298337
v7,volatility_20d,20日変動率,低いほど望ましい年率換算変動率,False,業種,銀行業,3d,3営業日,4,105,104,0.0028713138292269995,0.002322280023909662,0.5480769230769231,評価可能,-0.025690835220298337
v7,volatility_20d,20日変動率,低いほど望ましい年率換算変動率,False,業種,銀行業,3d,3営業日,5,60,57,0.001094879065415854,0.0029810994192764895,0.5614035087719298,評価可能,-0.025690835220298337
v7,volatility_20d,20日変動率,低いほど望ましい年率換算変動率,False,業種,銀行業,5d,5営業日,1,2,1,-0.07440476190476186,-0.07440476190476186,0.0,サンプル不足,0.08281804451637657
v7,volatility_20d,20日変動率,低いほど望ましい年率換算変動率,False,業種,銀行業,5d,5営業日,2,30,25,0.003160787324187275,-0.0005482456140351033,0.48,サンプル不足,0.08281804451637657
v7,volatility_20d,20日変動率,低いほど望ましい年率換算変動率,False,業種,銀行業,5d,5営業日,3,76,68,0.00673062550097072,0.010202061301032406,0.5735294117647058,評価可能,0.08281804451637657
v7,volatility_20d,20日変動率,低いほど望ましい年率換算変動率,False,業種,銀行業,5d,5営業日,4,105,101,0.009742885471808424,0.01191401191401198,0.6039603960396039,評価可能,0.08281804451637657
v7,volatility_20d,20日変動率,低いほど望ましい年率換算変動率,False,業種,銀行業,5d,5営業日,5,60,55,0.00841328261161471,0.021282973621103096,0.6181818181818182,評価可能,0.08281804451637657
v7,volatility_20d,20日変動率,低いほど望ましい年率換算変動率,False,業種,陸運業,10d,10営業日,2,2,1,-0.0095588235294117,-0.0095588235294117,0.0,サンプル不足,0.0002616683968362128
v7,volatility_20d,20日変動率,低いほど望ましい年率換算変動率,False,業種,陸運業,10d,10営業日,3,6,2,0.11303779943870906,0.11303779943870906,0.5,サンプル不足,0.0002616683968362128
v7,volatility_20d,20日変動率,低いほど望ましい年率換算変動率,False,業種,陸運業,10d,10営業日,4,8,6,-0.0018152579180831057,0.008784966853244147,0.6666666666666666,サンプル不足,0.0002616683968362128
v7,volatility_20d,20日変動率,低いほど望ましい年率換算変動率,False,業種,陸運業,10d,10営業日,5,13,11,-0.009297155132575487,0.009960159362549792,0.5454545454545454,サンプル不足,0.0002616683968362128
v7,volatility_20d,20日変動率,低いほど望ましい年率換算変動率,False,業種,陸運業,1d,1営業日,2,2,2,0.0427783613445378,0.0427783613445378,1.0,サンプル不足,-0.04358416122957278
v7,volatility_20d,20日変動率,低いほど望ましい年率換算変動率,False,業種,陸運業,1d,1営業日,3,6,4,-0.0036818057500299373,-0.007186842237145441,0.5,サンプル不足,-0.04358416122957278
v7,volatility_20d,20日変動率,低いほど望ましい年率換算変動率,False,業種,陸運業,1d,1営業日,4,8,7,0.0008452445095171576,0.0033962264150944055,0.5714285714285714,サンプル不足,-0.04358416122957278
v7,volatility_20d,20日変動率,低いほど望ましい年率換算変動率,False,業種,陸運業,1d,1営業日,5,13,13,-0.0008057998850349793,-0.0034762456546929,0.46153846153846156,サンプル不足,-0.04358416122957278
v7,volatility_20d,20日変動率,低いほど望ましい年率換算変動率,False,業種,陸運業,3d,3営業日,2,2,1,0.0183823529411764,0.0183823529411764,1.0,サンプル不足,-0.032533374802713996
v7,volatility_20d,20日変動率,低いほど望ましい年率換算変動率,False,業種,陸運業,3d,3営業日,3,6,4,-0.005733180214616064,-0.005270173655940704,0.5,サンプル不足,-0.032533374802713996
v7,volatility_20d,20日変動率,低いほど望ましい年率換算変動率,False,業種,陸運業,3d,3営業日,4,8,7,-0.01790383357816589,-0.00452830188679243,0.2857142857142857,サンプル不足,-0.032533374802713996
v7,volatility_20d,20日変動率,低いほど望ましい年率換算変動率,False,業種,陸運業,3d,3営業日,5,13,13,-0.014151021861537598,-0.0005064145847399892,0.46153846153846156,サンプル不足,-0.032533374802713996
v7,volatility_20d,20日変動率,低いほど望ましい年率換算変動率,False,業種,陸運業,5d,5営業日,2,2,1,0.0022058823529411,0.0022058823529411,1.0,サンプル不足,-0.02803274868079553
v7,volatility_20d,20日変動率,低いほど望ましい年率換算変動率,False,業種,陸運業,5d,5営業日,3,6,4,0.0389492353202864,0.013190024556479829,0.5,サンプル不足,-0.02803274868079553
v7,volatility_20d,20日変動率,低いほど望ましい年率換算変動率,False,業種,陸運業,5d,5営業日,4,8,7,-0.01828407260484553,0.004783599088838297,0.5714285714285714,サンプル不足,-0.02803274868079553
v7,volatility_20d,20日変動率,低いほど望ましい年率換算変動率,False,業種,陸運業,5d,5営業日,5,13,13,-0.02582686632785443,-0.01738548980274157,0.38461538461538464,サンプル不足,-0.02803274868079553
v7,volatility_20d,20日変動率,低いほど望ましい年率換算変動率,False,業種,電気・ガス業,10d,10営業日,2,2,0,,,,サンプル不足,0.07194657745464533
v7,volatility_20d,20日変動率,低いほど望ましい年率換算変動率,False,業種,電気・ガス業,10d,10営業日,3,2,2,-0.09354005167958657,-0.09354005167958657,0.0,サンプル不足,0.07194657745464533
v7,volatility_20d,20日変動率,低いほど望ましい年率換算変動率,False,業種,電気・ガス業,10d,10営業日,4,4,4,0.03378577371794806,0.026132270950108005,0.5,サンプル不足,0.07194657745464533
v7,volatility_20d,20日変動率,低いほど望ましい年率換算変動率,False,業種,電気・ガス業,10d,10営業日,5,13,10,-0.02159347422494124,-0.02347578671108086,0.2,サンプル不足,0.07194657745464533
v7,volatility_20d,20日変動率,低いほど望ましい年率換算変動率,False,業種,電気・ガス業,1d,1営業日,2,2,2,0.012220770557473837,0.012220770557473837,0.5,サンプル不足,-0.013661138199745822
v7,volatility_20d,20日変動率,低いほど望ましい年率換算変動率,False,業種,電気・ガス業,1d,1営業日,3,2,2,-0.0191731266149871,-0.0191731266149871,0.0,サンプル不足,-0.013661138199745822
v7,volatility_20d,20日変動率,低いほど望ましい年率換算変動率,False,業種,電気・ガス業,1d,1営業日,4,4,4,0.0015303332134590274,0.005642763443087451,0.75,サンプル不足,-0.013661138199745822
v7,volatility_20d,20日変動率,低いほど望ましい年率換算変動率,False,業種,電気・ガス業,1d,1営業日,5,13,13,-0.0014403676422719857,0.0006825938566552,0.5384615384615384,サンプル不足,-0.013661138199745822
v7,volatility_20d,20日変動率,低いほど望ましい年率換算変動率,False,業種,電気・ガス業,3d,3営業日,2,2,2,-0.010340519073837928,-0.010340519073837928,0.5,サンプル不足,0.013618878706039207
v7,volatility_20d,20日変動率,低いほど望ましい年率換算変動率,False,業種,電気・ガス業,3d,3営業日,3,2,2,-0.03666989664082687,-0.03666989664082687,0.0,サンプル不足,0.013618878706039207
v7,volatility_20d,20日変動率,低いほど望ましい年率換算変動率,False,業種,電気・ガス業,3d,3営業日,4,4,4,0.023154421055874893,0.02722221656304713,0.75,サンプル不足,0.013618878706039207
v7,volatility_20d,20日変動率,低いほど望ましい年率換算変動率,False,業種,電気・ガス業,3d,3営業日,5,13,13,0.0032783596322012785,0.007573263088574311,0.6923076923076923,サンプル不足,0.013618878706039207
v7,volatility_20d,20日変動率,低いほど望ましい年率換算変動率,False,業種,電気・ガス業,5d,5営業日,2,2,2,-0.005634705847789523,-0.005634705847789523,0.5,サンプル不足,0.009357162177689586
v7,volatility_20d,20日変動率,低いほど望ましい年率換算変動率,False,業種,電気・ガス業,5d,5営業日,3,2,2,-0.038963178294573686,-0.038963178294573686,0.0,サンプル不足,0.009357162177689586
v7,volatility_20d,20日変動率,低いほど望ましい年率換算変動率,False,業種,電気・ガス業,5d,5営業日,4,4,4,0.036922071510758936,0.05275596165795726,0.75,サンプル不足,0.009357162177689586
v7,volatility_20d,20日変動率,低いほど望ましい年率換算変動率,False,業種,電気・ガス業,5d,5営業日,5,13,13,0.0037224563299000624,0.0225255972696245,0.6923076923076923,サンプル不足,0.009357162177689586
v7,volatility_20d,20日変動率,低いほど望ましい年率換算変動率,False,業種,電気機器,10d,10営業日,1,192,155,-0.13102511279766849,-0.15416666666666667,0.16129032258064516,評価可能,0.1195238638203575
v7,volatility_20d,20日変動率,低いほど望ましい年率換算変動率,False,業種,電気機器,10d,10営業日,2,162,146,-0.08779258377632339,-0.07561313036882383,0.1780821917808219,評価可能,0.1195238638203575
v7,volatility_20d,20日変動率,低いほど望ましい年率換算変動率,False,業種,電気機器,10d,10営業日,3,107,86,-0.059571135514036054,-0.05782348465313525,0.2441860465116279,評価可能,0.1195238638203575
v7,volatility_20d,20日変動率,低いほど望ましい年率換算変動率,False,業種,電気機器,10d,10営業日,4,52,35,-0.034669630678662154,-0.036964980544747,0.3142857142857143,評価可能,0.1195238638203575
v7,volatility_20d,20日変動率,低いほど望ましい年率換算変動率,False,業種,電気機器,10d,10営業日,5,11,9,-0.011501248977310984,-0.008826413860738791,0.1111111111111111,サンプル不足,0.1195238638203575
v7,volatility_20d,20日変動率,低いほど望ましい年率換算変動率,False,業種,電気機器,1d,1営業日,1,192,190,-0.011095843736490314,-0.015072377920576863,0.4052631578947368,評価可能,0.011878014363770801
v7,volatility_20d,20日変動率,低いほど望ましい年率換算変動率,False,業種,電気機器,1d,1営業日,2,162,159,-0.004478115986031097,-0.006998654104979796,0.4339622641509434,評価可能,0.011878014363770801
v7,volatility_20d,20日変動率,低いほど望ましい年率換算変動率,False,業種,電気機器,1d,1営業日,3,107,106,-0.008849627610266605,-0.013773764329498894,0.3867924528301887,評価可能,0.011878014363770801
v7,volatility_20d,20日変動率,低いほど望ましい年率換算変動率,False,業種,電気機器,1d,1営業日,4,52,50,-0.008017698104243833,-0.00461700371409135,0.4,評価可能,0.011878014363770801
v7,volatility_20d,20日変動率,低いほど望ましい年率換算変動率,False,業種,電気機器,1d,1営業日,5,11,10,0.0007821706272804873,0.008739273715305789,0.6,サンプル不足,0.011878014363770801
v7,volatility_20d,20日変動率,低いほど望ましい年率換算変動率,False,業種,電気機器,3d,3営業日,1,192,180,-0.03703705018718286,-0.03686991869918696,0.3111111111111111,評価可能,0.033446904572056076
v7,volatility_20d,20日変動率,低いほど望ましい年率換算変動率,False,業種,電気機器,3d,3営業日,2,162,158,-0.028749842104946504,-0.026427290108587888,0.310126582278481,評価可能,0.033446904572056076
v7,volatility_20d,20日変動率,低いほど望ましい年率換算変動率,False,業種,電気機器,3d,3営業日,3,107,101,-0.011102297257327596,-0.013518518518518485,0.40594059405940597,評価可能,0.033446904572056076
v7,volatility_20d,20日変動率,低いほど望ましい年率換算変動率,False,業種,電気機器,3d,3営業日,4,52,47,-0.012227697376851041,-0.026551070170685476,0.425531914893617,評価可能,0.033446904572056076
v7,volatility_20d,20日変動率,低いほど望ましい年率換算変動率,False,業種,電気機器,3d,3営業日,5,11,9,-0.0035901456151267827,0.0,0.4444444444444444,サンプル不足,0.033446904572056076
v7,volatility_20d,20日変動率,低いほど望ましい年率換算変動率,False,業種,電気機器,5d,5営業日,1,192,167,-0.05685676225627493,-0.06476938174681057,0.281437125748503,評価可能,0.056237789720852985
v7,volatility_20d,20日変動率,低いほど望ましい年率換算変動率,False,業種,電気機器,5d,5営業日,2,162,153,-0.04318408952497979,-0.037579042457091205,0.26143790849673204,評価可能,0.056237789720852985
v7,volatility_20d,20日変動率,低いほど望ましい年率換算変動率,False,業種,電気機器,5d,5営業日,3,107,97,-0.021054099175554574,-0.015873015873015928,0.3402061855670103,評価可能,0.056237789720852985
v7,volatility_20d,20日変動率,低いほど望ましい年率換算変動率,False,業種,電気機器,5d,5営業日,4,52,40,-0.03712599776745725,-0.04810068727829786,0.2,評価可能,0.056237789720852985
v7,volatility_20d,20日変動率,低いほど望ましい年率換算変動率,False,業種,電気機器,5d,5営業日,5,11,9,-0.0006189725354219475,0.0063091482649841,0.5555555555555556,サンプル不足,0.056237789720852985
v7,volatility_20d,20日変動率,低いほど望ましい年率換算変動率,False,業種,非鉄金属,10d,10営業日,1,20,18,-0.17988910620114906,-0.17543311529201738,0.0,サンプル不足,0.13278765692578676
v7,volatility_20d,20日変動率,低いほど望ましい年率換算変動率,False,業種,非鉄金属,10d,10営業日,2,11,9,-0.20005879931337045,-0.2241365621278285,0.0,サンプル不足,0.13278765692578676
v7,volatility_20d,20日変動率,低いほど望ましい年率換算変動率,False,業種,非鉄金属,10d,10営業日,3,2,1,-0.15953835709436526,-0.15953835709436526,0.0,サンプル不足,0.13278765692578676
v7,volatility_20d,20日変動率,低いほど望ましい年率換算変動率,False,業種,非鉄金属,10d,10営業日,5,1,1,-0.047101449275362306,-0.047101449275362306,0.0,サンプル不足,0.13278765692578676
v7,volatility_20d,20日変動率,低いほど望ましい年率換算変動率,False,業種,非鉄金属,1d,1営業日,1,20,19,-0.00902098713829203,-0.018229738633867787,0.3157894736842105,サンプル不足,0.02713692916727762
v7,volatility_20d,20日変動率,低いほど望ましい年率換算変動率,False,業種,非鉄金属,1d,1営業日,2,11,11,-0.009153370781263043,-0.006249999999999978,0.45454545454545453,サンプル不足,0.02713692916727762
v7,volatility_20d,20日変動率,低いほど望ましい年率換算変動率,False,業種,非鉄金属,1d,1営業日,3,2,2,-0.0034330892803224877,-0.0034330892803224877,0.5,サンプル不足,0.02713692916727762
v7,volatility_20d,20日変動率,低いほど望ましい年率換算変動率,False,業種,非鉄金属,1d,1営業日,5,1,1,0.018115942028985588,0.018115942028985588,1.0,サンプル不足,0.02713692916727762
v7,volatility_20d,20日変動率,低いほど望ましい年率換算変動率,False,業種,非鉄金属,3d,3営業日,1,20,19,-0.05699787209398907,-0.07116871305138694,0.10526315789473684,サンプル不足,0.06062106049978619
v7,volatility_20d,20日変動率,低いほど望ましい年率換算変動率,False,業種,非鉄金属,3d,3営業日,2,11,11,-0.058271080147002975,-0.0839737582005623,0.18181818181818182,サンプル不足,0.06062106049978619
v7,volatility_20d,20日変動率,低いほど望ましい年率換算変動率,False,業種,非鉄金属,3d,3営業日,3,2,2,-0.004211789548992373,-0.004211789548992373,0.5,サンプル不足,0.06062106049978619
v7,volatility_20d,20日変動率,低いほど望ましい年率換算変動率,False,業種,非鉄金属,3d,3営業日,5,1,1,0.0036231884057971175,0.0036231884057971175,1.0,サンプル不足,0.06062106049978619
v7,volatility_20d,20日変動率,低いほど望ましい年率換算変動率,False,業種,非鉄金属,5d,5営業日,1,20,19,-0.0951049853007461,-0.09022939677145281,0.05263157894736842,サンプル不足,0.07517744906886206
v7,volatility_20d,20日変動率,低いほど望ましい年率換算変動率,False,業種,非鉄金属,5d,5営業日,2,11,9,-0.07999781996179094,-0.07271983640081803,0.2222222222222222,サンプル不足,0.07517744906886206
v7,volatility_20d,20日変動率,低いほど望ましい年率換算変動率,False,業種,非鉄金属,5d,5営業日,3,2,1,-0.08825526137135098,-0.08825526137135098,0.0,サンプル不足,0.07517744906886206
v7,volatility_20d,20日変動率,低いほど望ましい年率換算変動率,False,業種,非鉄金属,5d,5営業日,5,1,1,-0.019927536231884035,-0.019927536231884035,0.0,サンプル不足,0.07517744906886206
v7,volatility_20d,20日変動率,低いほど望ましい年率換算変動率,False,業種,食料品,10d,10営業日,1,2,1,-0.029828850855745714,-0.029828850855745714,0.0,サンプル不足,0.058108949100722104
v7,volatility_20d,20日変動率,低いほど望ましい年率換算変動率,False,業種,食料品,10d,10営業日,2,21,14,-0.051473333566382215,-0.06414844650979246,0.2857142857142857,サンプル不足,0.058108949100722104
v7,volatility_20d,20日変動率,低いほど望ましい年率換算変動率,False,業種,食料品,10d,10営業日,3,19,16,-0.007096334426405275,-0.011466828054752964,0.4375,サンプル不足,0.058108949100722104
v7,volatility_20d,20日変動率,低いほど望ましい年率換算変動率,False,業種,食料品,10d,10営業日,4,37,23,0.01097257676330572,0.01321856747617578,0.5652173913043478,サンプル不足,0.058108949100722104
v7,volatility_20d,20日変動率,低いほど望ましい年率換算変動率,False,業種,食料品,10d,10営業日,5,44,36,0.028280098244976386,0.0219646207451085,0.6666666666666666,評価可能,0.058108949100722104
v7,volatility_20d,20日変動率,低いほど望ましい年率換算変動率,False,業種,食料品,1d,1営業日,1,2,2,0.010356054244396729,0.010356054244396729,0.5,サンプル不足,-0.011751742680325082
v7,volatility_20d,20日変動率,低いほど望ましい年率換算変動率,False,業種,食料品,1d,1営業日,2,21,21,-0.003363466389704355,0.00221606648199435,0.5714285714285714,サンプル不足,-0.011751742680325082
v7,volatility_20d,20日変動率,低いほど望ましい年率換算変動率,False,業種,食料品,1d,1営業日,3,19,19,0.0058974854009882435,-0.0036572622779519337,0.42105263157894735,サンプル不足,-0.011751742680325082
v7,volatility_20d,20日変動率,低いほど望ましい年率換算変動率,False,業種,食料品,1d,1営業日,4,37,36,-0.004400717777995562,-0.00020162783419697128,0.5,評価可能,-0.011751742680325082
v7,volatility_20d,20日変動率,低いほど望ましい年率換算変動率,False,業種,食料品,1d,1営業日,5,44,44,-0.001395688435928353,-0.001797802832609663,0.4090909090909091,評価可能,-0.011751742680325082
v7,volatility_20d,20日変動率,低いほど望ましい年率換算変動率,False,業種,食料品,3d,3営業日,1,2,2,-0.04501613367170354,-0.04501613367170354,0.0,サンプル不足,0.04520187799099933
v7,volatility_20d,20日変動率,低いほど望ましい年率換算変動率,False,業種,食料品,3d,3営業日,2,21,18,-0.0033617610382863767,-0.01330972717018919,0.3888888888888889,サンプル不足,0.04520187799099933
v7,volatility_20d,20日変動率,低いほど望ましい年率換算変動率,False,業種,食料品,3d,3営業日,3,19,19,-0.010895534325683654,-0.013603238866396805,0.3157894736842105,サンプル不足,0.04520187799099933
v7,volatility_20d,20日変動率,低いほど望ましい年率換算変動率,False,業種,食料品,3d,3営業日,4,37,33,-0.00552486879615723,-0.012360566777208315,0.45454545454545453,評価可能,0.04520187799099933
v7,volatility_20d,20日変動率,低いほど望ましい年率換算変動率,False,業種,食料品,3d,3営業日,5,44,44,0.0001857443192957915,0.004346784777243373,0.5681818181818182,評価可能,0.04520187799099933
v7,volatility_20d,20日変動率,低いほど望ましい年率換算変動率,False,業種,食料品,5d,5営業日,1,2,2,-0.0386858422681321,-0.0386858422681321,0.5,サンプル不足,0.04620005383959285
v7,volatility_20d,20日変動率,低いほど望ましい年率換算変動率,False,業種,食料品,5d,5営業日,2,21,18,-0.011816641190009173,-0.03017519726677137,0.3888888888888889,サンプル不足,0.04620005383959285
v7,volatility_20d,20日変動率,低いほど望ましい年率換算変動率,False,業種,食料品,5d,5営業日,3,19,18,-0.0029114695243610145,-0.000129844277350999,0.5,サンプル不足,0.04620005383959285
v7,volatility_20d,20日変動率,低いほど望ましい年率換算変動率,False,業種,食料品,5d,5営業日,4,37,32,0.0033053113236532015,0.0042475920253895755,0.53125,評価可能,0.04620005383959285
v7,volatility_20d,20日変動率,低いほど望ましい年率換算変動率,False,業種,食料品,5d,5営業日,5,44,43,0.007514211571460754,0.011004366812227051,0.6511627906976745,評価可能,0.04620005383959285
v7,volume_ratio_20d,出来高比,当日出来高と20日平均出来高の比率,True,全体,全体,10d,10営業日,1,740,539,-0.024585072065002204,-0.008474576271186418,0.46938775510204084,評価可能,-0.0001383503964759239
v7,volume_ratio_20d,出来高比,当日出来高と20日平均出来高の比率,True,全体,全体,10d,10営業日,2,740,540,-0.021915420633534265,-0.007637984208641202,0.4685185185185185,評価可能,-0.0001383503964759239
v7,volume_ratio_20d,出来高比,当日出来高と20日平均出来高の比率,True,全体,全体,10d,10営業日,3,740,540,-0.027287758706089574,-0.01562073413128734,0.4166666666666667,評価可能,-0.0001383503964759239
v7,volume_ratio_20d,出来高比,当日出来高と20日平均出来高の比率,True,全体,全体,10d,10営業日,4,740,540,-0.02028680194130705,-0.0072664020616779006,0.43703703703703706,評価可能,-0.0001383503964759239
v7,volume_ratio_20d,出来高比,当日出来高と20日平均出来高の比率,True,全体,全体,10d,10営業日,5,740,539,-0.02472342246147813,-0.0235655737704918,0.36363636363636365,評価可能,-0.0001383503964759239
v7,volume_ratio_20d,出来高比,当日出来高と20日平均出来高の比率,True,全体,全体,1d,1営業日,1,740,720,0.002566531144722872,0.0008992850881669456,0.5152777777777777,評価可能,-0.005244605750257587
v7,volume_ratio_20d,出来高比,当日出来高と20日平均出来高の比率,True,全体,全体,1d,1営業日,2,740,720,-0.0030631176461558144,-0.0018963420803546072,0.45416666666666666,評価可能,-0.005244605750257587
v7,volume_ratio_20d,出来高比,当日出来高と20日平均出来高の比率,True,全体,全体,1d,1営業日,3,740,720,-0.0009840838720235315,-0.001567864190522572,0.4583333333333333,評価可能,-0.005244605750257587
v7,volume_ratio_20d,出来高比,当日出来高と20日平均出来高の比率,True,全体,全体,1d,1営業日,4,740,720,-0.0023544434468343316,-0.002942336591120309,0.4444444444444444,評価可能,-0.005244605750257587
v7,volume_ratio_20d,出来高比,当日出来高と20日平均出来高の比率,True,全体,全体,1d,1営業日,5,740,720,-0.002678074605534715,-0.0032429363084784946,0.4305555555555556,評価可能,-0.005244605750257587
v7,volume_ratio_20d,出来高比,当日出来高と20日平均出来高の比率,True,全体,全体,3d,3営業日,1,740,679,-0.006251209814215414,-0.006694934166480704,0.45066273932253315,評価可能,-0.003822921083274775
v7,volume_ratio_20d,出来高比,当日出来高と20日平均出来高の比率,True,全体,全体,3d,3営業日,2,740,680,-0.007154451704210169,-0.002689583497898995,0.4647058823529412,評価可能,-0.003822921083274775
v7,volume_ratio_20d,出来高比,当日出来高と20日平均出来高の比率,True,全体,全体,3d,3営業日,3,740,680,-0.006623250552817093,-0.007782218992248069,0.4514705882352941,評価可能,-0.003822921083274775
v7,volume_ratio_20d,出来高比,当日出来高と20日平均出来高の比率,True,全体,全体,3d,3営業日,4,740,680,-0.006735454693878286,-0.006333613714651909,0.4338235294117647,評価可能,-0.003822921083274775
v7,volume_ratio_20d,出来高比,当日出来高と20日平均出来高の比率,True,全体,全体,3d,3営業日,5,740,679,-0.010074130897490189,-0.0099502487562188,0.4020618556701031,評価可能,-0.003822921083274775
v7,volume_ratio_20d,出来高比,当日出来高と20日平均出来高の比率,True,全体,全体,5d,5営業日,1,740,639,-0.009538825771506108,-0.004780114722753304,0.45539906103286387,評価可能,-0.007434231062455934
v7,volume_ratio_20d,出来高比,当日出来高と20日平均出来高の比率,True,全体,全体,5d,5営業日,2,740,640,-0.011699276583301013,-0.00405048860231616,0.4609375,評価可能,-0.007434231062455934
v7,volume_ratio_20d,出来高比,当日出来高と20日平均出来高の比率,True,全体,全体,5d,5営業日,3,740,640,-0.010391929356432095,-0.0077171456247981905,0.4453125,評価可能,-0.007434231062455934
v7,volume_ratio_20d,出来高比,当日出来高と20日平均出来高の比率,True,全体,全体,5d,5営業日,4,740,640,-0.009393215809580685,-0.007856148198160117,0.4296875,評価可能,-0.007434231062455934
v7,volume_ratio_20d,出来高比,当日出来高と20日平均出来高の比率,True,全体,全体,5d,5営業日,5,740,639,-0.016973056833962042,-0.0137931034482758,0.40688575899843504,評価可能,-0.007434231062455934
v7,volume_ratio_20d,出来高比,当日出来高と20日平均出来高の比率,True,業種,その他製品,10d,10営業日,1,8,5,-0.01769829843044567,-0.0362116991643454,0.2,サンプル不足,0.008204201119710298
v7,volume_ratio_20d,出来高比,当日出来高と20日平均出来高の比率,True,業種,その他製品,10d,10営業日,2,13,6,-0.09210605737498151,-0.0446310098728534,0.0,サンプル不足,0.008204201119710298
v7,volume_ratio_20d,出来高比,当日出来高と20日平均出来高の比率,True,業種,その他製品,10d,10営業日,3,13,6,0.0945732980919382,0.07488344824680881,1.0,サンプル不足,0.008204201119710298
v7,volume_ratio_20d,出来高比,当日出来高と20日平均出来高の比率,True,業種,その他製品,10d,10営業日,4,18,12,-0.01808603816270271,0.005712076764115159,0.5,サンプル不足,0.008204201119710298
v7,volume_ratio_20d,出来高比,当日出来高と20日平均出来高の比率,True,業種,その他製品,10d,10営業日,5,19,16,-0.009494097310735371,-0.0247721901805023,0.4375,サンプル不足,0.008204201119710298
v7,volume_ratio_20d,出来高比,当日出来高と20日平均出来高の比率,True,業種,その他製品,1d,1営業日,1,8,7,0.08555554391542862,0.019433647973348123,0.8571428571428571,サンプル不足,-0.07963929742165396
v7,volume_ratio_20d,出来高比,当日出来高と20日平均出来高の比率,True,業種,その他製品,1d,1営業日,2,13,10,-0.016353390047830242,-0.0017624949207639684,0.4,サンプル不足,-0.07963929742165396
v7,volume_ratio_20d,出来高比,当日出来高と20日平均出来高の比率,True,業種,その他製品,1d,1営業日,3,13,12,0.006401733533023891,0.01315324239267146,0.5833333333333334,サンプル不足,-0.07963929742165396
v7,volume_ratio_20d,出来高比,当日出来高と20日平均出来高の比率,True,業種,その他製品,1d,1営業日,4,18,17,0.004756685228427658,-0.002110446711220515,0.47058823529411764,サンプル不足,-0.07963929742165396
v7,volume_ratio_20d,出来高比,当日出来高と20日平均出来高の比率,True,業種,その他製品,1d,1営業日,5,19,19,0.005916246493774667,0.0091012514220705,0.5789473684210527,サンプル不足,-0.07963929742165396
v7,volume_ratio_20d,出来高比,当日出来高と20日平均出来高の比率,True,業種,その他製品,3d,3営業日,1,8,6,-0.01325608766745808,-0.07357128199866614,0.3333333333333333,サンプル不足,0.02379675329435687
v7,volume_ratio_20d,出来高比,当日出来高と20日平均出来高の比率,True,業種,その他製品,3d,3営業日,2,13,8,-0.044761215891763406,-0.02151584770290127,0.125,サンプル不足,0.02379675329435687
v7,volume_ratio_20d,出来高比,当日出来高と20日平均出来高の比率,True,業種,その他製品,3d,3営業日,3,13,9,-0.015060954604805447,-0.022917164000954893,0.3333333333333333,サンプル不足,0.02379675329435687
v7,volume_ratio_20d,出来高比,当日出来高と20日平均出来高の比率,True,業種,その他製品,3d,3営業日,4,18,15,0.012037108066634019,-0.008090045726345418,0.4,サンプル不足,0.02379675329435687
v7,volume_ratio_20d,出来高比,当日出来高と20日平均出来高の比率,True,業種,その他製品,3d,3営業日,5,19,18,0.010540665626898791,-0.0009223593707929499,0.5,サンプル不足,0.02379675329435687
v7,volume_ratio_20d,出来高比,当日出来高と20日平均出来高の比率,True,業種,その他製品,5d,5営業日,1,8,6,-0.019499344996515577,-0.05236913129447075,0.16666666666666666,サンプル不足,0.015281269593408607
v7,volume_ratio_20d,出来高比,当日出来高と20日平均出来高の比率,True,業種,その他製品,5d,5営業日,2,13,7,-0.06518192199887572,-0.04804045512010113,0.14285714285714285,サンプル不足,0.015281269593408607
v7,volume_ratio_20d,出来高比,当日出来高と20日平均出来高の比率,True,業種,その他製品,5d,5営業日,3,13,8,0.007069271574933287,0.00803292893771862,0.5,サンプル不足,0.015281269593408607
v7,volume_ratio_20d,出来高比,当日出来高と20日平均出来高の比率,True,業種,その他製品,5d,5営業日,4,18,14,0.0001500307608604336,0.008695664240602197,0.5714285714285714,サンプル不足,0.015281269593408607
v7,volume_ratio_20d,出来高比,当日出来高と20日平均出来高の比率,True,業種,その他製品,5d,5営業日,5,19,18,-0.00421807540310697,-0.01095890410958905,0.3888888888888889,サンプル不足,0.015281269593408607
v7,volume_ratio_20d,出来高比,当日出来高と20日平均出来高の比率,True,業種,その他金融業,10d,10営業日,1,6,5,-0.015271946709589548,-0.027266681445355823,0.2,サンプル不足,-0.40011266867502576
v7,volume_ratio_20d,出来高比,当日出来高と20日平均出来高の比率,True,業種,その他金融業,10d,10営業日,2,12,10,-0.006168579324741163,-0.015623048885371582,0.4,サンプル不足,-0.40011266867502576
v7,volume_ratio_20d,出来高比,当日出来高と20日平均出来高の比率,True,業種,その他金融業,10d,10営業日,3,10,5,0.024364235188772156,0.023375785910043634,1.0,サンプル不足,-0.40011266867502576
v7,volume_ratio_20d,出来高比,当日出来高と20日平均出来高の比率,True,業種,その他金融業,10d,10営業日,4,7,1,0.021804511278195493,0.021804511278195493,1.0,サンプル不足,-0.40011266867502576
v7,volume_ratio_20d,出来高比,当日出来高と20日平均出来高の比率,True,業種,その他金融業,10d,10営業日,5,2,1,-0.4153846153846153,-0.4153846153846153,0.0,サンプル不足,-0.40011266867502576
v7,volume_ratio_20d,出来高比,当日出来高と20日平均出来高の比率,True,業種,その他金融業,1d,1営業日,1,6,6,-0.004762025079093411,-0.010532517912591723,0.16666666666666666,サンプル不足,-0.09439452013008334
v7,volume_ratio_20d,出来高比,当日出来高と20日平均出来高の比率,True,業種,その他金融業,1d,1営業日,2,12,12,-0.001741612199812309,-0.0005841079887451972,0.5,サンプル不足,-0.09439452013008334
v7,volume_ratio_20d,出来高比,当日出来高と20日平均出来高の比率,True,業種,その他金融業,1d,1営業日,3,10,10,0.010049462559840894,0.013524571363223936,0.6,サンプル不足,-0.09439452013008334
v7,volume_ratio_20d,出来高比,当日出来高と20日平均出来高の比率,True,業種,その他金融業,1d,1営業日,4,7,7,-0.0032289240263005154,0.0011520737327188613,0.5714285714285714,サンプル不足,-0.09439452013008334
v7,volume_ratio_20d,出来高比,当日出来高と20日平均出来高の比率,True,業種,その他金融業,1d,1営業日,5,2,2,-0.09915654520917676,-0.09915654520917676,0.5,サンプル不足,-0.09439452013008334
v7,volume_ratio_20d,出来高比,当日出来高と20日平均出来高の比率,True,業種,その他金融業,3d,3営業日,1,6,6,-0.003781769699448789,-0.013253797115468587,0.3333333333333333,サンプル不足,-0.18744630047598979
v7,volume_ratio_20d,出来高比,当日出来高と20日平均出来高の比率,True,業種,その他金融業,3d,3営業日,2,12,12,0.0042049181224127945,-0.001395806633267327,0.4166666666666667,サンプル不足,-0.18744630047598979
v7,volume_ratio_20d,出来高比,当日出来高と20日平均出来高の比率,True,業種,その他金融業,3d,3営業日,3,10,10,0.001771866709482306,0.006931608133086908,0.5,サンプル不足,-0.18744630047598979
v7,volume_ratio_20d,出来高比,当日出来高と20日平均出来高の比率,True,業種,その他金融業,3d,3営業日,4,7,5,-0.005611892472852875,0.0015624999999999112,0.6,サンプル不足,-0.18744630047598979
v7,volume_ratio_20d,出来高比,当日出来高と20日平均出来高の比率,True,業種,その他金融業,3d,3営業日,5,2,2,-0.19122807017543858,-0.19122807017543858,0.5,サンプル不足,-0.18744630047598979
v7,volume_ratio_20d,出来高比,当日出来高と20日平均出来高の比率,True,業種,その他金融業,5d,5営業日,1,6,6,0.0023072318047374176,0.0008648891934193471,0.5,サンプル不足,-0.17049211709488582
v7,volume_ratio_20d,出来高比,当日出来高と20日平均出来高の比率,True,業種,その他金融業,5d,5営業日,2,12,11,0.0012797582451123037,0.0042269187986652135,0.5454545454545454,サンプル不足,-0.17049211709488582
v7,volume_ratio_20d,出来高比,当日出来高と20日平均出来高の比率,True,業種,その他金融業,5d,5営業日,3,10,10,-0.0013501177437390988,-0.007226537551378143,0.3,サンプル不足,-0.17049211709488582
v7,volume_ratio_20d,出来高比,当日出来高と20日平均出来高の比率,True,業種,その他金融業,5d,5営業日,4,7,4,-0.0021982566465165165,-0.005188318777292533,0.5,サンプル不足,-0.17049211709488582
v7,volume_ratio_20d,出来高比,当日出来高と20日平均出来高の比率,True,業種,その他金融業,5d,5営業日,5,2,2,-0.1681848852901484,-0.1681848852901484,0.5,サンプル不足,-0.17049211709488582
v7,volume_ratio_20d,出来高比,当日出来高と20日平均出来高の比率,True,業種,ガラス・土石製品,10d,10営業日,2,4,3,-0.11626213800623185,-0.14802275189599134,0.0,サンプル不足,0.0202543024041328
v7,volume_ratio_20d,出来高比,当日出来高と20日平均出来高の比率,True,業種,ガラス・土石製品,10d,10営業日,3,5,3,-0.08035255645118962,-0.041935483870967794,0.3333333333333333,サンプル不足,0.0202543024041328
v7,volume_ratio_20d,出来高比,当日出来高と20日平均出来高の比率,True,業種,ガラス・土石製品,10d,10営業日,4,6,5,-0.08701216150067355,0.0062857142857142,0.6,サンプル不足,0.0202543024041328
v7,volume_ratio_20d,出来高比,当日出来高と20日平均出来高の比率,True,業種,ガラス・土石製品,10d,10営業日,5,8,8,-0.09600783560209905,-0.0918620327209578,0.125,サンプル不足,0.0202543024041328
v7,volume_ratio_20d,出来高比,当日出来高と20日平均出来高の比率,True,業種,ガラス・土石製品,1d,1営業日,2,4,4,-0.017555212026750172,-0.017768903973845507,0.0,サンプル不足,-0.04210397768584456
v7,volume_ratio_20d,出来高比,当日出来高と20日平均出来高の比率,True,業種,ガラス・土石製品,1d,1営業日,3,5,5,-0.0317214757973066,-0.03647416413373861,0.4,サンプル不足,-0.04210397768584456
v7,volume_ratio_20d,出来高比,当日出来高と20日平均出来高の比率,True,業種,ガラス・土石製品,1d,1営業日,4,6,6,0.01331209377392202,0.014674842558833199,0.6666666666666666,サンプル不足,-0.04210397768584456
v7,volume_ratio_20d,出来高比,当日出来高と20日平均出来高の比率,True,業種,ガラス・土石製品,1d,1営業日,5,8,8,-0.059659189712594735,-0.056062060140754946,0.125,サンプル不足,-0.04210397768584456
v7,volume_ratio_20d,出来高比,当日出来高と20日平均出来高の比率,True,業種,ガラス・土石製品,3d,3営業日,2,4,3,-0.047776988136915784,-0.04723791588198367,0.0,サンプル不足,-0.027396232317686335
v7,volume_ratio_20d,出来高比,当日出来高と20日平均出来高の比率,True,業種,ガラス・土石製品,3d,3営業日,3,5,5,-0.044784217085792874,-0.028875379939209744,0.2,サンプル不足,-0.027396232317686335
v7,volume_ratio_20d,出来高比,当日出来高と20日平均出来高の比率,True,業種,ガラス・土石製品,3d,3営業日,4,6,5,-0.050710553669150726,-0.0205714285714285,0.4,サンプル不足,-0.027396232317686335
v7,volume_ratio_20d,出来高比,当日出来高と20日平均出来高の比率,True,業種,ガラス・土石製品,3d,3営業日,5,8,8,-0.07517322045460212,-0.11021675140487015,0.125,サンプル不足,-0.027396232317686335
v7,volume_ratio_20d,出来高比,当日出来高と20日平均出来高の比率,True,業種,ガラス・土石製品,5d,5営業日,2,4,3,-0.12710765667048426,-0.1039755351681956,0.0,サンプル不足,0.07262169553512518
v7,volume_ratio_20d,出来高比,当日出来高と20日平均出来高の比率,True,業種,ガラス・土石製品,5d,5営業日,3,5,4,-0.015301573871527474,-0.0053910514102689655,0.5,サンプル不足,0.07262169553512518
v7,volume_ratio_20d,出来高比,当日出来高と20日平均出来高の比率,True,業種,ガラス・土石製品,5d,5営業日,4,6,5,-0.07059782296845499,-0.0162412993039443,0.2,サンプル不足,0.07262169553512518
v7,volume_ratio_20d,出来高比,当日出来高と20日平均出来高の比率,True,業種,ガラス・土石製品,5d,5営業日,5,8,8,-0.05448596113535908,-0.046270907595283746,0.25,サンプル不足,0.07262169553512518
v7,volume_ratio_20d,出来高比,当日出来高と20日平均出来高の比率,True,業種,ゴム製品,10d,10営業日,2,19,14,0.056831073437549666,0.05333624837367912,0.9285714285714286,サンプル不足,-0.06316443893564572
v7,volume_ratio_20d,出来高比,当日出来高と20日平均出来高の比率,True,業種,ゴム製品,10d,10営業日,3,6,2,0.04266618447839354,0.04266618447839354,1.0,サンプル不足,-0.06316443893564572
v7,volume_ratio_20d,出来高比,当日出来高と20日平均出来高の比率,True,業種,ゴム製品,10d,10営業日,4,6,3,-0.035720488176076835,-0.007052186177715,0.3333333333333333,サンプル不足,-0.06316443893564572
v7,volume_ratio_20d,出来高比,当日出来高と20日平均出来高の比率,True,業種,ゴム製品,10d,10営業日,5,4,2,-0.006333365498096058,-0.006333365498096058,0.5,サンプル不足,-0.06316443893564572
v7,volume_ratio_20d,出来高比,当日出来高と20日平均出来高の比率,True,業種,ゴム製品,1d,1営業日,2,19,18,0.012316302106345205,0.006772435301354851,0.7222222222222222,サンプル不足,-0.0374285369570872
v7,volume_ratio_20d,出来高比,当日出来高と20日平均出来高の比率,True,業種,ゴム製品,1d,1営業日,3,6,6,-0.007585409614818924,-0.009349819677819005,0.16666666666666666,サンプル不足,-0.0374285369570872
v7,volume_ratio_20d,出来高比,当日出来高と20日平均出来高の比率,True,業種,ゴム製品,1d,1営業日,4,6,6,0.004625424200437937,-0.00827995725066515,0.3333333333333333,サンプル不足,-0.0374285369570872
v7,volume_ratio_20d,出来高比,当日出来高と20日平均出来高の比率,True,業種,ゴム製品,1d,1営業日,5,4,3,-0.025112234850742,-0.0029542097488921,0.3333333333333333,サンプル不足,-0.0374285369570872
v7,volume_ratio_20d,出来高比,当日出来高と20日平均出来高の比率,True,業種,ゴム製品,3d,3営業日,2,19,17,0.022942218391030902,0.020996640537513933,0.7058823529411765,サンプル不足,-0.04490023595299135
v7,volume_ratio_20d,出来高比,当日出来高と20日平均出来高の比率,True,業種,ゴム製品,3d,3営業日,3,6,4,-0.0013901388056399566,0.006132192101423406,0.5,サンプル不足,-0.04490023595299135
v7,volume_ratio_20d,出来高比,当日出来高と20日平均出来高の比率,True,業種,ゴム製品,3d,3営業日,4,6,5,-0.007332324208769017,0.022399999999999975,0.6,サンプル不足,-0.04490023595299135
v7,volume_ratio_20d,出来高比,当日出来高と20日平均出来高の比率,True,業種,ゴム製品,3d,3営業日,5,4,2,-0.02195801756196045,-0.02195801756196045,0.5,サンプル不足,-0.04490023595299135
v7,volume_ratio_20d,出来高比,当日出来高と20日平均出来高の比率,True,業種,ゴム製品,5d,5営業日,2,19,16,0.020203367222993318,0.022792290224431633,0.875,サンプル不足,-0.009250337673473167
v7,volume_ratio_20d,出来高比,当日出来高と20日平均出来高の比率,True,業種,ゴム製品,5d,5営業日,3,6,4,0.04755925533953556,0.056085299525049814,0.75,サンプル不足,-0.009250337673473167
v7,volume_ratio_20d,出来高比,当日出来高と20日平均出来高の比率,True,業種,ゴム製品,5d,5営業日,4,6,5,0.009069223686648614,0.010574018126888296,0.6,サンプル不足,-0.009250337673473167
v7,volume_ratio_20d,出来高比,当日出来高と20日平均出来高の比率,True,業種,ゴム製品,5d,5営業日,5,4,2,0.010953029549520151,0.010953029549520151,0.5,サンプル不足,-0.009250337673473167
v7,volume_ratio_20d,出来高比,当日出来高と20日平均出来高の比率,True,業種,サービス業,10d,10営業日,1,61,44,0.006500628337349598,0.05523375429127786,0.7272727272727273,評価可能,-0.01721827585308509
v7,volume_ratio_20d,出来高比,当日出来高と20日平均出来高の比率,True,業種,サービス業,10d,10営業日,2,71,48,0.02811915360239363,0.03248887190375971,0.7083333333333334,評価可能,-0.01721827585308509
v7,volume_ratio_20d,出来高比,当日出来高と20日平均出来高の比率,True,業種,サービス業,10d,10営業日,3,69,50,0.021636851966544503,0.016008102053133855,0.58,評価可能,-0.01721827585308509
v7,volume_ratio_20d,出来高比,当日出来高と20日平均出来高の比率,True,業種,サービス業,10d,10営業日,4,60,49,-0.006541819722856474,0.004417448923246914,0.5102040816326531,評価可能,-0.01721827585308509
v7,volume_ratio_20d,出来高比,当日出来高と20日平均出来高の比率,True,業種,サービス業,10d,10営業日,5,86,64,-0.010717647515735491,-0.014313102993320621,0.453125,評価可能,-0.01721827585308509
v7,volume_ratio_20d,出来高比,当日出来高と20日平均出来高の比率,True,業種,サービス業,1d,1営業日,1,61,58,0.00614306290648701,0.005311379630859148,0.603448275862069,評価可能,-0.005786178241017799
v7,volume_ratio_20d,出来高比,当日出来高と20日平均出来高の比率,True,業種,サービス業,1d,1営業日,2,71,69,-0.0001266447890389586,-0.002666666666666706,0.4492753623188406,評価可能,-0.005786178241017799
v7,volume_ratio_20d,出来高比,当日出来高と20日平均出来高の比率,True,業種,サービス業,1d,1営業日,3,69,67,0.014825416787904912,0.004152823920265725,0.582089552238806,評価可能,-0.005786178241017799
v7,volume_ratio_20d,出来高比,当日出来高と20日平均出来高の比率,True,業種,サービス業,1d,1営業日,4,60,59,-0.002763340707488091,-0.003154574132492,0.4067796610169492,評価可能,-0.005786178241017799
v7,volume_ratio_20d,出来高比,当日出来高と20日平均出来高の比率,True,業種,サービス業,1d,1営業日,5,86,83,0.00035688466546921095,0.0,0.4939759036144578,評価可能,-0.005786178241017799
v7,volume_ratio_20d,出来高比,当日出来高と20日平均出来高の比率,True,業種,サービス業,3d,3営業日,1,61,54,-0.0010686570924338,0.004104975974349223,0.5925925925925926,評価可能,-0.0021778066196208703
v7,volume_ratio_20d,出来高比,当日出来高と20日平均出来高の比率,True,業種,サービス業,3d,3営業日,2,71,66,0.007123484370091476,0.0014234882655934644,0.5151515151515151,評価可能,-0.0021778066196208703
v7,volume_ratio_20d,出来高比,当日出来高と20日平均出来高の比率,True,業種,サービス業,3d,3営業日,3,69,64,0.025272892866887622,0.011790017211703918,0.59375,評価可能,-0.0021778066196208703
v7,volume_ratio_20d,出来高比,当日出来高と20日平均出来高の比率,True,業種,サービス業,3d,3営業日,4,60,57,-0.013762788177188238,-0.005444866055709929,0.40350877192982454,評価可能,-0.0021778066196208703
v7,volume_ratio_20d,出来高比,当日出来高と20日平均出来高の比率,True,業種,サービス業,3d,3営業日,5,86,78,-0.00324646371205467,-0.006476614868982249,0.4230769230769231,評価可能,-0.0021778066196208703
v7,volume_ratio_20d,出来高比,当日出来高と20日平均出来高の比率,True,業種,サービス業,5d,5営業日,1,61,52,-0.00021549412701217838,0.0073127584945856805,0.5576923076923077,評価可能,-0.01198212137730046
v7,volume_ratio_20d,出来高比,当日出来高と20日平均出来高の比率,True,業種,サービス業,5d,5営業日,2,71,63,0.012841490706644068,0.013434089000839533,0.6031746031746031,評価可能,-0.01198212137730046
v7,volume_ratio_20d,出来高比,当日出来高と20日平均出来高の比率,True,業種,サービス業,5d,5営業日,3,69,61,0.01043330919223239,0.0036719706242349,0.5409836065573771,評価可能,-0.01198212137730046
v7,volume_ratio_20d,出来高比,当日出来高と20日平均出来高の比率,True,業種,サービス業,5d,5営業日,4,60,55,-0.01123035462474326,-0.0138045278851463,0.4,評価可能,-0.01198212137730046
v7,volume_ratio_20d,出来高比,当日出来高と20日平均出来高の比率,True,業種,サービス業,5d,5営業日,5,86,75,-0.012197615504312639,-0.0151515151515151,0.38666666666666666,評価可能,-0.01198212137730046
v7,volume_ratio_20d,出来高比,当日出来高と20日平均出来高の比率,True,業種,パルプ・紙,10d,10営業日,1,2,2,-0.24640646380400072,-0.24640646380400072,0.0,サンプル不足,0.2370758674805992
v7,volume_ratio_20d,出来高比,当日出来高と20日平均出来高の比率,True,業種,パルプ・紙,10d,10営業日,2,3,2,-0.024501669037396145,-0.024501669037396145,0.5,サンプル不足,0.2370758674805992
v7,volume_ratio_20d,出来高比,当日出来高と20日平均出来高の比率,True,業種,パルプ・紙,10d,10営業日,3,2,1,-0.1165413533834586,-0.1165413533834586,0.0,サンプル不足,0.2370758674805992
v7,volume_ratio_20d,出来高比,当日出来高と20日平均出来高の比率,True,業種,パルプ・紙,10d,10営業日,4,4,2,-0.0645458506259951,-0.0645458506259951,0.5,サンプル不足,0.2370758674805992
v7,volume_ratio_20d,出来高比,当日出来高と20日平均出来高の比率,True,業種,パルプ・紙,10d,10営業日,5,6,3,-0.009330596323401531,-0.0196560196560197,0.3333333333333333,サンプル不足,0.2370758674805992
v7,volume_ratio_20d,出来高比,当日出来高と20日平均出来高の比率,True,業種,パルプ・紙,1d,1営業日,1,2,2,-0.057112139180295694,-0.057112139180295694,0.0,サンプル不足,0.033997256433479964
v7,volume_ratio_20d,出来高比,当日出来高と20日平均出来高の比率,True,業種,パルプ・紙,1d,1営業日,2,3,3,-0.003444960859399974,-0.004222312288683305,0.3333333333333333,サンプル不足,0.033997256433479964
v7,volume_ratio_20d,出来高比,当日出来高と20日平均出来高の比率,True,業種,パルプ・紙,1d,1営業日,3,2,2,-0.006462725051242652,-0.006462725051242652,0.5,サンプル不足,0.033997256433479964
v7,volume_ratio_20d,出来高比,当日出来高と20日平均出来高の比率,True,業種,パルプ・紙,1d,1営業日,4,4,4,-0.019745858095555846,-0.012030929621117514,0.0,サンプル不足,0.033997256433479964
v7,volume_ratio_20d,出来高比,当日出来高と20日平均出来高の比率,True,業種,パルプ・紙,1d,1営業日,5,6,6,-0.023114882746815734,-0.029743891299716663,0.3333333333333333,サンプル不足,0.033997256433479964
v7,volume_ratio_20d,出来高比,当日出来高と20日平均出来高の比率,True,業種,パルプ・紙,3d,3営業日,1,2,2,-0.1160692178089715,-0.1160692178089715,0.0,サンプル不足,0.07956540340848633
v7,volume_ratio_20d,出来高比,当日出来高と20日平均出来高の比率,True,業種,パルプ・紙,3d,3営業日,2,3,3,0.018774239569859536,0.01587665393368831,0.6666666666666666,サンプル不足,0.07956540340848633
v7,volume_ratio_20d,出来高比,当日出来高と20日平均出来高の比率,True,業種,パルプ・紙,3d,3営業日,3,2,2,-0.04172117402304747,-0.04172117402304747,0.5,サンプル不足,0.07956540340848633
v7,volume_ratio_20d,出来高比,当日出来高と20日平均出来高の比率,True,業種,パルプ・紙,3d,3営業日,4,4,4,-0.022102886765454105,-0.02182242023107639,0.25,サンプル不足,0.07956540340848633
v7,volume_ratio_20d,出来高比,当日出来高と20日平均出来高の比率,True,業種,パルプ・紙,3d,3営業日,5,6,5,-0.03650381440048517,-0.0479115479115479,0.2,サンプル不足,0.07956540340848633
v7,volume_ratio_20d,出来高比,当日出来高と20日平均出来高の比率,True,業種,パルプ・紙,5d,5営業日,1,2,2,-0.16248359381545022,-0.16248359381545022,0.0,サンプル不足,0.1348945397161903
v7,volume_ratio_20d,出来高比,当日出来高と20日平均出来高の比率,True,業種,パルプ・紙,5d,5営業日,2,3,3,0.02111697660607233,0.027036354889514946,0.6666666666666666,サンプル不足,0.1348945397161903
v7,volume_ratio_20d,出来高比,当日出来高と20日平均出来高の比率,True,業種,パルプ・紙,5d,5営業日,3,2,1,-0.0197368421052631,-0.0197368421052631,0.0,サンプル不足,0.1348945397161903
v7,volume_ratio_20d,出来高比,当日出来高と20日平均出来高の比率,True,業種,パルプ・紙,5d,5営業日,4,4,3,-0.01777776797744668,0.0069334356737102976,0.6666666666666666,サンプル不足,0.1348945397161903
v7,volume_ratio_20d,出来高比,当日出来高と20日平均出来高の比率,True,業種,パルプ・紙,5d,5営業日,5,6,4,-0.027589054099259894,-0.026132572644200575,0.5,サンプル不足,0.1348945397161903
v7,volume_ratio_20d,出来高比,当日出来高と20日平均出来高の比率,True,業種,不動産業,10d,10営業日,1,12,4,-0.027573611187991065,-0.031029185867895492,0.5,サンプル不足,0.015003498372040291
v7,volume_ratio_20d,出来高比,当日出来高と20日平均出来高の比率,True,業種,不動産業,10d,10営業日,2,5,5,-0.06111302624578498,-0.09090909090909094,0.2,サンプル不足,0.015003498372040291
v7,volume_ratio_20d,出来高比,当日出来高と20日平均出来高の比率,True,業種,不動産業,10d,10営業日,3,8,5,-0.0025429356244075054,0.0014492753623187582,0.6,サンプル不足,0.015003498372040291
v7,volume_ratio_20d,出来高比,当日出来高と20日平均出来高の比率,True,業種,不動産業,10d,10営業日,4,7,3,0.0034135820434472532,-0.002790178571428603,0.3333333333333333,サンプル不足,0.015003498372040291
v7,volume_ratio_20d,出来高比,当日出来高と20日平均出来高の比率,True,業種,不動産業,10d,10営業日,5,23,18,-0.012570112815950774,-0.007956638903015699,0.3888888888888889,サンプル不足,0.015003498372040291
v7,volume_ratio_20d,出来高比,当日出来高と20日平均出来高の比率,True,業種,不動産業,1d,1営業日,1,12,11,-0.0011236850602378051,0.0,0.45454545454545453,サンプル不足,0.004937881064647454
v7,volume_ratio_20d,出来高比,当日出来高と20日平均出来高の比率,True,業種,不動産業,1d,1営業日,2,5,5,-0.03350188185082659,-0.03338762214983715,0.0,サンプル不足,0.004937881064647454
v7,volume_ratio_20d,出来高比,当日出来高と20日平均出来高の比率,True,業種,不動産業,1d,1営業日,3,8,8,-0.02257616088259526,-0.021047244739212267,0.25,サンプル不足,0.004937881064647454
v7,volume_ratio_20d,出来高比,当日出来高と20日平均出来高の比率,True,業種,不動産業,1d,1営業日,4,7,7,-0.025788121137553528,-0.0267857142857143,0.14285714285714285,サンプル不足,0.004937881064647454
v7,volume_ratio_20d,出来高比,当日出来高と20日平均出来高の比率,True,業種,不動産業,1d,1営業日,5,23,22,0.003814196004409649,-0.0027053387976812083,0.4090909090909091,サンプル不足,0.004937881064647454
v7,volume_ratio_20d,出来高比,当日出来高と20日平均出来高の比率,True,業種,不動産業,3d,3営業日,1,12,11,-0.011964705633483608,0.0,0.36363636363636365,サンプル不足,-0.006579485731997632
v7,volume_ratio_20d,出来高比,当日出来高と20日平均出来高の比率,True,業種,不動産業,3d,3営業日,2,5,5,-0.03175050464050132,-0.023615635179153105,0.2,サンプル不足,-0.006579485731997632
v7,volume_ratio_20d,出来高比,当日出来高と20日平均出来高の比率,True,業種,不動産業,3d,3営業日,3,8,7,-0.008073032283730781,-0.01834862385321101,0.2857142857142857,サンプル不足,-0.006579485731997632
v7,volume_ratio_20d,出来高比,当日出来高と20日平均出来高の比率,True,業種,不動産業,3d,3営業日,4,7,7,-0.052499187732744854,-0.03033586132177679,0.14285714285714285,サンプル不足,-0.006579485731997632
v7,volume_ratio_20d,出来高比,当日出来高と20日平均出来高の比率,True,業種,不動産業,3d,3営業日,5,23,22,-0.01854419136548124,-0.004678302031607535,0.2727272727272727,サンプル不足,-0.006579485731997632
v7,volume_ratio_20d,出来高比,当日出来高と20日平均出来高の比率,True,業種,不動産業,5d,5営業日,1,12,7,-0.025131661459127534,-0.01382488479262678,0.2857142857142857,サンプル不足,0.017862324541988276
v7,volume_ratio_20d,出来高比,当日出来高と20日平均出来高の比率,True,業種,不動産業,5d,5営業日,2,5,5,-0.02113270184770449,-0.0019521717911176184,0.2,サンプル不足,0.017862324541988276
v7,volume_ratio_20d,出来高比,当日出来高と20日平均出来高の比率,True,業種,不動産業,5d,5営業日,3,8,6,-0.015342409241910104,-0.002792106771473013,0.5,サンプル不足,0.017862324541988276
v7,volume_ratio_20d,出来高比,当日出来高と20日平均出来高の比率,True,業種,不動産業,5d,5営業日,4,7,6,-0.024081267054276528,-0.011100180357435652,0.16666666666666666,サンプル不足,0.017862324541988276
v7,volume_ratio_20d,出来高比,当日出来高と20日平均出来高の比率,True,業種,不動産業,5d,5営業日,5,23,21,-0.007269336917139258,-0.0126782884310617,0.38095238095238093,サンプル不足,0.017862324541988276
v7,volume_ratio_20d,出来高比,当日出来高と20日平均出来高の比率,True,業種,保険業,10d,10営業日,1,47,27,0.005528857547770479,0.0010663822980538917,0.5185185185185185,サンプル不足,0.06014554946074509
v7,volume_ratio_20d,出来高比,当日出来高と20日平均出来高の比率,True,業種,保険業,10d,10営業日,2,23,21,0.017945712104275507,0.01573033707865168,0.7142857142857143,サンプル不足,0.06014554946074509
v7,volume_ratio_20d,出来高比,当日出来高と20日平均出来高の比率,True,業種,保険業,10d,10営業日,3,16,15,0.019715952382443985,0.011849287711356737,0.8,サンプル不足,0.06014554946074509
v7,volume_ratio_20d,出来高比,当日出来高と20日平均出来高の比率,True,業種,保険業,10d,10営業日,4,4,4,0.06567440700851557,0.0649412710582924,1.0,サンプル不足,0.06014554946074509
v7,volume_ratio_20d,出来高比,当日出来高と20日平均出来高の比率,True,業種,保険業,1d,1営業日,1,47,47,-0.0004126475295722159,-0.001091835496785154,0.48936170212765956,評価可能,0.010752975930322465
v7,volume_ratio_20d,出来高比,当日出来高と20日平均出来高の比率,True,業種,保険業,1d,1営業日,2,23,23,-0.0009125701182341003,0.007240081088908168,0.5652173913043478,サンプル不足,0.010752975930322465
v7,volume_ratio_20d,出来高比,当日出来高と20日平均出来高の比率,True,業種,保険業,1d,1営業日,3,16,16,-0.002473639126585908,0.001169464942681997,0.5625,サンプル不足,0.010752975930322465
v7,volume_ratio_20d,出来高比,当日出来高と20日平均出来高の比率,True,業種,保険業,1d,1営業日,4,4,4,0.010340328400750248,0.015833971685533466,0.75,サンプル不足,0.010752975930322465
v7,volume_ratio_20d,出来高比,当日出来高と20日平均出来高の比率,True,業種,保険業,3d,3営業日,1,47,45,-0.009161771919432963,-0.004973917263132344,0.4222222222222222,評価可能,0.03326155236976594
v7,volume_ratio_20d,出来高比,当日出来高と20日平均出来高の比率,True,業種,保険業,3d,3営業日,2,23,23,0.0036169293359773675,0.012358946802794257,0.5652173913043478,サンプル不足,0.03326155236976594
v7,volume_ratio_20d,出来高比,当日出来高と20日平均出来高の比率,True,業種,保険業,3d,3営業日,3,16,16,0.014896125664802778,0.021580595041778006,0.75,サンプル不足,0.03326155236976594
v7,volume_ratio_20d,出来高比,当日出来高と20日平均出来高の比率,True,業種,保険業,3d,3営業日,4,4,4,0.02409978045033298,0.024584218948499936,0.75,サンプル不足,0.03326155236976594
v7,volume_ratio_20d,出来高比,当日出来高と20日平均出来高の比率,True,業種,保険業,5d,5営業日,1,47,43,-0.009137769634598334,-0.011621900826446319,0.46511627906976744,評価可能,0.06306120506196755
v7,volume_ratio_20d,出来高比,当日出来高と20日平均出来高の比率,True,業種,保険業,5d,5営業日,2,23,22,0.003143351240602524,0.0032799172159505563,0.5454545454545454,サンプル不足,0.06306120506196755
v7,volume_ratio_20d,出来高比,当日出来高と20日平均出来高の比率,True,業種,保険業,5d,5営業日,3,16,16,0.014818266675539427,-0.0023212134232553083,0.4375,サンプル不足,0.06306120506196755
v7,volume_ratio_20d,出来高比,当日出来高と20日平均出来高の比率,True,業種,保険業,5d,5営業日,4,4,4,0.053923435427369215,0.0531162965406039,1.0,サンプル不足,0.06306120506196755
v7,volume_ratio_20d,出来高比,当日出来高と20日平均出来高の比率,True,業種,倉庫・運輸関連業,10d,10営業日,1,1,1,0.0066857688634192,0.0066857688634192,1.0,サンプル不足,0.0423656339214326
v7,volume_ratio_20d,出来高比,当日出来高と20日平均出来高の比率,True,業種,倉庫・運輸関連業,10d,10営業日,3,3,1,-0.12645422357106728,-0.12645422357106728,0.0,サンプル不足,0.0423656339214326
v7,volume_ratio_20d,出来高比,当日出来高と20日平均出来高の比率,True,業種,倉庫・運輸関連業,10d,10営業日,4,5,5,-0.0014159270045926626,-0.0114848236259228,0.4,サンプル不足,0.0423656339214326
v7,volume_ratio_20d,出来高比,当日出来高と20日平均出来高の比率,True,業種,倉庫・運輸関連業,10d,10営業日,5,10,9,0.049051402784851796,-0.0023291925465838137,0.4444444444444444,サンプル不足,0.0423656339214326
v7,volume_ratio_20d,出来高比,当日出来高と20日平均出来高の比率,True,業種,倉庫・運輸関連業,1d,1営業日,1,1,1,0.0248328557784145,0.0248328557784145,1.0,サンプル不足,-0.03164468565158061
v7,volume_ratio_20d,出来高比,当日出来高と20日平均出来高の比率,True,業種,倉庫・運輸関連業,1d,1営業日,3,3,3,0.0051158430250941205,0.01365705614567525,0.6666666666666666,サンプル不足,-0.03164468565158061
v7,volume_ratio_20d,出来高比,当日出来高と20日平均出来高の比率,True,業種,倉庫・運輸関連業,1d,1営業日,4,5,5,-0.031695056504888276,-0.012445550715619147,0.2,サンプル不足,-0.03164468565158061
v7,volume_ratio_20d,出来高比,当日出来高と20日平均出来高の比率,True,業種,倉庫・運輸関連業,1d,1営業日,5,10,10,-0.006811829873166109,-0.0029114906832298226,0.2,サンプル不足,-0.03164468565158061
v7,volume_ratio_20d,出来高比,当日出来高と20日平均出来高の比率,True,業種,倉庫・運輸関連業,3d,3営業日,1,1,1,0.0028653295128939,0.0028653295128939,1.0,サンプル不足,-0.0005620923590315867
v7,volume_ratio_20d,出来高比,当日出来高と20日平均出来高の比率,True,業種,倉庫・運輸関連業,3d,3営業日,3,3,2,0.03860960395046953,0.03860960395046953,1.0,サンプル不足,-0.0005620923590315867
v7,volume_ratio_20d,出来高比,当日出来高と20日平均出来高の比率,True,業種,倉庫・運輸関連業,3d,3営業日,4,5,5,-0.029068687422142903,-0.013067828251400071,0.2,サンプル不足,-0.0005620923590315867
v7,volume_ratio_20d,出来高比,当日出来高と20日平均出来高の比率,True,業種,倉庫・運輸関連業,3d,3営業日,5,10,9,0.002303237153862313,-0.0059857115273218575,0.3333333333333333,サンプル不足,-0.0005620923590315867
v7,volume_ratio_20d,出来高比,当日出来高と20日平均出来高の比率,True,業種,倉庫・運輸関連業,5d,5営業日,1,1,1,0.0114613180515759,0.0114613180515759,1.0,サンプル不足,-0.004827332167473818
v7,volume_ratio_20d,出来高比,当日出来高と20日平均出来高の比率,True,業種,倉庫・運輸関連業,5d,5営業日,3,3,2,0.06372868049761504,0.06372868049761504,1.0,サンプル不足,-0.004827332167473818
v7,volume_ratio_20d,出来高比,当日出来高と20日平均出来高の比率,True,業種,倉庫・運輸関連業,5d,5営業日,4,5,5,-0.03964289815712503,-0.013690105787181106,0.2,サンプル不足,-0.004827332167473818
v7,volume_ratio_20d,出来高比,当日出来高と20日平均出来高の比率,True,業種,倉庫・運輸関連業,5d,5営業日,5,10,9,0.006633985884102082,-0.008823529411764675,0.4444444444444444,サンプル不足,-0.004827332167473818
v7,volume_ratio_20d,出来高比,当日出来高と20日平均出来高の比率,True,業種,化学,10d,10営業日,1,45,39,-0.06611495667003463,-0.058318809491888945,0.3333333333333333,評価可能,-0.0031148441705549645
v7,volume_ratio_20d,出来高比,当日出来高と20日平均出来高の比率,True,業種,化学,10d,10営業日,2,62,48,-0.022420280591454043,0.000703967145731621,0.5,評価可能,-0.0031148441705549645
v7,volume_ratio_20d,出来高比,当日出来高と20日平均出来高の比率,True,業種,化学,10d,10営業日,3,42,28,-0.02826586238868606,-0.008246598362877425,0.4642857142857143,サンプル不足,-0.0031148441705549645
v7,volume_ratio_20d,出来高比,当日出来高と20日平均出来高の比率,True,業種,化学,10d,10営業日,4,65,41,-0.021932580798467254,-0.0031237267418171566,0.4634146341463415,評価可能,-0.0031148441705549645
v7,volume_ratio_20d,出来高比,当日出来高と20日平均出来高の比率,True,業種,化学,10d,10営業日,5,54,30,-0.06922980084058959,-0.039095171239906676,0.16666666666666666,評価可能,-0.0031148441705549645
v7,volume_ratio_20d,出来高比,当日出来高と20日平均出来高の比率,True,業種,化学,1d,1営業日,1,45,45,-0.011845405996709125,-0.011251004553977983,0.35555555555555557,評価可能,0.012455626081425667
v7,volume_ratio_20d,出来高比,当日出来高と20日平均出来高の比率,True,業種,化学,1d,1営業日,2,62,59,-0.00561097534163932,-0.004745951982132901,0.3728813559322034,評価可能,0.012455626081425667
v7,volume_ratio_20d,出来高比,当日出来高と20日平均出来高の比率,True,業種,化学,1d,1営業日,3,42,39,-0.0045126613418039535,-0.0013274336283185528,0.46153846153846156,評価可能,0.012455626081425667
v7,volume_ratio_20d,出来高比,当日出来高と20日平均出来高の比率,True,業種,化学,1d,1営業日,4,65,61,-0.0016103588291179526,-0.004862236628849326,0.4098360655737705,評価可能,0.012455626081425667
v7,volume_ratio_20d,出来高比,当日出来高と20日平均出来高の比率,True,業種,化学,1d,1営業日,5,54,49,0.0006102200847165425,-0.004486540378863424,0.4489795918367347,評価可能,0.012455626081425667
v7,volume_ratio_20d,出来高比,当日出来高と20日平均出来高の比率,True,業種,化学,3d,3営業日,1,45,43,-0.02365005384043359,-0.022364217252396124,0.2558139534883721,評価可能,0.018865713054730983
v7,volume_ratio_20d,出来高比,当日出来高と20日平均出来高の比率,True,業種,化学,3d,3営業日,2,62,56,-0.012263219659705279,-0.004539041354465978,0.4642857142857143,評価可能,0.018865713054730983
v7,volume_ratio_20d,出来高比,当日出来高と20日平均出来高の比率,True,業種,化学,3d,3営業日,3,42,37,-0.020607897484124556,-0.012979839823253236,0.43243243243243246,評価可能,0.018865713054730983
v7,volume_ratio_20d,出来高比,当日出来高と20日平均出来高の比率,True,業種,化学,3d,3営業日,4,65,54,-0.0050338166861361375,-0.01252046663937778,0.3888888888888889,評価可能,0.018865713054730983
v7,volume_ratio_20d,出来高比,当日出来高と20日平均出来高の比率,True,業種,化学,3d,3営業日,5,54,40,-0.0047843407857026095,-0.01700971983990851,0.4,評価可能,0.018865713054730983
v7,volume_ratio_20d,出来高比,当日出来高と20日平均出来高の比率,True,業種,化学,5d,5営業日,1,45,43,-0.03172794154409129,-0.01625799573560771,0.27906976744186046,評価可能,0.008835881644666407
v7,volume_ratio_20d,出来高比,当日出来高と20日平均出来高の比率,True,業種,化学,5d,5営業日,2,62,53,-0.006788608554367409,0.0005485463521668343,0.5094339622641509,評価可能,0.008835881644666407
v7,volume_ratio_20d,出来高比,当日出来高と20日平均出来高の比率,True,業種,化学,5d,5営業日,3,42,31,-0.031060835641761136,-0.024498886414253906,0.3548387096774194,評価可能,0.008835881644666407
v7,volume_ratio_20d,出来高比,当日出来高と20日平均出来高の比率,True,業種,化学,5d,5営業日,4,65,48,-0.003949011457366396,-0.008409655539562643,0.4583333333333333,評価可能,0.008835881644666407
v7,volume_ratio_20d,出来高比,当日出来高と20日平均出来高の比率,True,業種,化学,5d,5営業日,5,54,39,-0.02289205989942488,-0.0175276752767528,0.38461538461538464,評価可能,0.008835881644666407
v7,volume_ratio_20d,出来高比,当日出来高と20日平均出来高の比率,True,業種,医薬品,10d,10営業日,1,4,2,-0.07737254668492384,-0.07737254668492384,0.0,サンプル不足,-0.019065589344379477
v7,volume_ratio_20d,出来高比,当日出来高と20日平均出来高の比率,True,業種,医薬品,10d,10営業日,2,16,10,-0.0543794570562922,-0.01613024958127418,0.4,サンプル不足,-0.019065589344379477
v7,volume_ratio_20d,出来高比,当日出来高と20日平均出来高の比率,True,業種,医薬品,10d,10営業日,3,6,4,0.010666208687701795,-0.007973125454328489,0.5,サンプル不足,-0.019065589344379477
v7,volume_ratio_20d,出来高比,当日出来高と20日平均出来高の比率,True,業種,医薬品,10d,10営業日,4,3,2,-0.01086240405013883,-0.01086240405013883,0.5,サンプル不足,-0.019065589344379477
v7,volume_ratio_20d,出来高比,当日出来高と20日平均出来高の比率,True,業種,医薬品,10d,10営業日,5,6,5,-0.09643813602930332,-0.0354330708661417,0.2,サンプル不足,-0.019065589344379477
v7,volume_ratio_20d,出来高比,当日出来高と20日平均出来高の比率,True,業種,医薬品,1d,1営業日,1,4,4,0.006418712258294282,0.009577961876586522,0.75,サンプル不足,-0.06502068393304841
v7,volume_ratio_20d,出来高比,当日出来高と20日平均出来高の比率,True,業種,医薬品,1d,1営業日,2,16,16,-0.03573970335868509,-0.007845157988923213,0.25,サンプル不足,-0.06502068393304841
v7,volume_ratio_20d,出来高比,当日出来高と20日平均出来高の比率,True,業種,医薬品,1d,1営業日,3,6,6,0.003656893350276913,-0.006145104306349014,0.3333333333333333,サンプル不足,-0.06502068393304841
v7,volume_ratio_20d,出来高比,当日出来高と20日平均出来高の比率,True,業種,医薬品,1d,1営業日,4,3,3,-0.016181693136185078,-0.019045891529112957,0.0,サンプル不足,-0.06502068393304841
v7,volume_ratio_20d,出来高比,当日出来高と20日平均出来高の比率,True,業種,医薬品,1d,1営業日,5,6,6,-0.05860197167475414,-0.0387364812471942,0.16666666666666666,サンプル不足,-0.06502068393304841
v7,volume_ratio_20d,出来高比,当日出来高と20日平均出来高の比率,True,業種,医薬品,3d,3営業日,1,4,3,-0.026294163049708056,-0.04021587743732591,0.3333333333333333,サンプル不足,-0.04039527818691094
v7,volume_ratio_20d,出来高比,当日出来高と20日平均出来高の比率,True,業種,医薬品,3d,3営業日,2,16,15,-0.056633739537733985,-0.021569693674098223,0.3333333333333333,サンプル不足,-0.04039527818691094
v7,volume_ratio_20d,出来高比,当日出来高と20日平均出来高の比率,True,業種,医薬品,3d,3営業日,3,6,6,-0.0013838966350875521,0.0028049743749885003,0.5,サンプル不足,-0.04039527818691094
v7,volume_ratio_20d,出来高比,当日出来高と20日平均出来高の比率,True,業種,医薬品,3d,3営業日,4,3,3,-0.010741670123244377,-0.006899525657611094,0.3333333333333333,サンプル不足,-0.04039527818691094
v7,volume_ratio_20d,出来高比,当日出来高と20日平均出来高の比率,True,業種,医薬品,3d,3営業日,5,6,5,-0.06668944123661899,-0.0512820512820513,0.2,サンプル不足,-0.04039527818691094
v7,volume_ratio_20d,出来高比,当日出来高と20日平均出来高の比率,True,業種,医薬品,5d,5営業日,1,4,3,-0.07015685510864218,-0.07973537604456826,0.0,サンプル不足,-0.040836617493051744
v7,volume_ratio_20d,出来高比,当日出来高と20日平均出来高の比率,True,業種,医薬品,5d,5営業日,2,16,15,-0.054020206418421625,-0.0360703280768534,0.26666666666666666,サンプル不足,-0.040836617493051744
v7,volume_ratio_20d,出来高比,当日出来高と20日平均出来高の比率,True,業種,医薬品,5d,5営業日,3,6,6,0.007897978848511752,0.019897704056119903,0.6666666666666666,サンプル不足,-0.040836617493051744
v7,volume_ratio_20d,出来高比,当日出来高と20日平均出来高の比率,True,業種,医薬品,5d,5営業日,4,3,3,0.00850012233913037,0.0048975149646290905,0.6666666666666666,サンプル不足,-0.040836617493051744
v7,volume_ratio_20d,出来高比,当日出来高と20日平均出来高の比率,True,業種,医薬品,5d,5営業日,5,6,5,-0.11099347260169393,-0.0712401055408971,0.0,サンプル不足,-0.040836617493051744
v7,volume_ratio_20d,出来高比,当日出来高と20日平均出来高の比率,True,業種,卸売業,10d,10営業日,1,38,26,0.04785169617844024,0.07048490424589379,0.6923076923076923,サンプル不足,-0.07466900172540893
v7,volume_ratio_20d,出来高比,当日出来高と20日平均出来高の比率,True,業種,卸売業,10d,10営業日,2,20,14,0.008886372755049412,0.004262095498139154,0.5714285714285714,サンプル不足,-0.07466900172540893
v7,volume_ratio_20d,出来高比,当日出来高と20日平均出来高の比率,True,業種,卸売業,10d,10営業日,3,32,12,-0.025890408721329583,-0.018792537313432875,0.4166666666666667,サンプル不足,-0.07466900172540893
v7,volume_ratio_20d,出来高比,当日出来高と20日平均出来高の比率,True,業種,卸売業,10d,10営業日,4,44,22,-0.022877559928646082,-0.022505335704757656,0.22727272727272727,サンプル不足,-0.07466900172540893
v7,volume_ratio_20d,出来高比,当日出来高と20日平均出来高の比率,True,業種,卸売業,10d,10営業日,5,62,35,-0.02681730554696869,-0.012219959266802416,0.4,評価可能,-0.07466900172540893
v7,volume_ratio_20d,出来高比,当日出来高と20日平均出来高の比率,True,業種,卸売業,1d,1営業日,1,38,35,0.02303040027271647,0.011914217633042012,0.6285714285714286,評価可能,-0.026398623918700532
v7,volume_ratio_20d,出来高比,当日出来高と20日平均出来高の比率,True,業種,卸売業,1d,1営業日,2,20,18,-0.004780781397920482,-0.00303175032001185,0.3888888888888889,サンプル不足,-0.026398623918700532
v7,volume_ratio_20d,出来高比,当日出来高と20日平均出来高の比率,True,業種,卸売業,1d,1営業日,3,32,30,0.014510621199475356,0.004508530639538253,0.5333333333333333,評価可能,-0.026398623918700532
v7,volume_ratio_20d,出来高比,当日出来高と20日平均出来高の比率,True,業種,卸売業,1d,1営業日,4,44,39,0.004824496736516222,-0.001064395955295394,0.46153846153846156,評価可能,-0.026398623918700532
v7,volume_ratio_20d,出来高比,当日出来高と20日平均出来高の比率,True,業種,卸売業,1d,1営業日,5,62,62,-0.00336822364598406,-0.0014092205071654096,0.45161290322580644,評価可能,-0.026398623918700532
v7,volume_ratio_20d,出来高比,当日出来高と20日平均出来高の比率,True,業種,卸売業,3d,3営業日,1,38,34,0.03778399477247839,0.0075664678668969,0.5882352941176471,評価可能,-0.04217522506680348
v7,volume_ratio_20d,出来高比,当日出来高と20日平均出来高の比率,True,業種,卸売業,3d,3営業日,2,20,18,-0.012461452632029864,-0.018878373952483096,0.3888888888888889,サンプル不足,-0.04217522506680348
v7,volume_ratio_20d,出来高比,当日出来高と20日平均出来高の比率,True,業種,卸売業,3d,3営業日,3,32,24,-0.002681385205545938,-0.008473185731857347,0.4166666666666667,サンプル不足,-0.04217522506680348
v7,volume_ratio_20d,出来高比,当日出来高と20日平均出来高の比率,True,業種,卸売業,3d,3営業日,4,44,33,-0.0077196743407634645,-0.00838788870703766,0.42424242424242425,評価可能,-0.04217522506680348
v7,volume_ratio_20d,出来高比,当日出来高と20日平均出来高の比率,True,業種,卸売業,3d,3営業日,5,62,57,-0.004391230294325098,-0.004073319755600768,0.45614035087719296,評価可能,-0.04217522506680348
v7,volume_ratio_20d,出来高比,当日出来高と20日平均出来高の比率,True,業種,卸売業,5d,5営業日,1,38,31,0.04023150294523575,0.03403902034039019,0.6129032258064516,評価可能,-0.054732394932266344
v7,volume_ratio_20d,出来高比,当日出来高と20日平均出来高の比率,True,業種,卸売業,5d,5営業日,2,20,18,-0.002916285925403843,-0.010761414480469892,0.3888888888888889,サンプル不足,-0.054732394932266344
v7,volume_ratio_20d,出来高比,当日出来高と20日平均出来高の比率,True,業種,卸売業,5d,5営業日,3,32,18,0.001884656520326467,-0.0031847221457288665,0.3888888888888889,サンプル不足,-0.054732394932266344
v7,volume_ratio_20d,出来高比,当日出来高と20日平均出来高の比率,True,業種,卸売業,5d,5営業日,4,44,27,-0.008570798067065356,-0.0089865202196705,0.4444444444444444,サンプル不足,-0.054732394932266344
v7,volume_ratio_20d,出来高比,当日出来高と20日平均出来高の比率,True,業種,卸売業,5d,5営業日,5,62,49,-0.01450089198703059,-0.010913500404203691,0.42857142857142855,評価可能,-0.054732394932266344
v7,volume_ratio_20d,出来高比,当日出来高と20日平均出来高の比率,True,業種,小売業,10d,10営業日,1,37,26,0.0024005167987781067,0.02105596499309069,0.5384615384615384,サンプル不足,0.009795548005611426
v7,volume_ratio_20d,出来高比,当日出来高と20日平均出来高の比率,True,業種,小売業,10d,10営業日,2,30,19,-0.034435834925314185,-0.04875717017208414,0.3157894736842105,サンプル不足,0.009795548005611426
v7,volume_ratio_20d,出来高比,当日出来高と20日平均出来高の比率,True,業種,小売業,10d,10営業日,3,47,34,0.034443468701076174,0.02963263153272573,0.5882352941176471,評価可能,0.009795548005611426
v7,volume_ratio_20d,出来高比,当日出来高と20日平均出来高の比率,True,業種,小売業,10d,10営業日,4,57,46,0.024195893242083998,0.013770408719087964,0.6521739130434783,評価可能,0.009795548005611426
v7,volume_ratio_20d,出来高比,当日出来高と20日平均出来高の比率,True,業種,小売業,10d,10営業日,5,52,42,0.012196064804389532,0.0011567416348405501,0.5,評価可能,0.009795548005611426
v7,volume_ratio_20d,出来高比,当日出来高と20日平均出来高の比率,True,業種,小売業,1d,1営業日,1,37,37,0.002703061420691188,-0.0011856770215793455,0.40540540540540543,評価可能,-0.00499519218682172
v7,volume_ratio_20d,出来高比,当日出来高と20日平均出来高の比率,True,業種,小売業,1d,1営業日,2,30,30,0.0027917751526776178,0.002313488075664283,0.5,評価可能,-0.00499519218682172
v7,volume_ratio_20d,出来高比,当日出来高と20日平均出来高の比率,True,業種,小売業,1d,1営業日,3,47,45,0.005028151911729635,0.0013477088948787852,0.5333333333333333,評価可能,-0.00499519218682172
v7,volume_ratio_20d,出来高比,当日出来高と20日平均出来高の比率,True,業種,小売業,1d,1営業日,4,57,56,-0.0005833612479718561,-0.002695692847171691,0.39285714285714285,評価可能,-0.00499519218682172
v7,volume_ratio_20d,出来高比,当日出来高と20日平均出来高の比率,True,業種,小売業,1d,1営業日,5,52,51,-0.0022921307661305326,-0.00648298217179899,0.4117647058823529,評価可能,-0.00499519218682172
v7,volume_ratio_20d,出来高比,当日出来高と20日平均出来高の比率,True,業種,小売業,3d,3営業日,1,37,35,-0.0025061548387345332,-0.004728132387706863,0.42857142857142855,評価可能,0.0024432526360117566
v7,volume_ratio_20d,出来高比,当日出来高と20日平均出来高の比率,True,業種,小売業,3d,3営業日,2,30,28,0.0025052581480152496,-0.004806934594168561,0.4642857142857143,サンプル不足,0.0024432526360117566
v7,volume_ratio_20d,出来高比,当日出来高と20日平均出来高の比率,True,業種,小売業,3d,3営業日,3,47,43,0.016478647629285827,0.015288394718554477,0.5581395348837209,評価可能,0.0024432526360117566
v7,volume_ratio_20d,出来高比,当日出来高と20日平均出来高の比率,True,業種,小売業,3d,3営業日,4,57,56,0.004969507933645878,0.001974500569214878,0.5178571428571429,評価可能,0.0024432526360117566
v7,volume_ratio_20d,出来高比,当日出来高と20日平均出来高の比率,True,業種,小売業,3d,3営業日,5,52,50,-6.290220272277658e-05,-0.0032595727783802726,0.48,評価可能,0.0024432526360117566
v7,volume_ratio_20d,出来高比,当日出来高と20日平均出来高の比率,True,業種,小売業,5d,5営業日,1,37,34,0.004970330331548656,0.0,0.47058823529411764,評価可能,0.0064398636252993606
v7,volume_ratio_20d,出来高比,当日出来高と20日平均出来高の比率,True,業種,小売業,5d,5営業日,2,30,26,-0.026150229979809262,-0.011744687076932048,0.3076923076923077,サンプル不足,0.0064398636252993606
v7,volume_ratio_20d,出来高比,当日出来高と20日平均出来高の比率,True,業種,小売業,5d,5営業日,3,47,42,0.019734906747510557,0.01605202286911352,0.5476190476190477,評価可能,0.0064398636252993606
v7,volume_ratio_20d,出来高比,当日出来高と20日平均出来高の比率,True,業種,小売業,5d,5営業日,4,57,56,0.004829227276592421,0.004820775443138525,0.5714285714285714,評価可能,0.0064398636252993606
v7,volume_ratio_20d,出来高比,当日出来高と20日平均出来高の比率,True,業種,小売業,5d,5営業日,5,52,48,0.011410193956848017,0.01224446843323765,0.5416666666666666,評価可能,0.0064398636252993606
v7,volume_ratio_20d,出来高比,当日出来高と20日平均出来高の比率,True,業種,建設業,10d,10営業日,1,7,4,-0.01176863896883239,-0.007820101187001306,0.25,サンプル不足,-0.06292231506184677
v7,volume_ratio_20d,出来高比,当日出来高と20日平均出来高の比率,True,業種,建設業,10d,10営業日,2,4,4,-0.05396492438563326,-0.05051984877126655,0.0,サンプル不足,-0.06292231506184677
v7,volume_ratio_20d,出来高比,当日出来高と20日平均出来高の比率,True,業種,建設業,10d,10営業日,3,10,7,-0.03088555106379165,-0.022436459246275242,0.2857142857142857,サンプル不足,-0.06292231506184677
v7,volume_ratio_20d,出来高比,当日出来高と20日平均出来高の比率,True,業種,建設業,10d,10営業日,4,13,10,-0.05419523180900826,-0.06556326606577864,0.2,サンプル不足,-0.06292231506184677
v7,volume_ratio_20d,出来高比,当日出来高と20日平均出来高の比率,True,業種,建設業,10d,10営業日,5,25,20,-0.07469095403067916,-0.03598659583500538,0.25,サンプル不足,-0.06292231506184677
v7,volume_ratio_20d,出来高比,当日出来高と20日平均出来高の比率,True,業種,建設業,1d,1営業日,1,7,7,-0.007671642943341243,0.0,0.42857142857142855,サンプル不足,-0.020291270610776145
v7,volume_ratio_20d,出来高比,当日出来高と20日平均出来高の比率,True,業種,建設業,1d,1営業日,2,4,4,-0.017108140205729983,-0.01626822846340805,0.0,サンプル不足,-0.020291270610776145
v7,volume_ratio_20d,出来高比,当日出来高と20日平均出来高の比率,True,業種,建設業,1d,1営業日,3,10,10,-0.013204594765936573,-0.008454011741682976,0.2,サンプル不足,-0.020291270610776145
v7,volume_ratio_20d,出来高比,当日出来高と20日平均出来高の比率,True,業種,建設業,1d,1営業日,4,13,13,-0.011640197076768702,-0.019047619047619,0.15384615384615385,サンプル不足,-0.020291270610776145
v7,volume_ratio_20d,出来高比,当日出来高と20日平均出来高の比率,True,業種,建設業,1d,1営業日,5,25,24,-0.027962913554117386,-0.018484938503876197,0.25,サンプル不足,-0.020291270610776145
v7,volume_ratio_20d,出来高比,当日出来高と20日平均出来高の比率,True,業種,建設業,3d,3営業日,1,7,6,-0.0005788210037358353,0.0044422076406607225,0.8333333333333334,サンプル不足,-0.03859892972229706
v7,volume_ratio_20d,出来高比,当日出来高と20日平均出来高の比率,True,業種,建設業,3d,3営業日,2,4,4,-0.04307136310444433,-0.05140246646862895,0.0,サンプル不足,-0.03859892972229706
v7,volume_ratio_20d,出来高比,当日出来高と20日平均出来高の比率,True,業種,建設業,3d,3営業日,3,10,9,-0.026658389936299518,-0.024530271398747416,0.4444444444444444,サンプル不足,-0.03859892972229706
v7,volume_ratio_20d,出来高比,当日出来高と20日平均出来高の比率,True,業種,建設業,3d,3営業日,4,13,12,-0.013744546313398326,-0.010787568409474941,0.25,サンプル不足,-0.03859892972229706
v7,volume_ratio_20d,出来高比,当日出来高と20日平均出来高の比率,True,業種,建設業,3d,3営業日,5,25,23,-0.0391777507260329,-0.0296765588529509,0.34782608695652173,サンプル不足,-0.03859892972229706
v7,volume_ratio_20d,出来高比,当日出来高と20日平均出来高の比率,True,業種,建設業,5d,5営業日,1,7,4,-0.01927758806772386,-0.02045572242361471,0.25,サンプル不足,-0.02099819696204383
v7,volume_ratio_20d,出来高比,当日出来高と20日平均出来高の比率,True,業種,建設業,5d,5営業日,2,4,4,-0.05633054178021093,-0.05226822641756475,0.0,サンプル不足,-0.02099819696204383
v7,volume_ratio_20d,出来高比,当日出来高と20日平均出来高の比率,True,業種,建設業,5d,5営業日,3,10,9,-0.024610767915780478,-0.009640666082383897,0.4444444444444444,サンプル不足,-0.02099819696204383
v7,volume_ratio_20d,出来高比,当日出来高と20日平均出来高の比率,True,業種,建設業,5d,5営業日,4,13,11,-0.014364454784083248,-0.015961341338409762,0.2727272727272727,サンプル不足,-0.02099819696204383
v7,volume_ratio_20d,出来高比,当日出来高と20日平均出来高の比率,True,業種,建設業,5d,5営業日,5,25,23,-0.04027578502976769,-0.021397485493230173,0.30434782608695654,サンプル不足,-0.02099819696204383
v7,volume_ratio_20d,出来高比,当日出来高と20日平均出来高の比率,True,業種,情報・通信業,10d,10営業日,1,94,57,-0.014175213088082048,0.0,0.49122807017543857,評価可能,0.008729714538809875
v7,volume_ratio_20d,出来高比,当日出来高と20日平均出来高の比率,True,業種,情報・通信業,10d,10営業日,2,89,57,0.018927652233458162,0.012922465208747624,0.631578947368421,評価可能,0.008729714538809875
v7,volume_ratio_20d,出来高比,当日出来高と20日平均出来高の比率,True,業種,情報・通信業,10d,10営業日,3,68,46,0.028675695965964594,0.0396777003484321,0.6086956521739131,評価可能,0.008729714538809875
v7,volume_ratio_20d,出来高比,当日出来高と20日平均出来高の比率,True,業種,情報・通信業,10d,10営業日,4,116,87,0.02746795704752083,0.017515274949083448,0.5862068965517241,評価可能,0.008729714538809875
v7,volume_ratio_20d,出来高比,当日出来高と20日平均出来高の比率,True,業種,情報・通信業,10d,10営業日,5,172,129,-0.005445498549272174,-0.01427525622254755,0.4186046511627907,評価可能,0.008729714538809875
v7,volume_ratio_20d,出来高比,当日出来高と20日平均出来高の比率,True,業種,情報・通信業,1d,1営業日,1,94,91,0.0008805982256726334,0.0010830324909747446,0.5164835164835165,評価可能,-0.0007177635346950404
v7,volume_ratio_20d,出来高比,当日出来高と20日平均出来高の比率,True,業種,情報・通信業,1d,1営業日,2,89,86,0.0035897449411159896,4.085471339246413e-05,0.5,評価可能,-0.0007177635346950404
v7,volume_ratio_20d,出来高比,当日出来高と20日平均出来高の比率,True,業種,情報・通信業,1d,1営業日,3,68,65,0.002272819783047306,0.0006562080545984283,0.5076923076923077,評価可能,-0.0007177635346950404
v7,volume_ratio_20d,出来高比,当日出来高と20日平均出来高の比率,True,業種,情報・通信業,1d,1営業日,4,116,116,-0.0018984278066632807,-0.0066307603528344625,0.41379310344827586,評価可能,-0.0007177635346950404
v7,volume_ratio_20d,出来高比,当日出来高と20日平均出来高の比率,True,業種,情報・通信業,1d,1営業日,5,172,169,0.00016283469097759295,-0.007281553398058249,0.378698224852071,評価可能,-0.0007177635346950404
v7,volume_ratio_20d,出来高比,当日出来高と20日平均出来高の比率,True,業種,情報・通信業,3d,3営業日,1,94,85,-0.011458861290906544,-0.0107914180313536,0.4470588235294118,評価可能,-0.0023054779493222165
v7,volume_ratio_20d,出来高比,当日出来高と20日平均出来高の比率,True,業種,情報・通信業,3d,3営業日,2,89,78,0.013957850179345236,0.004855350553511809,0.5769230769230769,評価可能,-0.0023054779493222165
v7,volume_ratio_20d,出来高比,当日出来高と20日平均出来高の比率,True,業種,情報・通信業,3d,3営業日,3,68,61,0.011726704576284728,0.0060085836909871,0.5409836065573771,評価可能,-0.0023054779493222165
v7,volume_ratio_20d,出来高比,当日出来高と20日平均出来高の比率,True,業種,情報・通信業,3d,3営業日,4,116,112,0.00799042792674771,-0.000889679715302516,0.49107142857142855,評価可能,-0.0023054779493222165
v7,volume_ratio_20d,出来高比,当日出来高と20日平均出来高の比率,True,業種,情報・通信業,3d,3営業日,5,172,165,-0.013764339240228761,-0.011508951406649648,0.36363636363636365,評価可能,-0.0023054779493222165
v7,volume_ratio_20d,出来高比,当日出来高と20日平均出来高の比率,True,業種,情報・通信業,5d,5営業日,1,94,76,-0.016616711102400022,-0.007328157236185406,0.42105263157894735,評価可能,-0.005350299924842008
v7,volume_ratio_20d,出来高比,当日出来高と20日平均出来高の比率,True,業種,情報・通信業,5d,5営業日,2,89,74,0.01586530840013487,0.004120514964102817,0.527027027027027,評価可能,-0.005350299924842008
v7,volume_ratio_20d,出来高比,当日出来高と20日平均出来高の比率,True,業種,情報・通信業,5d,5営業日,3,68,58,0.02955330792126666,0.014607202564456466,0.6551724137931034,評価可能,-0.005350299924842008
v7,volume_ratio_20d,出来高比,当日出来高と20日平均出来高の比率,True,業種,情報・通信業,5d,5営業日,4,116,104,0.015105403620992962,-0.0008833922261484162,0.4807692307692308,評価可能,-0.005350299924842008
v7,volume_ratio_20d,出来高比,当日出来高と20日平均出来高の比率,True,業種,情報・通信業,5d,5営業日,5,172,154,-0.02196701102724203,-0.015365937859608714,0.38311688311688313,評価可能,-0.005350299924842008
v7,volume_ratio_20d,出来高比,当日出来高と20日平均出来高の比率,True,業種,機械,10d,10営業日,1,26,21,-0.05805193165286324,-0.08269720101781175,0.2857142857142857,サンプル不足,0.02462919797644378
v7,volume_ratio_20d,出来高比,当日出来高と20日平均出来高の比率,True,業種,機械,10d,10営業日,2,32,26,-0.10794910869627185,-0.11707758053911894,0.11538461538461539,サンプル不足,0.02462919797644378
v7,volume_ratio_20d,出来高比,当日出来高と20日平均出来高の比率,True,業種,機械,10d,10営業日,3,53,41,-0.09923891653983914,-0.07190082644628104,0.07317073170731707,評価可能,0.02462919797644378
v7,volume_ratio_20d,出来高比,当日出来高と20日平均出来高の比率,True,業種,機械,10d,10営業日,4,52,43,-0.0881452699570708,-0.0673015873015873,0.13953488372093023,評価可能,0.02462919797644378
v7,volume_ratio_20d,出来高比,当日出来高と20日平均出来高の比率,True,業種,機械,10d,10営業日,5,42,29,-0.03342273367641946,-0.047887323943662,0.3103448275862069,サンプル不足,0.02462919797644378
v7,volume_ratio_20d,出来高比,当日出来高と20日平均出来高の比率,True,業種,機械,1d,1営業日,1,26,26,0.0046010811806009725,0.0013550135501354532,0.5,サンプル不足,0.004092623301245158
v7,volume_ratio_20d,出来高比,当日出来高と20日平均出来高の比率,True,業種,機械,1d,1営業日,2,32,31,-0.015297799706926766,-0.029562982005141403,0.2903225806451613,評価可能,0.004092623301245158
v7,volume_ratio_20d,出来高比,当日出来高と20日平均出来高の比率,True,業種,機械,1d,1営業日,3,53,51,-0.01391943824118095,-0.011173184357541888,0.37254901960784315,評価可能,0.004092623301245158
v7,volume_ratio_20d,出来高比,当日出来高と20日平均出来高の比率,True,業種,機械,1d,1営業日,4,52,51,-0.012030915241053394,-0.005109862033725,0.43137254901960786,評価可能,0.004092623301245158
v7,volume_ratio_20d,出来高比,当日出来高と20日平均出来高の比率,True,業種,機械,1d,1営業日,5,42,40,0.00869370448184613,0.00062501465072395,0.5,評価可能,0.004092623301245158
v7,volume_ratio_20d,出来高比,当日出来高と20日平均出来高の比率,True,業種,機械,3d,3営業日,1,26,25,-0.015620803242693038,-0.024812030075187952,0.36,サンプル不足,0.015104263409323769
v7,volume_ratio_20d,出来高比,当日出来高と20日平均出来高の比率,True,業種,機械,3d,3営業日,2,32,30,-0.033776656834098,-0.02259499890805855,0.3,評価可能,0.015104263409323769
v7,volume_ratio_20d,出来高比,当日出来高と20日平均出来高の比率,True,業種,機械,3d,3営業日,3,53,48,-0.03353723052622729,-0.02923147414305527,0.3125,評価可能,0.015104263409323769
v7,volume_ratio_20d,出来高比,当日出来高と20日平均出来高の比率,True,業種,機械,3d,3営業日,4,52,46,-0.04114591649509196,-0.03461685228368574,0.17391304347826086,評価可能,0.015104263409323769
v7,volume_ratio_20d,出来高比,当日出来高と20日平均出来高の比率,True,業種,機械,3d,3営業日,5,42,38,-0.0005165398333692699,-0.004381039644573259,0.42105263157894735,評価可能,0.015104263409323769
v7,volume_ratio_20d,出来高比,当日出来高と20日平均出来高の比率,True,業種,機械,5d,5営業日,1,26,23,-0.026278009913800113,-0.0350438047559449,0.391304347826087,サンプル不足,0.013953492757135536
v7,volume_ratio_20d,出来高比,当日出来高と20日平均出来高の比率,True,業種,機械,5d,5営業日,2,32,28,-0.07714651141893537,-0.0673952386251711,0.17857142857142858,サンプル不足,0.013953492757135536
v7,volume_ratio_20d,出来高比,当日出来高と20日平均出来高の比率,True,業種,機械,5d,5営業日,3,53,44,-0.06575336185558874,-0.07361175315419133,0.18181818181818182,評価可能,0.013953492757135536
v7,volume_ratio_20d,出来高比,当日出来高と20日平均出来高の比率,True,業種,機械,5d,5営業日,4,52,46,-0.06359290406322776,-0.054832030989113704,0.17391304347826086,評価可能,0.013953492757135536
v7,volume_ratio_20d,出来高比,当日出来高と20日平均出来高の比率,True,業種,機械,5d,5営業日,5,42,36,-0.012324517156664577,-0.012845638951229218,0.4166666666666667,評価可能,0.013953492757135536
v7,volume_ratio_20d,出来高比,当日出来高と20日平均出来高の比率,True,業種,海運業,10d,10営業日,1,6,2,0.020007820136852372,0.020007820136852372,0.5,サンプル不足,0.07246529814271757
v7,volume_ratio_20d,出来高比,当日出来高と20日平均出来高の比率,True,業種,海運業,10d,10営業日,2,3,1,0.01746258018531721,0.01746258018531721,1.0,サンプル不足,0.07246529814271757
v7,volume_ratio_20d,出来高比,当日出来高と20日平均出来高の比率,True,業種,海運業,10d,10営業日,3,5,3,0.07966718539142666,0.05305672847438947,1.0,サンプル不足,0.07246529814271757
v7,volume_ratio_20d,出来高比,当日出来高と20日平均出来高の比率,True,業種,海運業,10d,10営業日,4,6,4,0.027703607549208253,0.020876803896911156,1.0,サンプル不足,0.07246529814271757
v7,volume_ratio_20d,出来高比,当日出来高と20日平均出来高の比率,True,業種,海運業,10d,10営業日,5,2,1,0.09247311827956994,0.09247311827956994,1.0,サンプル不足,0.07246529814271757
v7,volume_ratio_20d,出来高比,当日出来高と20日平均出来高の比率,True,業種,海運業,1d,1営業日,1,6,5,0.023558191380207694,0.006315789473684275,1.0,サンプル不足,-0.020812231377731128
v7,volume_ratio_20d,出来高比,当日出来高と20日平均出来高の比率,True,業種,海運業,1d,1営業日,2,3,3,0.018036386416553363,0.015680684248039922,1.0,サンプル不足,-0.020812231377731128
v7,volume_ratio_20d,出来高比,当日出来高と20日平均出来高の比率,True,業種,海運業,1d,1営業日,3,5,5,0.0023091588255705676,0.012530455969369969,0.8,サンプル不足,-0.020812231377731128
v7,volume_ratio_20d,出来高比,当日出来高と20日平均出来高の比率,True,業種,海運業,1d,1営業日,4,6,6,0.0032889867991547175,-0.0011032125614398591,0.5,サンプル不足,-0.020812231377731128
v7,volume_ratio_20d,出来高比,当日出来高と20日平均出来高の比率,True,業種,海運業,1d,1営業日,5,2,2,0.0027459600024765662,0.0027459600024765662,0.5,サンプル不足,-0.020812231377731128
v7,volume_ratio_20d,出来高比,当日出来高と20日平均出来高の比率,True,業種,海運業,3d,3営業日,1,6,4,0.019074796075564865,0.014751710654936412,0.75,サンプル不足,-0.011990095437833498
v7,volume_ratio_20d,出来高比,当日出来高と20日平均出来高の比率,True,業種,海運業,3d,3営業日,2,3,2,0.014858088174704465,0.014858088174704465,1.0,サンプル不足,-0.011990095437833498
v7,volume_ratio_20d,出来高比,当日出来高と20日平均出来高の比率,True,業種,海運業,3d,3営業日,3,5,5,0.024762408865914232,0.02441711033596472,0.8,サンプル不足,-0.011990095437833498
v7,volume_ratio_20d,出来高比,当日出来高と20日平均出来高の比率,True,業種,海運業,3d,3営業日,4,6,6,0.0236879274565146,0.02029114632856799,1.0,サンプル不足,-0.011990095437833498
v7,volume_ratio_20d,出来高比,当日出来高と20日平均出来高の比率,True,業種,海運業,3d,3営業日,5,2,2,0.007084700637731367,0.007084700637731367,1.0,サンプル不足,-0.011990095437833498
v7,volume_ratio_20d,出来高比,当日出来高と20日平均出来高の比率,True,業種,海運業,5d,5営業日,1,6,4,0.03664691214933069,0.024722710980775497,1.0,サンプル不足,-0.0065393852676103315
v7,volume_ratio_20d,出来高比,当日出来高と20日平均出来高の比率,True,業種,海運業,5d,5営業日,2,3,2,0.01627578875872071,0.01627578875872071,1.0,サンプル不足,-0.0065393852676103315
v7,volume_ratio_20d,出来高比,当日出来高と20日平均出来高の比率,True,業種,海運業,5d,5営業日,3,5,3,0.038461230370206025,0.04644758582706077,1.0,サンプル不足,-0.0065393852676103315
v7,volume_ratio_20d,出来高比,当日出来高と20日平均出来高の比率,True,業種,海運業,5d,5営業日,4,6,4,0.023286398511690676,0.016948678456990107,0.75,サンプル不足,-0.0065393852676103315
v7,volume_ratio_20d,出来高比,当日出来高と20日平均出来高の比率,True,業種,海運業,5d,5営業日,5,2,1,0.03010752688172036,0.03010752688172036,1.0,サンプル不足,-0.0065393852676103315
v7,volume_ratio_20d,出来高比,当日出来高と20日平均出来高の比率,True,業種,石油・石炭製品,10d,10営業日,2,2,1,-0.027673896783844465,-0.027673896783844465,0.0,サンプル不足,0.018055853359403864
v7,volume_ratio_20d,出来高比,当日出来高と20日平均出来高の比率,True,業種,石油・石炭製品,10d,10営業日,3,1,1,-0.009373828271466045,-0.009373828271466045,0.0,サンプル不足,0.018055853359403864
v7,volume_ratio_20d,出来高比,当日出来高と20日平均出来高の比率,True,業種,石油・石炭製品,10d,10営業日,4,2,2,-0.025894723092998874,-0.025894723092998874,0.5,サンプル不足,0.018055853359403864
v7,volume_ratio_20d,出来高比,当日出来高と20日平均出来高の比率,True,業種,石油・石炭製品,10d,10営業日,5,3,3,-0.0096180434244406,-0.0037593984962406,0.3333333333333333,サンプル不足,0.018055853359403864
v7,volume_ratio_20d,出来高比,当日出来高と20日平均出来高の比率,True,業種,石油・石炭製品,1d,1営業日,2,2,2,-0.018975219276931965,-0.018975219276931965,0.0,サンプル不足,-0.0325339803790581
v7,volume_ratio_20d,出来高比,当日出来高と20日平均出来高の比率,True,業種,石油・石炭製品,1d,1営業日,3,1,1,-0.01462317210348707,-0.01462317210348707,0.0,サンプル不足,-0.0325339803790581
v7,volume_ratio_20d,出来高比,当日出来高と20日平均出来高の比率,True,業種,石油・石炭製品,1d,1営業日,4,2,2,-0.04005355276907001,-0.04005355276907001,0.5,サンプル不足,-0.0325339803790581
v7,volume_ratio_20d,出来高比,当日出来高と20日平均出来高の比率,True,業種,石油・石炭製品,1d,1営業日,5,3,3,-0.051509199655990066,-0.0323866467364225,0.3333333333333333,サンプル不足,-0.0325339803790581
v7,volume_ratio_20d,出来高比,当日出来高と20日平均出来高の比率,True,業種,石油・石炭製品,3d,3営業日,2,2,2,-0.03209366332979785,-0.03209366332979785,0.0,サンプル不足,-0.032476903376133695
v7,volume_ratio_20d,出来高比,当日出来高と20日平均出来高の比率,True,業種,石油・石炭製品,3d,3営業日,3,1,1,-0.009373828271466045,-0.009373828271466045,0.0,サンプル不足,-0.032476903376133695
v7,volume_ratio_20d,出来高比,当日出来高と20日平均出来高の比率,True,業種,石油・石炭製品,3d,3営業日,4,2,2,-0.0361415882967607,-0.0361415882967607,0.0,サンプル不足,-0.032476903376133695
v7,volume_ratio_20d,出来高比,当日出来高と20日平均出来高の比率,True,業種,石油・石炭製品,3d,3営業日,5,3,3,-0.06457056670593155,-0.033383158943697,0.0,サンプル不足,-0.032476903376133695
v7,volume_ratio_20d,出来高比,当日出来高と20日平均出来高の比率,True,業種,石油・石炭製品,5d,5営業日,2,2,2,-0.004054809725232977,-0.004054809725232977,0.5,サンプル不足,-0.05669164506084928
v7,volume_ratio_20d,出来高比,当日出来高と20日平均出来高の比率,True,業種,石油・石炭製品,5d,5営業日,3,1,1,-0.01687289088863897,-0.01687289088863897,0.0,サンプル不足,-0.05669164506084928
v7,volume_ratio_20d,出来高比,当日出来高と20日平均出来高の比率,True,業種,石油・石炭製品,5d,5営業日,4,2,2,-0.04909874608150469,-0.04909874608150469,0.5,サンプル不足,-0.05669164506084928
v7,volume_ratio_20d,出来高比,当日出来高と20日平均出来高の比率,True,業種,石油・石炭製品,5d,5営業日,5,3,3,-0.06074645478608226,-0.070254110612855,0.3333333333333333,サンプル不足,-0.05669164506084928
v7,volume_ratio_20d,出来高比,当日出来高と20日平均出来高の比率,True,業種,空運業,10d,10営業日,2,1,1,-0.06743737957610785,-0.06743737957610785,0.0,サンプル不足,0.036463185376506946
v7,volume_ratio_20d,出来高比,当日出来高と20日平均出来高の比率,True,業種,空運業,10d,10営業日,3,2,1,0.06007684247293055,0.06007684247293055,1.0,サンプル不足,0.036463185376506946
v7,volume_ratio_20d,出来高比,当日出来高と20日平均出来高の比率,True,業種,空運業,10d,10営業日,4,2,2,-0.030974194199600902,-0.030974194199600902,0.0,サンプル不足,0.036463185376506946
v7,volume_ratio_20d,出来高比,当日出来高と20日平均出来高の比率,True,業種,空運業,1d,1営業日,2,1,1,-0.005459216441875414,-0.005459216441875414,0.0,サンプル不足,0.02117971279899955
v7,volume_ratio_20d,出来高比,当日出来高と20日平均出来高の比率,True,業種,空運業,1d,1営業日,3,2,2,-0.008312415621556546,-0.008312415621556546,0.0,サンプル不足,0.02117971279899955
v7,volume_ratio_20d,出来高比,当日出来高と20日平均出来高の比率,True,業種,空運業,1d,1営業日,4,2,2,0.015720496357124136,0.015720496357124136,1.0,サンプル不足,0.02117971279899955
v7,volume_ratio_20d,出来高比,当日出来高と20日平均出来高の比率,True,業種,空運業,3d,3営業日,2,1,1,-0.041907514450867045,-0.041907514450867045,0.0,サンプル不足,0.06932503953162572
v7,volume_ratio_20d,出来高比,当日出来高と20日平均出来高の比率,True,業種,空運業,3d,3営業日,3,2,2,0.0039948869169613155,0.0039948869169613155,0.5,サンプル不足,0.06932503953162572
v7,volume_ratio_20d,出来高比,当日出来高と20日平均出来高の比率,True,業種,空運業,3d,3営業日,4,2,2,0.027417525080758676,0.027417525080758676,1.0,サンプル不足,0.06932503953162572
v7,volume_ratio_20d,出来高比,当日出来高と20日平均出来高の比率,True,業種,空運業,5d,5営業日,2,1,1,-0.06310211946050093,-0.06310211946050093,0.0,サンプル不足,0.05367013943440352
v7,volume_ratio_20d,出来高比,当日出来高と20日平均出来高の比率,True,業種,空運業,5d,5営業日,3,2,2,0.034053137468443406,0.034053137468443406,1.0,サンプル不足,0.05367013943440352
v7,volume_ratio_20d,出来高比,当日出来高と20日平均出来高の比率,True,業種,空運業,5d,5営業日,4,2,2,-0.009431980026097408,-0.009431980026097408,0.0,サンプル不足,0.05367013943440352
v7,volume_ratio_20d,出来高比,当日出来高と20日平均出来高の比率,True,業種,精密機器,10d,10営業日,1,10,4,-0.020988461348386667,0.0022433408198820337,0.5,サンプル不足,-0.12097766209263436
v7,volume_ratio_20d,出来高比,当日出来高と20日平均出来高の比率,True,業種,精密機器,10d,10営業日,2,10,7,-0.09381207500728736,-0.08968058968058967,0.0,サンプル不足,-0.12097766209263436
v7,volume_ratio_20d,出来高比,当日出来高と20日平均出来高の比率,True,業種,精密機器,10d,10営業日,3,14,7,0.037532666957220844,-0.028785817028922356,0.2857142857142857,サンプル不足,-0.12097766209263436
v7,volume_ratio_20d,出来高比,当日出来高と20日平均出来高の比率,True,業種,精密機器,10d,10営業日,4,19,13,-0.06960459844647483,-0.0709876543209876,0.23076923076923078,サンプル不足,-0.12097766209263436
v7,volume_ratio_20d,出来高比,当日出来高と20日平均出来高の比率,True,業種,精密機器,10d,10営業日,5,9,7,-0.14196612344102102,-0.13036303630363033,0.0,サンプル不足,-0.12097766209263436
v7,volume_ratio_20d,出来高比,当日出来高と20日平均出来高の比率,True,業種,精密機器,1d,1営業日,1,10,9,0.038327308912605086,0.02264150943396226,0.7777777777777778,サンプル不足,-0.017289825806199602
v7,volume_ratio_20d,出来高比,当日出来高と20日平均出来高の比率,True,業種,精密機器,1d,1営業日,2,10,9,-0.006463522570526391,-0.0034748076445768605,0.3333333333333333,サンプル不足,-0.017289825806199602
v7,volume_ratio_20d,出来高比,当日出来高と20日平均出来高の比率,True,業種,精密機器,1d,1営業日,3,14,12,0.004936304539234428,0.006165919282511201,0.5,サンプル不足,-0.017289825806199602
v7,volume_ratio_20d,出来高比,当日出来高と20日平均出来高の比率,True,業種,精密機器,1d,1営業日,4,19,18,-0.0014094502865709358,-0.0026445314624462925,0.4444444444444444,サンプル不足,-0.017289825806199602
v7,volume_ratio_20d,出来高比,当日出来高と20日平均出来高の比率,True,業種,精密機器,1d,1営業日,5,9,9,0.021037483106405484,0.008303677342823335,0.5555555555555556,サンプル不足,-0.017289825806199602
v7,volume_ratio_20d,出来高比,当日出来高と20日平均出来高の比率,True,業種,精密機器,3d,3営業日,1,10,8,-0.00015707452260288468,-0.005003855486771569,0.375,サンプル不足,0.02901703873799979
v7,volume_ratio_20d,出来高比,当日出来高と20日平均出来高の比率,True,業種,精密機器,3d,3営業日,2,10,9,-0.014729113060738073,-0.015490533562822706,0.2222222222222222,サンプル不足,0.02901703873799979
v7,volume_ratio_20d,出来高比,当日出来高と20日平均出来高の比率,True,業種,精密機器,3d,3営業日,3,14,12,0.013266965809243839,-0.0013336007325102095,0.5,サンプル不足,0.02901703873799979
v7,volume_ratio_20d,出来高比,当日出来高と20日平均出来高の比率,True,業種,精密機器,3d,3営業日,4,19,17,-0.008032519526139023,-0.006678539626001734,0.4117647058823529,サンプル不足,0.02901703873799979
v7,volume_ratio_20d,出来高比,当日出来高と20日平均出来高の比率,True,業種,精密機器,3d,3営業日,5,9,9,0.028859964215396907,0.0,0.4444444444444444,サンプル不足,0.02901703873799979
v7,volume_ratio_20d,出来高比,当日出来高と20日平均出来高の比率,True,業種,精密機器,5d,5営業日,1,10,6,0.0013811896035459774,0.017150856389986813,0.6666666666666666,サンプル不足,-0.018964374039900523
v7,volume_ratio_20d,出来高比,当日出来高と20日平均出来高の比率,True,業種,精密機器,5d,5営業日,2,10,9,-0.04911217216724807,-0.047357926221335944,0.2222222222222222,サンプル不足,-0.018964374039900523
v7,volume_ratio_20d,出来高比,当日出来高と20日平均出来高の比率,True,業種,精密機器,5d,5営業日,3,14,10,0.07416976941699645,0.03701131607093755,0.8,サンプル不足,-0.018964374039900523
v7,volume_ratio_20d,出来高比,当日出来高と20日平均出来高の比率,True,業種,精密機器,5d,5営業日,4,19,14,0.0019029274740566735,-0.03315262307884777,0.35714285714285715,サンプル不足,-0.018964374039900523
v7,volume_ratio_20d,出来高比,当日出来高と20日平均出来高の比率,True,業種,精密機器,5d,5営業日,5,9,9,-0.017583184436354544,0.04702970297029707,0.5555555555555556,サンプル不足,-0.018964374039900523
v7,volume_ratio_20d,出来高比,当日出来高と20日平均出来高の比率,True,業種,繊維製品,10d,10営業日,1,3,2,0.03610207128118398,0.03610207128118398,0.5,サンプル不足,-0.008552763984821646
v7,volume_ratio_20d,出来高比,当日出来高と20日平均出来高の比率,True,業種,繊維製品,10d,10営業日,2,1,1,-0.05088757396449706,-0.05088757396449706,0.0,サンプル不足,-0.008552763984821646
v7,volume_ratio_20d,出来高比,当日出来高と20日平均出来高の比率,True,業種,繊維製品,10d,10営業日,3,2,1,-0.0153291253381424,-0.0153291253381424,0.0,サンプル不足,-0.008552763984821646
v7,volume_ratio_20d,出来高比,当日出来高と20日平均出来高の比率,True,業種,繊維製品,10d,10営業日,4,7,5,-0.013385329237261517,0.0024752778149679,0.6,サンプル不足,-0.008552763984821646
v7,volume_ratio_20d,出来高比,当日出来高と20日平均出来高の比率,True,業種,繊維製品,10d,10営業日,5,5,4,0.027549307296362333,0.02678654678654676,0.75,サンプル不足,-0.008552763984821646
v7,volume_ratio_20d,出来高比,当日出来高と20日平均出来高の比率,True,業種,繊維製品,1d,1営業日,1,3,2,0.0029681885283524556,0.0029681885283524556,1.0,サンプル不足,0.023084728767432717
v7,volume_ratio_20d,出来高比,当日出来高と20日平均出来高の比率,True,業種,繊維製品,1d,1営業日,2,1,1,-0.00591715976331364,-0.00591715976331364,0.0,サンプル不足,0.023084728767432717
v7,volume_ratio_20d,出来高比,当日出来高と20日平均出来高の比率,True,業種,繊維製品,1d,1営業日,3,2,2,-0.006248273934497679,-0.006248273934497679,0.5,サンプル不足,0.023084728767432717
v7,volume_ratio_20d,出来高比,当日出来高と20日平均出来高の比率,True,業種,繊維製品,1d,1営業日,4,7,7,0.0001794145995795574,-0.0083333042689731,0.42857142857142855,サンプル不足,0.023084728767432717
v7,volume_ratio_20d,出来高比,当日出来高と20日平均出来高の比率,True,業種,繊維製品,1d,1営業日,5,5,5,0.026052917295785172,0.0265957446808511,0.8,サンプル不足,0.023084728767432717
v7,volume_ratio_20d,出来高比,当日出来高と20日平均出来高の比率,True,業種,繊維製品,3d,3営業日,1,3,2,0.018921478222394983,0.018921478222394983,1.0,サンプル不足,0.015570112696446356
v7,volume_ratio_20d,出来高比,当日出来高と20日平均出来高の比率,True,業種,繊維製品,3d,3営業日,2,1,1,0.022485207100591653,0.022485207100591653,1.0,サンプル不足,0.015570112696446356
v7,volume_ratio_20d,出来高比,当日出来高と20日平均出来高の比率,True,業種,繊維製品,3d,3営業日,3,2,1,-0.0288548241659152,-0.0288548241659152,0.0,サンプル不足,0.015570112696446356
v7,volume_ratio_20d,出来高比,当日出来高と20日平均出来高の比率,True,業種,繊維製品,3d,3営業日,4,7,6,-0.007270014904099246,-0.010714748494962234,0.3333333333333333,サンプル不足,0.015570112696446356
v7,volume_ratio_20d,出来高比,当日出来高と20日平均出来高の比率,True,業種,繊維製品,3d,3営業日,5,5,5,0.03449159091884134,0.0274725274725273,0.8,サンプル不足,0.015570112696446356
v7,volume_ratio_20d,出来高比,当日出来高と20日平均出来高の比率,True,業種,繊維製品,5d,5営業日,1,3,2,0.012771729017371614,0.012771729017371614,0.5,サンプル不足,0.028538313613390792
v7,volume_ratio_20d,出来高比,当日出来高と20日平均出来高の比率,True,業種,繊維製品,5d,5営業日,2,1,1,0.00591715976331364,0.00591715976331364,1.0,サンプル不足,0.028538313613390792
v7,volume_ratio_20d,出来高比,当日出来高と20日平均出来高の比率,True,業種,繊維製品,5d,5営業日,3,2,1,0.0081154192966637,0.0081154192966637,1.0,サンプル不足,0.028538313613390792
v7,volume_ratio_20d,出来高比,当日出来高と20日平均出来高の比率,True,業種,繊維製品,5d,5営業日,4,7,6,-0.019253356855143455,-0.01249944933707553,0.3333333333333333,サンプル不足,0.028538313613390792
v7,volume_ratio_20d,出来高比,当日出来高と20日平均出来高の比率,True,業種,繊維製品,5d,5営業日,5,5,5,0.041310042630762406,0.03136434918975439,1.0,サンプル不足,0.028538313613390792
v7,volume_ratio_20d,出来高比,当日出来高と20日平均出来高の比率,True,業種,証券、商品先物取引業,10d,10営業日,1,19,13,0.02770909888086084,0.020255271920088802,0.6923076923076923,サンプル不足,0.041306478071217304
v7,volume_ratio_20d,出来高比,当日出来高と20日平均出来高の比率,True,業種,証券、商品先物取引業,10d,10営業日,2,31,28,0.04302736909434547,0.051726047400674324,0.75,サンプル不足,0.041306478071217304
v7,volume_ratio_20d,出来高比,当日出来高と20日平均出来高の比率,True,業種,証券、商品先物取引業,10d,10営業日,3,16,14,0.005622673933800506,-0.00681891716997407,0.42857142857142855,サンプル不足,0.041306478071217304
v7,volume_ratio_20d,出来高比,当日出来高と20日平均出来高の比率,True,業種,証券、商品先物取引業,10d,10営業日,4,19,12,0.030124493852365163,0.03697338594127586,0.6666666666666666,サンプル不足,0.041306478071217304
v7,volume_ratio_20d,出来高比,当日出来高と20日平均出来高の比率,True,業種,証券、商品先物取引業,10d,10営業日,5,8,7,0.06901557695207815,0.06803594351732989,0.8571428571428571,サンプル不足,0.041306478071217304
v7,volume_ratio_20d,出来高比,当日出来高と20日平均出来高の比率,True,業種,証券、商品先物取引業,1d,1営業日,1,19,19,0.009644510240722296,0.008006626173384879,0.7894736842105263,サンプル不足,0.009327510510012413
v7,volume_ratio_20d,出来高比,当日出来高と20日平均出来高の比率,True,業種,証券、商品先物取引業,1d,1営業日,2,31,31,-5.319224029638971e-05,0.004619758351101622,0.5483870967741935,評価可能,0.009327510510012413
v7,volume_ratio_20d,出来高比,当日出来高と20日平均出来高の比率,True,業種,証券、商品先物取引業,1d,1営業日,3,16,16,0.006542291499746175,0.00838755055389484,0.6875,サンプル不足,0.009327510510012413
v7,volume_ratio_20d,出来高比,当日出来高と20日平均出来高の比率,True,業種,証券、商品先物取引業,1d,1営業日,4,19,19,-0.0002981896408757175,-0.0024803637866886996,0.47368421052631576,サンプル不足,0.009327510510012413
v7,volume_ratio_20d,出来高比,当日出来高と20日平均出来高の比率,True,業種,証券、商品先物取引業,1d,1営業日,5,8,8,0.01897202075073471,0.013860765810769763,0.625,サンプル不足,0.009327510510012413
v7,volume_ratio_20d,出来高比,当日出来高と20日平均出来高の比率,True,業種,証券、商品先物取引業,3d,3営業日,1,19,18,0.00549712832263749,0.0034868804802581366,0.5555555555555556,サンプル不足,0.02462213313198823
v7,volume_ratio_20d,出来高比,当日出来高と20日平均出来高の比率,True,業種,証券、商品先物取引業,3d,3営業日,2,31,31,0.01156311730802601,0.004743833017077703,0.5483870967741935,評価可能,0.02462213313198823
v7,volume_ratio_20d,出来高比,当日出来高と20日平均出来高の比率,True,業種,証券、商品先物取引業,3d,3営業日,3,16,16,0.01188556791273222,0.0030682478781536293,0.625,サンプル不足,0.02462213313198823
v7,volume_ratio_20d,出来高比,当日出来高と20日平均出来高の比率,True,業種,証券、商品先物取引業,3d,3営業日,4,19,19,0.007948678417216503,0.0061162079510703,0.6842105263157895,サンプル不足,0.02462213313198823
v7,volume_ratio_20d,出来高比,当日出来高と20日平均出来高の比率,True,業種,証券、商品先物取引業,3d,3営業日,5,8,8,0.03011926145462572,0.01998541927920036,0.625,サンプル不足,0.02462213313198823
v7,volume_ratio_20d,出来高比,当日出来高と20日平均出来高の比率,True,業種,証券、商品先物取引業,5d,5営業日,1,19,15,0.008057158457003033,0.02802441731409555,0.6,サンプル不足,0.024478396200204
v7,volume_ratio_20d,出来高比,当日出来高と20日平均出来高の比率,True,業種,証券、商品先物取引業,5d,5営業日,2,31,31,0.01329125072770202,0.010649627263045858,0.5806451612903226,評価可能,0.024478396200204
v7,volume_ratio_20d,出来高比,当日出来高と20日平均出来高の比率,True,業種,証券、商品先物取引業,5d,5営業日,3,16,15,0.022217617745581383,0.02241134751773055,0.6,サンプル不足,0.024478396200204
v7,volume_ratio_20d,出来高比,当日出来高と20日平均出来高の比率,True,業種,証券、商品先物取引業,5d,5営業日,4,19,19,0.017219584683808214,0.014427412082957725,0.7368421052631579,サンプル不足,0.024478396200204
v7,volume_ratio_20d,出来高比,当日出来高と20日平均出来高の比率,True,業種,証券、商品先物取引業,5d,5営業日,5,8,8,0.03253555465720703,0.030504187488965096,0.75,サンプル不足,0.024478396200204
v7,volume_ratio_20d,出来高比,当日出来高と20日平均出来高の比率,True,業種,輸送用機器,10d,10営業日,1,32,23,0.020325128707990844,0.011560693641618602,0.5217391304347826,サンプル不足,-0.048628755725708295
v7,volume_ratio_20d,出来高比,当日出来高と20日平均出来高の比率,True,業種,輸送用機器,10d,10営業日,2,29,13,0.06520013373798553,0.020654715510522115,0.6153846153846154,サンプル不足,-0.048628755725708295
v7,volume_ratio_20d,出来高比,当日出来高と20日平均出来高の比率,True,業種,輸送用機器,10d,10営業日,3,29,22,-0.016410897754382866,-0.01892260022427626,0.36363636363636365,サンプル不足,-0.048628755725708295
v7,volume_ratio_20d,出来高比,当日出来高と20日平均出来高の比率,True,業種,輸送用機器,10d,10営業日,4,17,9,0.016506648093340556,0.03692386045327223,0.5555555555555556,サンプル不足,-0.048628755725708295
v7,volume_ratio_20d,出来高比,当日出来高と20日平均出来高の比率,True,業種,輸送用機器,10d,10営業日,5,19,11,-0.02830362701771745,-0.02188782489740082,0.2727272727272727,サンプル不足,-0.048628755725708295
v7,volume_ratio_20d,出来高比,当日出来高と20日平均出来高の比率,True,業種,輸送用機器,1d,1営業日,1,32,31,-0.004068197741843066,-0.004327563249001298,0.41935483870967744,評価可能,0.019268355775569915
v7,volume_ratio_20d,出来高比,当日出来高と20日平均出来高の比率,True,業種,輸送用機器,1d,1営業日,2,29,28,0.008309728996499744,-0.002576018986781392,0.4642857142857143,サンプル不足,0.019268355775569915
v7,volume_ratio_20d,出来高比,当日出来高と20日平均出来高の比率,True,業種,輸送用機器,1d,1営業日,3,29,29,-0.012039151500644323,-0.0050675675675675436,0.3448275862068966,サンプル不足,0.019268355775569915
v7,volume_ratio_20d,出来高比,当日出来高と20日平均出来高の比率,True,業種,輸送用機器,1d,1営業日,4,17,17,0.014171077074944739,0.0047846889952152,0.6470588235294118,サンプル不足,0.019268355775569915
v7,volume_ratio_20d,出来高比,当日出来高と20日平均出来高の比率,True,業種,輸送用機器,1d,1営業日,5,19,18,0.01520015803372685,0.003945306194708674,0.5555555555555556,サンプル不足,0.019268355775569915
v7,volume_ratio_20d,出来高比,当日出来高と20日平均出来高の比率,True,業種,輸送用機器,3d,3営業日,1,32,31,-0.003050596294099904,-0.010483854560441874,0.45161290322580644,評価可能,0.007129498250044636
v7,volume_ratio_20d,出来高比,当日出来高と20日平均出来高の比率,True,業種,輸送用機器,3d,3営業日,2,29,25,0.012188384741282303,0.006459550907413014,0.56,サンプル不足,0.007129498250044636
v7,volume_ratio_20d,出来高比,当日出来高と20日平均出来高の比率,True,業種,輸送用機器,3d,3営業日,3,29,28,-0.02237711006252676,-0.014555654271564189,0.35714285714285715,サンプル不足,0.007129498250044636
v7,volume_ratio_20d,出来高比,当日出来高と20日平均出来高の比率,True,業種,輸送用機器,3d,3営業日,4,17,17,-0.011666278781779296,-0.0050739957716702255,0.4117647058823529,サンプル不足,0.007129498250044636
v7,volume_ratio_20d,出来高比,当日出来高と20日平均出来高の比率,True,業種,輸送用機器,3d,3営業日,5,19,17,0.004078901955944732,0.0037037037037037,0.5294117647058824,サンプル不足,0.007129498250044636
v7,volume_ratio_20d,出来高比,当日出来高と20日平均出来高の比率,True,業種,輸送用機器,5d,5営業日,1,32,31,0.008033209568406162,0.006299212598425141,0.5483870967741935,評価可能,-0.03268884452841436
v7,volume_ratio_20d,出来高比,当日出来高と20日平均出来高の比率,True,業種,輸送用機器,5d,5営業日,2,29,22,0.04777723636513236,0.02124776931263106,0.5454545454545454,サンプル不足,-0.03268884452841436
v7,volume_ratio_20d,出来高比,当日出来高と20日平均出来高の比率,True,業種,輸送用機器,5d,5営業日,3,29,26,-0.03751410311193844,-0.03039679260462258,0.3076923076923077,サンプル不足,-0.03268884452841436
v7,volume_ratio_20d,出来高比,当日出来高と20日平均出来高の比率,True,業種,輸送用機器,5d,5営業日,4,17,16,0.0016033487945847306,-0.011868524210022657,0.5,サンプル不足,-0.03268884452841436
v7,volume_ratio_20d,出来高比,当日出来高と20日平均出来高の比率,True,業種,輸送用機器,5d,5営業日,5,19,14,-0.0246556349600082,-0.02055551492397831,0.14285714285714285,サンプル不足,-0.03268884452841436
v7,volume_ratio_20d,出来高比,当日出来高と20日平均出来高の比率,True,業種,金属製品,10d,10営業日,1,18,14,-0.0150586739622449,-0.01482769496364663,0.5,サンプル不足,-0.06848263856600921
v7,volume_ratio_20d,出来高比,当日出来高と20日平均出来高の比率,True,業種,金属製品,10d,10営業日,2,10,8,0.02009447439264901,-0.0210636664304276,0.5,サンプル不足,-0.06848263856600921
v7,volume_ratio_20d,出来高比,当日出来高と20日平均出来高の比率,True,業種,金属製品,10d,10営業日,3,17,17,-0.08837145490747667,-0.1055722813063085,0.23529411764705882,サンプル不足,-0.06848263856600921
v7,volume_ratio_20d,出来高比,当日出来高と20日平均出来高の比率,True,業種,金属製品,10d,10営業日,4,20,17,-0.1267426245459271,-0.11341853035143767,0.17647058823529413,サンプル不足,-0.06848263856600921
v7,volume_ratio_20d,出来高比,当日出来高と20日平均出来高の比率,True,業種,金属製品,10d,10営業日,5,29,26,-0.08354131252825411,-0.042978047241254896,0.23076923076923078,サンプル不足,-0.06848263856600921
v7,volume_ratio_20d,出来高比,当日出来高と20日平均出来高の比率,True,業種,金属製品,1d,1営業日,1,18,18,-0.0002836970641998563,0.005898849844606511,0.5555555555555556,サンプル不足,0.000866292203596895
v7,volume_ratio_20d,出来高比,当日出来高と20日平均出来高の比率,True,業種,金属製品,1d,1営業日,2,10,10,0.010338102106352828,0.0007571251392123452,0.5,サンプル不足,0.000866292203596895
v7,volume_ratio_20d,出来高比,当日出来高と20日平均出来高の比率,True,業種,金属製品,1d,1営業日,3,17,17,0.013539180064695197,-0.0107991360691144,0.35294117647058826,サンプル不足,0.000866292203596895
v7,volume_ratio_20d,出来高比,当日出来高と20日平均出来高の比率,True,業種,金属製品,1d,1営業日,4,20,20,-0.004471299517213341,0.002830385166564253,0.5,サンプル不足,0.000866292203596895
v7,volume_ratio_20d,出来高比,当日出来高と20日平均出来高の比率,True,業種,金属製品,1d,1営業日,5,29,27,0.0005825951393970387,-0.0040424456796361,0.4444444444444444,サンプル不足,0.000866292203596895
v7,volume_ratio_20d,出来高比,当日出来高と20日平均出来高の比率,True,業種,金属製品,3d,3営業日,1,18,17,-0.017504456652575738,-0.015568862275449069,0.4117647058823529,サンプル不足,0.014145327065675098
v7,volume_ratio_20d,出来高比,当日出来高と20日平均出来高の比率,True,業種,金属製品,3d,3営業日,2,10,10,0.0069327420448894225,-0.019277069234773465,0.4,サンプル不足,0.014145327065675098
v7,volume_ratio_20d,出来高比,当日出来高と20日平均出来高の比率,True,業種,金属製品,3d,3営業日,3,17,17,0.021274464001032736,-0.0088669950738916,0.4117647058823529,サンプル不足,0.014145327065675098
v7,volume_ratio_20d,出来高比,当日出来高と20日平均出来高の比率,True,業種,金属製品,3d,3営業日,4,20,18,-0.01102911986862046,-0.009108223264657378,0.3333333333333333,サンプル不足,0.014145327065675098
v7,volume_ratio_20d,出来高比,当日出来高と20日平均出来高の比率,True,業種,金属製品,3d,3営業日,5,29,26,-0.00335912958690064,-0.016689147589214783,0.34615384615384615,サンプル不足,0.014145327065675098
v7,volume_ratio_20d,出来高比,当日出来高と20日平均出来高の比率,True,業種,金属製品,5d,5営業日,1,18,17,-0.026427532292922516,-0.03263234227701228,0.4117647058823529,サンプル不足,-0.0030248092376403968
v7,volume_ratio_20d,出来高比,当日出来高と20日平均出来高の比率,True,業種,金属製品,5d,5営業日,2,10,9,0.004932151387713104,-0.0415662650602409,0.3333333333333333,サンプル不足,-0.0030248092376403968
v7,volume_ratio_20d,出来高比,当日出来高と20日平均出来高の比率,True,業種,金属製品,5d,5営業日,3,17,17,-0.03040631285089494,-0.011695906432748537,0.35294117647058826,サンプル不足,-0.0030248092376403968
v7,volume_ratio_20d,出来高比,当日出来高と20日平均出来高の比率,True,業種,金属製品,5d,5営業日,4,20,17,-0.01755274046081187,-0.007209962857767094,0.35294117647058826,サンプル不足,-0.0030248092376403968
v7,volume_ratio_20d,出来高比,当日出来高と20日平均出来高の比率,True,業種,金属製品,5d,5営業日,5,29,26,-0.029452341530562913,-0.0300868538662619,0.38461538461538464,サンプル不足,-0.0030248092376403968
v7,volume_ratio_20d,出来高比,当日出来高と20日平均出来高の比率,True,業種,鉄鋼,10d,10営業日,1,6,3,0.0011261261261260667,0.0,0.3333333333333333,サンプル不足,-0.027563530568465656
v7,volume_ratio_20d,出来高比,当日出来高と20日平均出来高の比率,True,業種,鉄鋼,10d,10営業日,2,9,0,,,,サンプル不足,-0.027563530568465656
v7,volume_ratio_20d,出来高比,当日出来高と20日平均出来高の比率,True,業種,鉄鋼,10d,10営業日,3,9,5,0.06248610018577626,0.0791848084652278,0.8,サンプル不足,-0.027563530568465656
v7,volume_ratio_20d,出来高比,当日出来高と20日平均出来高の比率,True,業種,鉄鋼,10d,10営業日,4,13,9,0.02383898797382691,0.0429824561403509,0.6666666666666666,サンプル不足,-0.027563530568465656
v7,volume_ratio_20d,出来高比,当日出来高と20日平均出来高の比率,True,業種,鉄鋼,10d,10営業日,5,10,3,-0.02643740444233959,-0.0309278350515463,0.3333333333333333,サンプル不足,-0.027563530568465656
v7,volume_ratio_20d,出来高比,当日出来高と20日平均出来高の比率,True,業種,鉄鋼,1d,1営業日,1,6,5,-0.005894318904438256,0.0,0.0,サンプル不足,0.006106018116435937
v7,volume_ratio_20d,出来高比,当日出来高と20日平均出来高の比率,True,業種,鉄鋼,1d,1営業日,2,9,8,0.011627647001173969,0.012124643706853955,0.625,サンプル不足,0.006106018116435937
v7,volume_ratio_20d,出来高比,当日出来高と20日平均出来高の比率,True,業種,鉄鋼,1d,1営業日,3,9,9,0.008447449976069511,0.0006682666728661246,0.5555555555555556,サンプル不足,0.006106018116435937
v7,volume_ratio_20d,出来高比,当日出来高と20日平均出来高の比率,True,業種,鉄鋼,1d,1営業日,4,13,13,0.02145303579566104,0.014972090825696727,0.6923076923076923,サンプル不足,0.006106018116435937
v7,volume_ratio_20d,出来高比,当日出来高と20日平均出来高の比率,True,業種,鉄鋼,1d,1営業日,5,10,10,0.00021169921199768043,0.008954927581386447,0.6,サンプル不足,0.006106018116435937
v7,volume_ratio_20d,出来高比,当日出来高と20日平均出来高の比率,True,業種,鉄鋼,3d,3営業日,1,6,5,-0.0003520360774828701,0.0,0.2,サンプル不足,-0.003950011435785058
v7,volume_ratio_20d,出来高比,当日出来高と20日平均出来高の比率,True,業種,鉄鋼,3d,3営業日,2,9,5,0.016837447209327894,0.03667685468185611,0.8,サンプル不足,-0.003950011435785058
v7,volume_ratio_20d,出来高比,当日出来高と20日平均出来高の比率,True,業種,鉄鋼,3d,3営業日,3,9,8,0.027719423066312192,0.02823215470065088,0.875,サンプル不足,-0.003950011435785058
v7,volume_ratio_20d,出来高比,当日出来高と20日平均出来高の比率,True,業種,鉄鋼,3d,3営業日,4,13,11,0.018562364290518385,0.003535490889311932,0.6363636363636364,サンプル不足,-0.003950011435785058
v7,volume_ratio_20d,出来高比,当日出来高と20日平均出来高の比率,True,業種,鉄鋼,3d,3営業日,5,10,8,-0.004302047513267928,0.004754536051891023,0.625,サンプル不足,-0.003950011435785058
v7,volume_ratio_20d,出来高比,当日出来高と20日平均出来高の比率,True,業種,鉄鋼,5d,5営業日,1,6,5,0.014052010746563528,-0.0011223344556677,0.4,サンプル不足,0.00576790695723803
v7,volume_ratio_20d,出来高比,当日出来高と20日平均出来高の比率,True,業種,鉄鋼,5d,5営業日,2,9,3,-0.009687404751533105,0.026409903713892735,0.6666666666666666,サンプル不足,0.00576790695723803
v7,volume_ratio_20d,出来高比,当日出来高と20日平均出来高の比率,True,業種,鉄鋼,5d,5営業日,3,9,7,0.05922626636645905,0.03560606060606064,0.7142857142857143,サンプル不足,0.00576790695723803
v7,volume_ratio_20d,出来高比,当日出来高と20日平均出来高の比率,True,業種,鉄鋼,5d,5営業日,4,13,10,0.02629484030492927,0.009900102445001035,0.6,サンプル不足,0.00576790695723803
v7,volume_ratio_20d,出来高比,当日出来高と20日平均出来高の比率,True,業種,鉄鋼,5d,5営業日,5,10,5,0.019819917703801558,0.033163947579566644,0.6,サンプル不足,0.00576790695723803
v7,volume_ratio_20d,出来高比,当日出来高と20日平均出来高の比率,True,業種,鉱業,10d,10営業日,2,1,0,,,,サンプル不足,0.0
v7,volume_ratio_20d,出来高比,当日出来高と20日平均出来高の比率,True,業種,鉱業,10d,10営業日,4,1,1,-0.0696623238500399,-0.0696623238500399,0.0,サンプル不足,0.0
v7,volume_ratio_20d,出来高比,当日出来高と20日平均出来高の比率,True,業種,鉱業,1d,1営業日,2,1,1,0.034710743801652955,0.034710743801652955,1.0,サンプル不足,-0.06369239761712753
v7,volume_ratio_20d,出来高比,当日出来高と20日平均出来高の比率,True,業種,鉱業,1d,1営業日,4,1,1,-0.028981653815474573,-0.028981653815474573,0.0,サンプル不足,-0.06369239761712753
v7,volume_ratio_20d,出来高比,当日出来高と20日平均出来高の比率,True,業種,鉱業,3d,3営業日,2,1,1,0.1338842975206611,0.1338842975206611,1.0,サンプル不足,-0.17243787369720986
v7,volume_ratio_20d,出来高比,当日出来高と20日平均出来高の比率,True,業種,鉱業,3d,3営業日,4,1,1,-0.038553576176548754,-0.038553576176548754,0.0,サンプル不足,-0.17243787369720986
v7,volume_ratio_20d,出来高比,当日出来高と20日平均出来高の比率,True,業種,鉱業,5d,5営業日,2,1,1,0.04958677685950419,0.04958677685950419,1.0,サンプル不足,-0.08521559898128028
v7,volume_ratio_20d,出来高比,当日出来高と20日平均出来高の比率,True,業種,鉱業,5d,5営業日,4,1,1,-0.035628822121776094,-0.035628822121776094,0.0,サンプル不足,-0.08521559898128028
v7,volume_ratio_20d,出来高比,当日出来高と20日平均出来高の比率,True,業種,銀行業,10d,10営業日,1,76,68,0.04313757440093196,0.05352935844386841,0.8088235294117647,評価可能,-0.013086222470906305
v7,volume_ratio_20d,出来高比,当日出来高と20日平均出来高の比率,True,業種,銀行業,10d,10営業日,2,76,58,0.01447437163337188,0.00559475093985351,0.5172413793103449,評価可能,-0.013086222470906305
v7,volume_ratio_20d,出来高比,当日出来高と20日平均出来高の比率,True,業種,銀行業,10d,10営業日,3,77,61,-0.005059872696220487,-0.0031496062992125706,0.47540983606557374,評価可能,-0.013086222470906305
v7,volume_ratio_20d,出来高比,当日出来高と20日平均出来高の比率,True,業種,銀行業,10d,10営業日,4,38,35,0.004100367427168455,0.008443908323281013,0.5714285714285714,評価可能,-0.013086222470906305
v7,volume_ratio_20d,出来高比,当日出来高と20日平均出来高の比率,True,業種,銀行業,10d,10営業日,5,6,6,0.030051351930025654,0.01684405358421115,0.8333333333333334,サンプル不足,-0.013086222470906305
v7,volume_ratio_20d,出来高比,当日出来高と20日平均出来高の比率,True,業種,銀行業,1d,1営業日,1,76,76,0.0013848006617321357,0.0038082714351145297,0.618421052631579,評価可能,0.00709279696935666
v7,volume_ratio_20d,出来高比,当日出来高と20日平均出来高の比率,True,業種,銀行業,1d,1営業日,2,76,75,-0.002114120541535359,0.0026392961876833265,0.52,評価可能,0.00709279696935666
v7,volume_ratio_20d,出来高比,当日出来高と20日平均出来高の比率,True,業種,銀行業,1d,1営業日,3,77,77,-0.0004894175452710631,0.0,0.4675324675324675,評価可能,0.00709279696935666
v7,volume_ratio_20d,出来高比,当日出来高と20日平均出来高の比率,True,業種,銀行業,1d,1営業日,4,38,38,0.011267375885140882,0.01601998324559495,0.7105263157894737,評価可能,0.00709279696935666
v7,volume_ratio_20d,出来高比,当日出来高と20日平均出来高の比率,True,業種,銀行業,1d,1営業日,5,6,6,0.008477597631088796,0.005214740204392276,0.6666666666666666,サンプル不足,0.00709279696935666
v7,volume_ratio_20d,出来高比,当日出来高と20日平均出来高の比率,True,業種,銀行業,3d,3営業日,1,76,72,0.009102941015345652,0.007424436053113825,0.6527777777777778,評価可能,-0.004920816296727533
v7,volume_ratio_20d,出来高比,当日出来高と20日平均出来高の比率,True,業種,銀行業,3d,3営業日,2,76,68,-0.0007672671829340433,0.0039137680283668486,0.5441176470588235,評価可能,-0.004920816296727533
v7,volume_ratio_20d,出来高比,当日出来高と20日平均出来高の比率,True,業種,銀行業,3d,3営業日,3,77,72,-0.0007917361340343963,-0.007868756215328954,0.4583333333333333,評価可能,-0.004920816296727533
v7,volume_ratio_20d,出来高比,当日出来高と20日平均出来高の比率,True,業種,銀行業,3d,3営業日,4,38,37,0.013294795211058216,0.013071895424836555,0.5945945945945946,評価可能,-0.004920816296727533
v7,volume_ratio_20d,出来高比,当日出来高と20日平均出来高の比率,True,業種,銀行業,3d,3営業日,5,6,6,0.004182124718618119,0.008724779330984589,0.6666666666666666,サンプル不足,-0.004920816296727533
v7,volume_ratio_20d,出来高比,当日出来高と20日平均出来高の比率,True,業種,銀行業,5d,5営業日,1,76,71,0.018689920845125087,0.02257964738632845,0.6901408450704225,評価可能,-0.020369740037944763
v7,volume_ratio_20d,出来高比,当日出来高と20日平均出来高の比率,True,業種,銀行業,5d,5営業日,2,76,65,0.004292955485736473,0.006459766886673268,0.5692307692307692,評価可能,-0.020369740037944763
v7,volume_ratio_20d,出来高比,当日出来高と20日平均出来高の比率,True,業種,銀行業,5d,5営業日,3,77,71,0.0032548784788146447,0.0067725970304766125,0.5492957746478874,評価可能,-0.020369740037944763
v7,volume_ratio_20d,出来高比,当日出来高と20日平均出来高の比率,True,業種,銀行業,5d,5営業日,4,38,37,0.002216634814640955,0.0,0.4864864864864865,評価可能,-0.020369740037944763
v7,volume_ratio_20d,出来高比,当日出来高と20日平均出来高の比率,True,業種,銀行業,5d,5営業日,5,6,6,-0.001679819192819676,0.0040379458425800485,0.5,サンプル不足,-0.020369740037944763
v7,volume_ratio_20d,出来高比,当日出来高と20日平均出来高の比率,True,業種,陸運業,10d,10営業日,1,1,0,,,,サンプル不足,-0.03291771708363099
v7,volume_ratio_20d,出来高比,当日出来高と20日平均出来高の比率,True,業種,陸運業,10d,10営業日,2,4,3,-0.00720683643775466,0.05604321404456458,0.6666666666666666,サンプル不足,-0.03291771708363099
v7,volume_ratio_20d,出来高比,当日出来高と20日平均出来高の比率,True,業種,陸運業,10d,10営業日,3,6,5,0.017499449980329818,0.01116173120728936,0.8,サンプル不足,-0.03291771708363099
v7,volume_ratio_20d,出来高比,当日出来高と20日平均出来高の比率,True,業種,陸運業,10d,10営業日,4,12,7,0.03401464977138865,0.009960159362549792,0.5714285714285714,サンプル不足,-0.03291771708363099
v7,volume_ratio_20d,出来高比,当日出来高と20日平均出来高の比率,True,業種,陸運業,10d,10営業日,5,6,5,-0.04012455352138565,-0.03868852459016392,0.2,サンプル不足,-0.03291771708363099
v7,volume_ratio_20d,出来高比,当日出来高と20日平均出来高の比率,True,業種,陸運業,1d,1営業日,1,1,1,0.0848214285714286,0.0848214285714286,1.0,サンプル不足,-0.0907154050797595
v7,volume_ratio_20d,出来高比,当日出来高と20日平均出来高の比率,True,業種,陸運業,1d,1営業日,2,4,3,0.0099414450477604,0.00979068197164068,0.6666666666666666,サンプル不足,-0.0907154050797595
v7,volume_ratio_20d,出来高比,当日出来高と20日平均出来高の比率,True,業種,陸運業,1d,1営業日,3,6,6,0.004800214783820848,0.0010572929576272982,0.5,サンプル不足,-0.0907154050797595
v7,volume_ratio_20d,出来高比,当日出来高と20日平均出来高の比率,True,業種,陸運業,1d,1営業日,4,12,10,-0.004181238061752824,0.002418957664707122,0.5,サンプル不足,-0.0907154050797595
v7,volume_ratio_20d,出来高比,当日出来高と20日平均出来高の比率,True,業種,陸運業,1d,1営業日,5,6,6,-0.005893976508330905,-0.00137047576852295,0.5,サンプル不足,-0.0907154050797595
v7,volume_ratio_20d,出来高比,当日出来高と20日平均出来高の比率,True,業種,陸運業,3d,3営業日,1,1,0,,,,サンプル不足,0.015073180840975739
v7,volume_ratio_20d,出来高比,当日出来高と20日平均出来高の比率,True,業種,陸運業,3d,3営業日,2,4,3,-0.01441525064589222,-0.0005064145847399892,0.3333333333333333,サンプル不足,0.015073180840975739
v7,volume_ratio_20d,出来高比,当日出来高と20日平均出来高の比率,True,業種,陸運業,3d,3営業日,3,6,6,-0.01434497159277226,-0.004729904368053761,0.16666666666666666,サンプル不足,0.015073180840975739
v7,volume_ratio_20d,出来高比,当日出来高と20日平均出来高の比率,True,業種,陸運業,3d,3営業日,4,12,10,-0.01884724868406288,-0.0004959214959346925,0.5,サンプル不足,0.015073180840975739
v7,volume_ratio_20d,出来高比,当日出来高と20日平均出来高の比率,True,業種,陸運業,3d,3営業日,5,6,6,0.0006579301950835198,0.007847830354146485,0.6666666666666666,サンプル不足,0.015073180840975739
v7,volume_ratio_20d,出来高比,当日出来高と20日平均出来高の比率,True,業種,陸運業,5d,5営業日,1,1,0,,,,サンプル不足,0.02671826610529244
v7,volume_ratio_20d,出来高比,当日出来高と20日平均出来高の比率,True,業種,陸運業,5d,5営業日,2,4,3,-0.028748722497060248,-0.017487808979317343,0.3333333333333333,サンプル不足,0.02671826610529244
v7,volume_ratio_20d,出来高比,当日出来高と20日平均出来高の比率,True,業種,陸運業,5d,5営業日,3,6,6,-0.011766450988549912,-0.0017591438518072544,0.5,サンプル不足,0.02671826610529244
v7,volume_ratio_20d,出来高比,当日出来高と20日平均出来高の比率,True,業種,陸運業,5d,5営業日,4,12,10,-0.013670733508885258,-0.019405728793755517,0.4,サンプル不足,0.02671826610529244
v7,volume_ratio_20d,出来高比,当日出来高と20日平均出来高の比率,True,業種,陸運業,5d,5営業日,5,6,6,-0.0020304563917678104,0.0045791868311635,0.6666666666666666,サンプル不足,0.02671826610529244
v7,volume_ratio_20d,出来高比,当日出来高と20日平均出来高の比率,True,業種,電気・ガス業,10d,10営業日,1,2,2,-0.07865116279069766,-0.07865116279069766,0.0,サンプル不足,0.05297095070708531
v7,volume_ratio_20d,出来高比,当日出来高と20日平均出来高の比率,True,業種,電気・ガス業,10d,10営業日,2,3,3,-0.0629778154344574,-0.0632793017456359,0.0,サンプル不足,0.05297095070708531
v7,volume_ratio_20d,出来高比,当日出来高と20日平均出来高の比率,True,業種,電気・ガス業,10d,10営業日,3,8,5,0.024359548973615697,0.06951158526421075,0.6,サンプル不足,0.05297095070708531
v7,volume_ratio_20d,出来高比,当日出来高と20日平均出来高の比率,True,業種,電気・ガス業,10d,10営業日,4,4,3,0.011202304176910927,-0.01724704336399474,0.3333333333333333,サンプル不足,0.05297095070708531
v7,volume_ratio_20d,出来高比,当日出来高と20日平均出来高の比率,True,業種,電気・ガス業,10d,10営業日,5,4,3,-0.02568021208361235,-0.0088737201365187,0.0,サンプル不足,0.05297095070708531
v7,volume_ratio_20d,出来高比,当日出来高と20日平均出来高の比率,True,業種,電気・ガス業,1d,1営業日,1,2,2,-0.021950904392764863,-0.021950904392764863,0.0,サンプル不足,0.028145078360296984
v7,volume_ratio_20d,出来高比,当日出来高と20日平均出来高の比率,True,業種,電気・ガス業,1d,1営業日,2,3,3,-0.012686817846944476,0.008191556395715116,0.6666666666666666,サンプル不足,0.028145078360296984
v7,volume_ratio_20d,出来高比,当日出来高と20日平均出来高の比率,True,業種,電気・ガス業,1d,1営業日,3,8,8,0.004514852335646025,0.0036507748650479455,0.625,サンプル不足,0.028145078360296984
v7,volume_ratio_20d,出来高比,当日出来高と20日平均出来高の比率,True,業種,電気・ガス業,1d,1営業日,4,4,4,-0.0013603527099149415,-0.003545734885167906,0.5,サンプル不足,0.028145078360296984
v7,volume_ratio_20d,出来高比,当日出来高と20日平均出来高の比率,True,業種,電気・ガス業,1d,1営業日,5,4,4,0.006194173967532121,-0.001262295117855833,0.5,サンプル不足,0.028145078360296984
v7,volume_ratio_20d,出来高比,当日出来高と20日平均出来高の比率,True,業種,電気・ガス業,3d,3営業日,1,2,2,-0.024003229974160163,-0.024003229974160163,0.0,サンプル不足,0.026424874573642017
v7,volume_ratio_20d,出来高比,当日出来高と20日平均出来高の比率,True,業種,電気・ガス業,3d,3営業日,2,3,3,0.0073369783758274005,0.016383112791430454,0.6666666666666666,サンプル不足,0.026424874573642017
v7,volume_ratio_20d,出来高比,当日出来高と20日平均出来高の比率,True,業種,電気・ガス業,3d,3営業日,3,8,8,0.002374218326179317,0.009270539780044107,0.625,サンプル不足,0.026424874573642017
v7,volume_ratio_20d,出来高比,当日出来高と20日平均出来高の比率,True,業種,電気・ガス業,3d,3営業日,4,4,4,0.009632681956565692,0.014299115118531547,0.75,サンプル不足,0.026424874573642017
v7,volume_ratio_20d,出来高比,当日出来高と20日平均出来高の比率,True,業種,電気・ガス業,3d,3営業日,5,4,4,0.0024216445994818536,0.0050271677535926864,0.75,サンプル不足,0.026424874573642017
v7,volume_ratio_20d,出来高比,当日出来高と20日平均出来高の比率,True,業種,電気・ガス業,5d,5営業日,1,2,2,-0.030852067183462555,-0.030852067183462555,0.0,サンプル不足,0.04064518275751206
v7,volume_ratio_20d,出来高比,当日出来高と20日平均出来高の比率,True,業種,電気・ガス業,5d,5営業日,2,3,3,-0.01704768664083515,0.010712035286704502,0.6666666666666666,サンプル不足,0.04064518275751206
v7,volume_ratio_20d,出来高比,当日出来高と20日平均出来高の比率,True,業種,電気・ガス業,5d,5営業日,3,8,8,0.009321332047806719,0.022576062473661507,0.625,サンプル不足,0.04064518275751206
v7,volume_ratio_20d,出来高比,当日出来高と20日平均出来高の比率,True,業種,電気・ガス業,5d,5営業日,4,4,4,0.026497131414447234,0.03731334565328104,0.75,サンプル不足,0.04064518275751206
v7,volume_ratio_20d,出来高比,当日出来高と20日平均出来高の比率,True,業種,電気・ガス業,5d,5営業日,5,4,4,0.009793115574049507,0.018378548160428915,0.75,サンプル不足,0.04064518275751206
v7,volume_ratio_20d,出来高比,当日出来高と20日平均出来高の比率,True,業種,電気機器,10d,10営業日,1,141,116,-0.0963701713409261,-0.08607051177016767,0.22413793103448276,評価可能,0.05691174491615712
v7,volume_ratio_20d,出来高比,当日出来高と20日平均出来高の比率,True,業種,電気機器,10d,10営業日,2,115,99,-0.10843407935147252,-0.08824141519250783,0.20202020202020202,評価可能,0.05691174491615712
v7,volume_ratio_20d,出来高比,当日出来高と20日平均出来高の比率,True,業種,電気機器,10d,10営業日,3,139,117,-0.09928114345213167,-0.08677098150782359,0.19658119658119658,評価可能,0.05691174491615712
v7,volume_ratio_20d,出来高比,当日出来高と20日平均出来高の比率,True,業種,電気機器,10d,10営業日,4,81,63,-0.07327563201910496,-0.05046189376443422,0.1746031746031746,評価可能,0.05691174491615712
v7,volume_ratio_20d,出来高比,当日出来高と20日平均出来高の比率,True,業種,電気機器,10d,10営業日,5,48,36,-0.039458426424768975,-0.07484313169244666,0.1111111111111111,評価可能,0.05691174491615712
v7,volume_ratio_20d,出来高比,当日出来高と20日平均出来高の比率,True,業種,電気機器,1d,1営業日,1,141,137,-0.0024633600740885738,-0.0032023911187020193,0.44525547445255476,評価可能,-0.009537844667071757
v7,volume_ratio_20d,出来高比,当日出来高と20日平均出来高の比率,True,業種,電気機器,1d,1営業日,2,115,115,-0.008801778805297577,-0.005883684091423369,0.43478260869565216,評価可能,-0.009537844667071757
v7,volume_ratio_20d,出来高比,当日出来高と20日平均出来高の比率,True,業種,電気機器,1d,1営業日,3,139,136,-0.008501353688344364,-0.01039035910722913,0.38235294117647056,評価可能,-0.009537844667071757
v7,volume_ratio_20d,出来高比,当日出来高と20日平均出来高の比率,True,業種,電気機器,1d,1営業日,4,81,79,-0.013537058928985641,-0.01597051597051602,0.4050632911392405,評価可能,-0.009537844667071757
v7,volume_ratio_20d,出来高比,当日出来高と20日平均出来高の比率,True,業種,電気機器,1d,1営業日,5,48,48,-0.01200120474116033,-0.024422847015412252,0.375,評価可能,-0.009537844667071757
v7,volume_ratio_20d,出来高比,当日出来高と20日平均出来高の比率,True,業種,電気機器,3d,3営業日,1,141,128,-0.016823568567702993,-0.022164855846303066,0.3515625,評価可能,-0.008925421102056966
v7,volume_ratio_20d,出来高比,当日出来高と20日平均出来高の比率,True,業種,電気機器,3d,3営業日,2,115,113,-0.0325747507912429,-0.026232948583420734,0.34513274336283184,評価可能,-0.008925421102056966
v7,volume_ratio_20d,出来高比,当日出来高と20日平均出来高の比率,True,業種,電気機器,3d,3営業日,3,139,132,-0.033020748636137146,-0.038305354819972104,0.32575757575757575,評価可能,-0.008925421102056966
v7,volume_ratio_20d,出来高比,当日出来高と20日平均出来高の比率,True,業種,電気機器,3d,3営業日,4,81,78,-0.020659374551239996,-0.022728281928854066,0.3717948717948718,評価可能,-0.008925421102056966
v7,volume_ratio_20d,出来高比,当日出来高と20日平均出来高の比率,True,業種,電気機器,3d,3営業日,5,48,44,-0.02574898966975996,-0.028394312852302817,0.3181818181818182,評価可能,-0.008925421102056966
v7,volume_ratio_20d,出来高比,当日出来高と20日平均出来高の比率,True,業種,電気機器,5d,5営業日,1,141,120,-0.030619975920410734,-0.030678520316346658,0.325,評価可能,0.004198308333202314
v7,volume_ratio_20d,出来高比,当日出来高と20日平均出来高の比率,True,業種,電気機器,5d,5営業日,2,115,102,-0.05649102465578313,-0.04248183094336938,0.24509803921568626,評価可能,0.004198308333202314
v7,volume_ratio_20d,出来高比,当日出来高と20日平均出来高の比率,True,業種,電気機器,5d,5営業日,3,139,129,-0.04757729734651809,-0.04417989417989421,0.2558139534883721,評価可能,0.004198308333202314
v7,volume_ratio_20d,出来高比,当日出来高と20日平均出来高の比率,True,業種,電気機器,5d,5営業日,4,81,73,-0.04043068843784861,-0.0317725752508361,0.2876712328767123,評価可能,0.004198308333202314
v7,volume_ratio_20d,出来高比,当日出来高と20日平均出来高の比率,True,業種,電気機器,5d,5営業日,5,48,42,-0.02642166758720842,-0.05696128491228325,0.35714285714285715,評価可能,0.004198308333202314
v7,volume_ratio_20d,出来高比,当日出来高と20日平均出来高の比率,True,業種,非鉄金属,10d,10営業日,1,7,7,-0.14416107973703557,-0.11852459016393446,0.0,サンプル不足,-0.05192937542155798
v7,volume_ratio_20d,出来高比,当日出来高と20日平均出来高の比率,True,業種,非鉄金属,10d,10営業日,2,6,5,-0.19632484896050756,-0.22732106339468305,0.0,サンプル不足,-0.05192937542155798
v7,volume_ratio_20d,出来高比,当日出来高と20日平均出来高の比率,True,業種,非鉄金属,10d,10営業日,3,6,5,-0.1902563742993176,-0.2054824088063889,0.0,サンプル不足,-0.05192937542155798
v7,volume_ratio_20d,出来高比,当日出来高と20日平均出来高の比率,True,業種,非鉄金属,10d,10営業日,4,9,7,-0.18895528022277178,-0.20810313075506448,0.0,サンプル不足,-0.05192937542155798
v7,volume_ratio_20d,出来高比,当日出来高と20日平均出来高の比率,True,業種,非鉄金属,10d,10営業日,5,6,5,-0.19609045515859355,-0.21812856482195164,0.0,サンプル不足,-0.05192937542155798
v7,volume_ratio_20d,出来高比,当日出来高と20日平均出来高の比率,True,業種,非鉄金属,1d,1営業日,1,7,7,0.01761071546862417,-0.000746547219111604,0.42857142857142855,サンプル不足,-0.039025511088053515
v7,volume_ratio_20d,出来高比,当日出来高と20日平均出来高の比率,True,業種,非鉄金属,1d,1営業日,2,6,6,-0.019358327650111418,-0.03174853279163764,0.3333333333333333,サンプル不足,-0.039025511088053515
v7,volume_ratio_20d,出来高比,当日出来高と20日平均出来高の比率,True,業種,非鉄金属,1d,1営業日,3,6,6,-0.01769889743493062,-0.023803237717092696,0.16666666666666666,サンプル不足,-0.039025511088053515
v7,volume_ratio_20d,出来高比,当日出来高と20日平均出来高の比率,True,業種,非鉄金属,1d,1営業日,4,9,8,-0.004159869350830292,-0.009721654529230628,0.5,サンプル不足,-0.039025511088053515
v7,volume_ratio_20d,出来高比,当日出来高と20日平均出来高の比率,True,業種,非鉄金属,1d,1営業日,5,6,6,-0.021414795619429345,-0.004353467246644871,0.5,サンプル不足,-0.039025511088053515
v7,volume_ratio_20d,出来高比,当日出来高と20日平均出来高の比率,True,業種,非鉄金属,3d,3営業日,1,7,7,-0.04712362529188149,-0.07116871305138694,0.2857142857142857,サンプル不足,0.00444659979250743
v7,volume_ratio_20d,出来高比,当日出来高と20日平均出来高の比率,True,業種,非鉄金属,3d,3営業日,2,6,6,-0.08718487025670814,-0.09112881306320436,0.0,サンプル不足,0.00444659979250743
v7,volume_ratio_20d,出来高比,当日出来高と20日平均出来高の比率,True,業種,非鉄金属,3d,3営業日,3,6,6,-0.06749339650931203,-0.06287998603540829,0.0,サンプル不足,0.00444659979250743
v7,volume_ratio_20d,出来高比,当日出来高と20日平均出来高の比率,True,業種,非鉄金属,3d,3営業日,4,9,8,-0.026843088932434575,-0.05935655355725089,0.25,サンプル不足,0.00444659979250743
v7,volume_ratio_20d,出来高比,当日出来高と20日平均出来高の比率,True,業種,非鉄金属,3d,3営業日,5,6,6,-0.042677025499374056,-0.03944707811045922,0.3333333333333333,サンプル不足,0.00444659979250743
v7,volume_ratio_20d,出来高比,当日出来高と20日平均出来高の比率,True,業種,非鉄金属,5d,5営業日,1,7,7,-0.08676016458777487,-0.08010432190760064,0.14285714285714285,サンプル不足,-0.01312387432356825
v7,volume_ratio_20d,出来高比,当日出来高と20日平均出来高の比率,True,業種,非鉄金属,5d,5営業日,2,6,5,-0.12320668193936786,-0.10022371364653249,0.0,サンプル不足,-0.01312387432356825
v7,volume_ratio_20d,出来高比,当日出来高と20日平均出来高の比率,True,業種,非鉄金属,5d,5営業日,3,6,5,-0.10620480651396955,-0.10278936964638696,0.0,サンプル不足,-0.01312387432356825
v7,volume_ratio_20d,出来高比,当日出来高と20日平均出来高の比率,True,業種,非鉄金属,5d,5営業日,4,9,8,-0.04766988862946284,-0.07396101846524578,0.25,サンプル不足,-0.01312387432356825
v7,volume_ratio_20d,出来高比,当日出来高と20日平均出来高の比率,True,業種,非鉄金属,5d,5営業日,5,6,5,-0.09988403891134312,-0.04086791657889188,0.0,サンプル不足,-0.01312387432356825
v7,volume_ratio_20d,出来高比,当日出来高と20日平均出来高の比率,True,業種,食料品,10d,10営業日,1,31,22,-0.030048595810579656,-0.01795450248590974,0.36363636363636365,サンプル不足,0.03638438023718595
v7,volume_ratio_20d,出来高比,当日出来高と20日平均出来高の比率,True,業種,食料品,10d,10営業日,2,36,25,0.028574839283006557,0.03843061585463903,0.72,サンプル不足,0.03638438023718595
v7,volume_ratio_20d,出来高比,当日出来高と20日平均出来高の比率,True,業種,食料品,10d,10営業日,3,19,16,0.00407106481887182,-0.004194606858592076,0.4375,サンプル不足,0.03638438023718595
v7,volume_ratio_20d,出来高比,当日出来高と20日平均出来高の比率,True,業種,食料品,10d,10営業日,4,23,16,0.013645211920660667,0.01929408866281175,0.5625,サンプル不足,0.03638438023718595
v7,volume_ratio_20d,出来高比,当日出来高と20日平均出来高の比率,True,業種,食料品,10d,10営業日,5,14,11,0.006335784426606297,0.01321856747617578,0.5454545454545454,サンプル不足,0.03638438023718595
v7,volume_ratio_20d,出来高比,当日出来高と20日平均出来高の比率,True,業種,食料品,1d,1営業日,1,31,31,0.002402545665398081,0.002680965147453085,0.5483870967741935,評価可能,-0.01687876815308056
v7,volume_ratio_20d,出来高比,当日出来高と20日平均出来高の比率,True,業種,食料品,1d,1営業日,2,36,36,0.0016838998875277522,-0.0004608294930875667,0.4722222222222222,評価可能,-0.01687876815308056
v7,volume_ratio_20d,出来高比,当日出来高と20日平均出来高の比率,True,業種,食料品,1d,1営業日,3,19,19,-0.006538486657733436,-0.008953380673047184,0.3684210526315789,サンプル不足,-0.01687876815308056
v7,volume_ratio_20d,出来高比,当日出来高と20日平均出来高の比率,True,業種,食料品,1d,1営業日,4,23,22,0.0015497479764200587,-0.00066050198150595,0.45454545454545453,サンプル不足,-0.01687876815308056
v7,volume_ratio_20d,出来高比,当日出来高と20日平均出来高の比率,True,業種,食料品,1d,1営業日,5,14,14,-0.01447622248768248,-0.005084933617253595,0.42857142857142855,サンプル不足,-0.01687876815308056
v7,volume_ratio_20d,出来高比,当日出来高と20日平均出来高の比率,True,業種,食料品,3d,3営業日,1,31,29,0.0004608903710912599,-0.011361650061178064,0.4482758620689655,サンプル不足,-0.02354781294562121
v7,volume_ratio_20d,出来高比,当日出来高と20日平均出来高の比率,True,業種,食料品,3d,3営業日,2,36,34,0.0013423744973155493,0.006685737211193921,0.5588235294117647,評価可能,-0.02354781294562121
v7,volume_ratio_20d,出来高比,当日出来高と20日平均出来高の比率,True,業種,食料品,3d,3営業日,3,19,19,-0.010560250999330585,-0.006690684508491973,0.47368421052631576,サンプル不足,-0.02354781294562121
v7,volume_ratio_20d,出来高比,当日出来高と20日平均出来高の比率,True,業種,食料品,3d,3営業日,4,23,21,-0.004282801412329988,-0.0035650623885917,0.47619047619047616,サンプル不足,-0.02354781294562121
v7,volume_ratio_20d,出来高比,当日出来高と20日平均出来高の比率,True,業種,食料品,3d,3営業日,5,14,13,-0.02308692257452995,-0.0184049079754601,0.15384615384615385,サンプル不足,-0.02354781294562121
v7,volume_ratio_20d,出来高比,当日出来高と20日平均出来高の比率,True,業種,食料品,5d,5営業日,1,31,28,-0.005374284017640067,-0.005694329407486709,0.4642857142857143,サンプル不足,-0.0021437207638368523
v7,volume_ratio_20d,出来高比,当日出来高と20日平均出来高の比率,True,業種,食料品,5d,5営業日,2,36,33,0.014361787028588497,0.011004366812227051,0.7272727272727273,評価可能,-0.0021437207638368523
v7,volume_ratio_20d,出来高比,当日出来高と20日平均出来高の比率,True,業種,食料品,5d,5営業日,3,19,19,0.0001355343261883848,0.01098901098901095,0.5789473684210527,サンプル不足,-0.0021437207638368523
v7,volume_ratio_20d,出来高比,当日出来高と20日平均出来高の比率,True,業種,食料品,5d,5営業日,4,23,21,-0.007114987225455592,-0.003784162578836736,0.42857142857142855,サンプル不足,-0.0021437207638368523
v7,volume_ratio_20d,出来高比,当日出来高と20日平均出来高の比率,True,業種,食料品,5d,5営業日,5,14,12,-0.00751800478147692,-0.013090478871089314,0.4166666666666667,サンプル不足,-0.0021437207638368523
